"","sample.name","start.day","end.day","new.cells","did.it.migrate","asymp","midp","sca","sample","start.sum","model.start.sum","model.end.sum","pop.growth","perc.clust","tsqrt","tsqrtnorm","cells","asymptote","midpoint","scale","Subsample"
"1","26B.1.4",8,9,3.89578272763804,"No",909.0273,13.3691,3.2372,"26B.1.4",145.403459391463,145.403459391463,187.193210926105,41.7897515346425,0.0267929163717461,1.97377372756809,0.0281802718212072,5.07342928522497,909.0273,13.3691,3.2372,1
"2","26B.1.4",8,9,2.56596579138571,"No",909.0273,13.3691,3.2372,"26B.1.4",145.403459391463,145.403459391463,187.193210926105,41.7897515346425,0.0176472128113368,1.6018632249308,0.02287037286415,3.52171299088317,909.0273,13.3691,3.2372,1
"3","26B.1.4",8,9,1.72442770871559,"No",909.0273,13.3691,3.2372,"26B.1.4",145.403459391463,145.403459391463,187.193210926105,41.7897515346425,0.0118596057888348,1.31317466801473,0.018748663322707,2.50792969057818,909.0273,13.3691,3.2372,1
"4","26B.1.4",8,9,10.5577769755833,"No",909.0273,13.3691,3.2372,"26B.1.4",145.403459391463,145.403459391463,187.193210926105,41.7897515346425,0.0726102186273241,3.24927329961383,0.0463910343549497,12.4964467747118,909.0273,13.3691,3.2372,1
"5","26B.1.4",8,9,10.9315208252793,"No",909.0273,13.3691,3.2372,"26B.1.4",145.403459391463,145.403459391463,187.193210926105,41.7897515346425,0.0751806103584431,3.30628504900579,0.0472050114448402,12.9042065247491,909.0273,13.3691,3.2372,1
"6","26B.1.4",8,9,4.20514843008017,"No",909.0273,13.3691,3.2372,"26B.1.4",145.403459391463,145.403459391463,187.193210926105,41.7897515346425,0.0289205528374594,2.05064585681686,0.0292778026412037,5.42866052793638,909.0273,13.3691,3.2372,1
"7","26B.1.4",8,9,2.76608787110064,"No",909.0273,13.3691,3.2372,"26B.1.4",145.403459391463,145.403459391463,187.193210926105,41.7897515346425,0.0190235354968663,1.66315599722354,0.0237454716456162,3.75840523124384,909.0273,13.3691,3.2372,1
"8","26B.1.4",8,9,2.06772364153856,"No",909.0273,13.3691,3.2372,"26B.1.4",145.403459391463,145.403459391463,187.193210926105,41.7897515346425,0.0142205945456341,1.43795815013461,0.0205302416241204,2.92567733795672,909.0273,13.3691,3.2372,1
"9","26B.1.4",8,9,9.8735169001999,"No",909.0273,13.3691,3.2372,"26B.1.4",145.403459391463,145.403459391463,187.193210926105,41.7897515346425,0.0679042778041333,3.14221528546341,0.0448625288848143,11.748310835512,909.0273,13.3691,3.2372,1
"10","26B.1.4",8,9,1.90127895094611,"No",909.0273,13.3691,3.2372,"26B.1.4",145.403459391463,145.403459391463,187.193210926105,41.7897515346425,0.0130758852568108,1.37886872143294,0.0196866007653353,2.72397710549118,909.0273,13.3691,3.2372,1
"11","26B.1.4",8,9,1.36897594531532,"Yes",909.0273,13.3691,3.2372,"26B.1.4",145.403459391463,145.403459391463,187.193210926105,41.7897515346425,0.0094150163348569,1.17003245481282,0.016704970866587,2.06707252722343,909.0273,13.3691,3.2372,1
"12","26B.1.4",8,9,3.63187638344723,"Yes",909.0273,13.3691,3.2372,"26B.1.4",145.403459391463,145.403459391463,187.193210926105,41.7897515346425,0.0249779227994109,1.90574824765687,0.0272090477706022,4.76893572927492,909.0273,13.3691,3.2372,1
"13","26B.1.4",8,9,1.07462782528484,"Yes",909.0273,13.3691,3.2372,"26B.1.4",145.403459391463,145.403459391463,187.193210926105,41.7897515346425,0.00739066202263919,1.03664257354444,0.0148005159334609,1.69313770872869,909.0273,13.3691,3.2372,1
"14","26B.1.4",8,9,0.97897897902089,"Yes",909.0273,13.3691,3.2372,"26B.1.4",145.403459391463,145.403459391463,187.193210926105,41.7897515346425,0.00673284516832046,0.989433665801245,0.0141264975117928,1.56932180009345,909.0273,13.3691,3.2372,1
"15","26B.1.4",8,9,0.66438615713926,"No",909.0273,13.3691,3.2372,"26B.1.4",145.403459391463,145.403459391463,187.193210926105,41.7897515346425,0.00456925963054679,0.815098863414285,0.0116374573292516,1.15071260742369,909.0273,13.3691,3.2372,1
"16","26B.1.4",8,9,2.02077111735191,"No",909.0273,13.3691,3.2372,"26B.1.4",145.403459391463,145.403459391463,187.193210926105,41.7897515346425,0.0138976825297636,1.42153829260837,0.0202958094590286,2.86892795183917,909.0273,13.3691,3.2372,1
"17","26B.1.4",8,9,1.1474149775086,"Yes",909.0273,13.3691,3.2372,"26B.1.4",145.403459391463,145.403459391463,187.193210926105,41.7897515346425,0.00789124950885431,1.07117457844583,0.0152935416896865,1.78652828480529,909.0273,13.3691,3.2372,1
"18","26B.1.4",8,9,5.82998279294758,"Yes",909.0273,13.3691,3.2372,"26B.1.4",145.403459391463,145.403459391463,187.193210926105,41.7897515346425,0.0400952138095408,2.41453573031081,0.0344731882139354,7.27060876301491,909.0273,13.3691,3.2372,1
"19","26B.1.4",8,9,1.27730715508573,"Yes",909.0273,13.3691,3.2372,"26B.1.4",145.403459391463,145.403459391463,187.193210926105,41.7897515346425,0.00878457197945267,1.13018014275855,0.0161359851866646,1.95162596680312,909.0273,13.3691,3.2372,1
"20","26B.1.4",8,9,5.07215403949854,"Yes",909.0273,13.3691,3.2372,"26B.1.4",145.403459391463,145.403459391463,187.193210926105,41.7897515346425,0.0348833106222255,2.25214432030866,0.0321546681062996,6.4158896303397,909.0273,13.3691,3.2372,1
"21","26B.1.4",8,9,3.55717546208966,"No",909.0273,13.3691,3.2372,"26B.1.4",145.403459391463,145.403459391463,187.193210926105,41.7897515346425,0.0244641735277621,1.88604757683619,0.0269277742633948,4.68248045793787,909.0273,13.3691,3.2372,1
"22","26B.1.4",8,9,4.0059839479183,"No",909.0273,13.3691,3.2372,"26B.1.4",145.403459391463,145.403459391463,187.193210926105,41.7897515346425,0.0275508159481487,2.00149542790342,0.028576064428984,5.20017058024348,909.0273,13.3691,3.2372,1
"23","26B.1.4",8,9,2.05150559817532,"No",909.0273,13.3691,3.2372,"26B.1.4",145.403459391463,145.403459391463,187.193210926105,41.7897515346425,0.0141090563234273,1.43230778751472,0.0204495693807457,2.90608802158712,909.0273,13.3691,3.2372,1
"24","26B.1.4",8,9,1.27754574594554,"Yes",909.0273,13.3691,3.2372,"26B.1.4",145.403459391463,145.403459391463,187.193210926105,41.7897515346425,0.00878621286792126,1.13028569217943,0.0161374921534104,1.9519275334288,909.0273,13.3691,3.2372,1
"25","26B.1.4",8,9,4.62296047290108,"Yes",909.0273,13.3691,3.2372,"26B.1.4",145.403459391463,145.403459391463,187.193210926105,41.7897515346425,0.031794019841405,2.15010708405444,0.0306978460737805,5.90581583297307,909.0273,13.3691,3.2372,1
"26","26B.1.4",8,9,2.44556464598441,"No",909.0273,13.3691,3.2372,"26B.1.4",145.403459391463,145.403459391463,187.193210926105,41.7897515346425,0.0168191641121848,1.56383012056438,0.0223273606615453,3.37861950045474,909.0273,13.3691,3.2372,1
"27","26B.1.4",8,9,2.1558098937213,"No",909.0273,13.3691,3.2372,"26B.1.4",145.403459391463,145.403459391463,187.193210926105,41.7897515346425,0.0148264002984779,1.46826765057373,0.0209629811773982,3.03184766855016,909.0273,13.3691,3.2372,1
"28","26B.1.4",8,9,1.20170542713488,"Yes",909.0273,13.3691,3.2372,"26B.1.4",145.403459391463,145.403459391463,187.193210926105,41.7897515346425,0.00826462748661008,1.09622325606369,0.0156511705982964,1.85576395766398,909.0273,13.3691,3.2372,1
"29","26B.1.4",8,9,0.833644882303032,"Yes",909.0273,13.3691,3.2372,"26B.1.4",145.403459391463,145.403459391463,187.193210926105,41.7897515346425,0.00573332220424447,0.91304155562769,0.013035820095421,1.37840856514098,909.0273,13.3691,3.2372,1
"30","26B.1.4",8,9,10.4833849818149,"No",909.0273,13.3691,3.2372,"26B.1.4",145.403459391463,145.403459391463,187.193210926105,41.7897515346425,0.0720985939790538,3.23780558122549,0.0462273056474292,12.415212598937,909.0273,13.3691,3.2372,1
"31","26B.1.4",8,9,2.79794436201776,"No",909.0273,13.3691,3.2372,"26B.1.4",145.403459391463,145.403459391463,187.193210926105,41.7897515346425,0.0192426258200982,1.67270570095811,0.0238818161735088,3.7959595261047,909.0273,13.3691,3.2372,1
"32","26B.1.4",8,9,2.12882200530837,"No",909.0273,13.3691,3.2372,"26B.1.4",145.403459391463,145.403459391463,187.193210926105,41.7897515346425,0.0146407933773917,1.45904832178663,0.02083135353052,2.9993590934791,909.0273,13.3691,3.2372,1
"33","26B.1.4",8,9,12.9907188627448,"No",909.0273,13.3691,3.2372,"26B.1.4",145.403459391463,145.403459391463,187.193210926105,41.7897515346425,0.0893425707827937,3.60426398349855,0.0514593630220829,15.1411928575686,909.0273,13.3691,3.2372,1
"34","26B.1.4",8,9,2.67298674592436,"No",909.0273,13.3691,3.2372,"26B.1.4",145.403459391463,145.403459391463,187.193210926105,41.7897515346425,0.0183832403789514,1.63492713780289,0.0233424381466058,3.64846143628378,909.0273,13.3691,3.2372,1
"35","26B.1.4",8,9,2.99400508166752,"No",909.0273,13.3691,3.2372,"26B.1.4",145.403459391463,145.403459391463,187.193210926105,41.7897515346425,0.0205910168451145,1.73031935828838,0.0247043869178167,4.02639527277876,909.0273,13.3691,3.2372,1
"36","26B.1.4",8,9,1.96795947682445,"No",909.0273,13.3691,3.2372,"26B.1.4",145.403459391463,145.403459391463,187.193210926105,41.7897515346425,0.0135344749365709,1.4028397901487,0.0200288442671207,2.80495990227348,909.0273,13.3691,3.2372,1
"37","26B.1.4",8,9,6.29539741971055,"No",909.0273,13.3691,3.2372,"26B.1.4",145.403459391463,145.403459391463,187.193210926105,41.7897515346425,0.0432960635603707,2.50906305614477,0.0358227885755812,7.79242285356212,909.0273,13.3691,3.2372,1
"38","26B.1.4",8,9,3.07365983361833,"No",909.0273,13.3691,3.2372,"26B.1.4",145.403459391463,145.403459391463,187.193210926105,41.7897515346425,0.0211388356678864,1.75318562440442,0.025030856758653,4.11969311826167,909.0273,13.3691,3.2372,1
"39","26B.1.4",8,9,4.29097935059087,"No",909.0273,13.3691,3.2372,"26B.1.4",145.403459391463,145.403459391463,187.193210926105,41.7897515346425,0.0295108477373876,2.07146792169004,0.0295750866914519,5.52691487504216,909.0273,13.3691,3.2372,1
"40","26B.10.4",8,9,1.22784650549204,"No",1028.765,14.221,7.089,"26B.10.4",302.132159983542,302.132159983542,333.084755255949,30.9525952724069,0.00406393846176099,1.1080823550134,0.00649594290135129,1.42891279703023,1028.765,14.221,7.089,1
"41","26B.10.4",8,9,0.654945679447615,"No",1028.765,14.221,7.089,"26B.10.4",302.132159983542,302.132159983542,333.084755255949,30.9525952724069,0.00216774566296846,0.809287142766777,0.00474430717755374,0.801794299362411,1028.765,14.221,7.089,1
"42","26B.10.4",8,9,0.816340696456201,"No",1028.765,14.221,7.089,"26B.10.4",302.132159983542,302.132159983542,333.084755255949,30.9525952724069,0.00270193248047699,0.903515742229321,0.00529670619285579,0.980287499520518,1028.765,14.221,7.089,1
"43","26B.10.4",8,9,2.40203051509442,"No",1028.765,14.221,7.089,"26B.10.4",302.132159983542,302.132159983542,333.084755255949,30.9525952724069,0.00795026426589365,1.54984854585679,0.00908572148457893,2.6832571749644,1028.765,14.221,7.089,1
"44","26B.10.4",8,9,1.09459949068027,"Yes",1028.765,14.221,7.089,"26B.10.4",302.132159983542,302.132159983542,333.084755255949,30.9525952724069,0.00362291617926371,1.04623108856517,0.00613335045196689,1.28444260488383,1028.765,14.221,7.089,1
"45","26B.10.4",8,9,0.460336692261031,"Yes",1028.765,14.221,7.089,"26B.10.4",302.132159983542,302.132159983542,333.084755255949,30.9525952724069,0.00152362691970993,0.678481165737879,0.00397747955495801,0.583450007129919,1028.765,14.221,7.089,1
"46","26B.10.4",8,9,1.30897022085963,"Yes",1028.765,14.221,7.089,"26B.10.4",302.132159983542,302.132159983542,333.084755255949,30.9525952724069,0.00433244253419077,1.14410236467705,0.00670710403483798,1.5165724974999,1028.765,14.221,7.089,1
"47","26B.10.4",8,9,4.08819803330075,"Yes",1028.765,14.221,7.089,"26B.10.4",302.132159983542,302.132159983542,333.084755255949,30.9525952724069,0.0135311581313404,2.02192928494068,0.011853213911511,4.45508576618102,1028.765,14.221,7.089,1
"48","26B.10.4",8,9,1.30847590900872,"No",1028.765,14.221,7.089,"26B.10.4",302.132159983542,302.132159983542,333.084755255949,30.9525952724069,0.00433080645595622,1.14388631821904,0.00670583749950428,1.51603898309341,1028.765,14.221,7.089,1
"49","26B.10.4",8,9,1.19593403141946,"Yes",1028.765,14.221,7.089,"26B.10.4",302.132159983542,302.132159983542,333.084755255949,30.9525952724069,0.00395831424064424,1.09358768803396,0.00641097040030337,1.39437020352343,1028.765,14.221,7.089,1
"50","26B.10.4",8,9,1.22127208408201,"Yes",1028.765,14.221,7.089,"26B.10.4",302.132159983542,302.132159983542,333.084755255949,30.9525952724069,0.00404217837700077,1.10511179709657,0.00647852851466282,1.42179935515712,1028.765,14.221,7.089,1
"51","26B.10.4",8,9,4.29220951003605,"Yes",1028.765,14.221,7.089,"26B.10.4",302.132159983542,302.132159983542,333.084755255949,30.9525952724069,0.0142063973271494,2.07176482980961,0.0121453662524103,4.66814011608206,1028.765,14.221,7.089,1
"52","26B.10.4",8,9,2.14444774852064,"No",1028.765,14.221,7.089,"26B.10.4",302.132159983542,302.132159983542,333.084755255949,30.9525952724069,0.00709771428714326,1.4643933039046,0.00858475477408937,2.41016818855589,1028.765,14.221,7.089,1
"53","26B.10.4",8,9,1.97694216959947,"No",1028.765,14.221,7.089,"26B.10.4",302.132159983542,302.132159983542,333.084755255949,30.9525952724069,0.00654330267160954,1.40603775539616,0.00824265537202525,2.2320737452997,1028.765,14.221,7.089,1
"54","26B.10.4",8,9,1.50345897747205,"No",1028.765,14.221,7.089,"26B.10.4",302.132159983542,302.132159983542,333.084755255949,30.9525952724069,0.00497616333711031,1.22615617988576,0.0071881304639858,1.72595027048906,1028.765,14.221,7.089,1
"55","26B.10.4",8,9,5.87762377799945,"No",1028.765,14.221,7.089,"26B.10.4",302.132159983542,302.132159983542,333.084755255949,30.9525952724069,0.0194538170922275,2.4243811123665,0.0142125187769612,6.31753811950421,1028.765,14.221,7.089,1
"56","26B.10.4",8,9,1.45677414256614,"Yes",1028.765,14.221,7.089,"26B.10.4",302.132159983542,302.132159983542,333.084755255949,30.9525952724069,0.0048216454105564,1.20696898989416,0.00707564885099116,1.67578383774054,1028.765,14.221,7.089,1
"57","26B.10.4",8,9,10.1896241480199,"Yes",1028.765,14.221,7.089,"26B.10.4",302.132159983542,302.132159983542,333.084755255949,30.9525952724069,0.0337257184027512,3.19211906858436,0.0187132509691375,10.7688478314986,1028.765,14.221,7.089,1
"58","26B.10.4",8,9,1.92984825980619,"No",1028.765,14.221,7.089,"26B.10.4",302.132159983542,302.132159983542,333.084755255949,30.9525952724069,0.00638743078496284,1.38918978538074,0.00814388703524175,2.18192269915223,1028.765,14.221,7.089,1
"59","26B.10.4",8,9,1.5497199112231,"No",1028.765,14.221,7.089,"26B.10.4",302.132159983542,302.132159983542,333.084755255949,30.9525952724069,0.00512927823144521,1.24487746835707,0.00729788080916465,1.77560826225544,1028.765,14.221,7.089,1
"60","26B.10.4",8,9,1.2745648137806,"Yes",1028.765,14.221,7.089,"26B.10.4",302.132159983542,302.132159983542,333.084755255949,30.9525952724069,0.00421856717884659,1.12896625892034,0.00661837120888912,1.47942057917189,1028.765,14.221,7.089,1
"61","26B.10.4",8,9,1.09972009709571,"Yes",1028.765,14.221,7.089,"26B.10.4",302.132159983542,302.132159983542,333.084755255949,30.9525952724069,0.0036398644128305,1.04867540120654,0.00614767981591675,1.29000674230212,1028.765,14.221,7.089,1
"62","26B.10.4",8,9,1.47635331029538,"Yes",1028.765,14.221,7.089,"26B.10.4",302.132159983542,302.132159983542,333.084755255949,30.9525952724069,0.00488644873281879,1.21505280144337,0.00712303881078191,1.69682984771516,1028.765,14.221,7.089,1
"63","26B.10.4",8,9,6.52247306407256,"Yes",1028.765,14.221,7.089,"26B.10.4",302.132159983542,302.132159983542,333.084755255949,30.9525952724069,0.021588145612926,2.55391328436824,0.0149718789358919,6.9858915732427,1028.765,14.221,7.089,1
"64","26B.10.4",8,9,1.18160278277239,"Yes",1028.765,14.221,7.089,"26B.10.4",302.132159983542,302.132159983542,333.084755255949,30.9525952724069,0.00391088053266741,1.08701553934265,0.00637244230494586,1.37884641033414,1028.765,14.221,7.089,1
"65","26B.10.4",8,9,0.788663193285941,"Yes",1028.765,14.221,7.089,"26B.10.4",302.132159983542,302.132159983542,333.084755255949,30.9525952724069,0.00261032520777961,0.888067110800721,0.00520614123871663,0.949806775978924,1028.765,14.221,7.089,1
"66","26B.10.4",8,9,1.09034114331705,"Yes",1028.765,14.221,7.089,"26B.10.4",302.132159983542,302.132159983542,333.084755255949,30.9525952724069,0.00360882185920377,1.04419401612778,0.00612140846391937,1.27981462199784,1028.765,14.221,7.089,1
"67","26B.10.4",8,9,1.29129998774819,"Yes",1028.765,14.221,7.089,"26B.10.4",302.132159983542,302.132159983542,333.084755255949,30.9525952724069,0.00427395742253498,1.13635381274856,0.00666167947711631,1.49749625643787,1028.765,14.221,7.089,1
"68","26B.10.4",8,9,1.45466624771012,"Yes",1028.765,14.221,7.089,"26B.10.4",302.132159983542,302.132159983542,333.084755255949,30.9525952724069,0.00481466867939302,1.20609545547196,0.00707052790514872,1.67351743632045,1028.765,14.221,7.089,1
"69","26B.10.4",8,9,1.11205528103281,"Yes",1028.765,14.221,7.089,"26B.10.4",302.132159983542,302.132159983542,333.084755255949,30.9525952724069,0.0036806915261632,1.05454031740508,0.00618206188199201,1.30340614041508,1028.765,14.221,7.089,1
"70","26B.10.4",8,9,15.9573510612498,"Yes",1028.765,14.221,7.089,"26B.10.4",302.132159983542,302.132159983542,333.084755255949,30.9525952724069,0.0528157977691586,3.99466532531197,0.0234180408575504,16.6822002019863,1028.765,14.221,7.089,1
"71","26B.10.4",8,9,1.86166441098143,"No",1028.765,14.221,7.089,"26B.10.4",302.132159983542,302.132159983542,333.084755255949,30.9525952724069,0.00616175521031208,1.36442823592208,0.00799872669521401,2.10924576107299,1028.765,14.221,7.089,1
"72","26B.10.4",8,9,2.08048319241943,"No",1028.765,14.221,7.089,"26B.10.4",302.132159983542,302.132159983542,333.084755255949,30.9525952724069,0.0068860037691213,1.44238801728919,0.00845575255260748,2.34221067890391,1028.765,14.221,7.089,1
"73","26B.10.4",8,9,1.8623516274316,"No",1028.765,14.221,7.089,"26B.10.4",302.132159983542,302.132159983542,333.084755255949,30.9525952724069,0.00616402976608995,1.36468004580986,0.00800020288752556,2.10997866950632,1028.765,14.221,7.089,1
"74","26B.10.4",8,9,5.22365555756089,"No",1028.765,14.221,7.089,"26B.10.4",302.132159983542,302.132159983542,333.084755255949,30.9525952724069,0.0172893066327181,2.28553178878809,0.0133985384137005,5.63837509432196,1028.765,14.221,7.089,1
"75","26B.10.4",8,9,2.35567550323675,"No",1028.765,14.221,7.089,"26B.10.4",302.132159983542,302.132159983542,333.084755255949,30.9525952724069,0.00779683799091453,1.53482100038954,0.00899762507472178,2.63417535058747,1028.765,14.221,7.089,1
"76","26B.10.4",8,9,1.28117260604864,"Yes",1028.765,14.221,7.089,"26B.10.4",302.132159983542,302.132159983542,333.084755255949,30.9525952724069,0.00424043771480146,1.13188895482227,0.00663550501271787,1.48655870713532,1028.765,14.221,7.089,1
"77","26B.10.4",8,9,0.766883530483505,"Yes",1028.765,14.221,7.089,"26B.10.4",302.132159983542,302.132159983542,333.084755255949,30.9525952724069,0.00253823866524265,0.87571886498094,0.00513375176386015,0.925786471059274,1028.765,14.221,7.089,1
"78","26B.10.4",8,9,2.06711813324446,"No",1028.765,14.221,7.089,"26B.10.4",302.132159983542,302.132159983542,333.084755255949,30.9525952724069,0.00684176796457903,1.43774759024123,0.00842854884432259,2.32800359435649,1028.765,14.221,7.089,1
"79","26B.10.4",8,9,1.93217607145058,"No",1028.765,14.221,7.089,"26B.10.4",302.132159983542,302.132159983542,333.084755255949,30.9525952724069,0.00639513539887919,1.3900273635618,0.00814879719378274,2.18440249294666,1028.765,14.221,7.089,1
"80","26B.10.4",8,9,2.05878722760517,"No",1028.765,14.221,7.089,"26B.10.4",302.132159983542,302.132159983542,333.084755255949,30.9525952724069,0.00681419425101029,1.43484745795683,0.00841154731583457,2.3191464472869,1028.765,14.221,7.089,1
"81","26B.10.4",8,9,1.32669866332086,"Yes",1028.765,14.221,7.089,"26B.10.4",302.132159983542,302.132159983542,333.084755255949,30.9525952724069,0.00439112030772602,1.1518240591865,0.00675237114554331,1.53570207451794,1028.765,14.221,7.089,1
"82","26B.10.4",8,9,0.402650178023414,"Yes",1028.765,14.221,7.089,"26B.10.4",302.132159983542,302.132159983542,333.084755255949,30.9525952724069,0.00133269552650518,0.634547222847452,0.00371992434423183,0.517791490694395,1028.765,14.221,7.089,1
"83","26B.10.4",8,9,1.14569287713617,"Yes",1028.765,14.221,7.089,"26B.10.4",302.132159983542,302.132159983542,333.084755255949,30.9525952724069,0.00379202557317493,1.07037043921073,0.0062748632580862,1.33991617995341,1028.765,14.221,7.089,1
"84","26B.10.4",8,9,0.481506728132423,"Yes",1028.765,14.221,7.089,"26B.10.4",302.132159983542,302.132159983542,333.084755255949,30.9525952724069,0.00159369571302391,0.693906858398462,0.00406791003450097,0.607419101034895,1028.765,14.221,7.089,1
"85","26B.10.4",8,9,8.10332330718121,"No",1028.765,14.221,7.089,"26B.10.4",302.132159983542,302.132159983542,333.084755255949,30.9525952724069,0.0268204593235709,2.8466336798368,0.0166879020874399,8.61985718643929,1028.765,14.221,7.089,1
"86","26B.10.4",8,9,2.34608283725325,"No",1028.765,14.221,7.089,"26B.10.4",302.132159983542,302.132159983542,333.084755255949,30.9525952724069,0.00776508809052651,1.53169280120175,0.00897928654309909,2.62401505945677,1028.765,14.221,7.089,1
"87","26B.10.4",8,9,2.42552945057837,"No",1028.765,14.221,7.089,"26B.10.4",302.132159983542,302.132159983542,333.084755255949,30.9525952724069,0.00802804127409176,1.55741113729752,0.00913005588081128,2.70812837507158,1028.765,14.221,7.089,1
"88","26B.10.4",8,9,1.4346442198426,"No",1028.765,14.221,7.089,"26B.10.4",302.132159983542,302.132159983542,333.084755255949,30.9525952724069,0.0047483995742815,1.19776634609702,0.0070216999288941,1.65198405586595,1028.765,14.221,7.089,1
"89","26B.10.4",8,9,1.58915393903439,"No",1028.765,14.221,7.089,"26B.10.4",302.132159983542,302.132159983542,333.084755255949,30.9525952724069,0.00525979736523564,1.26061649165572,0.00739014813587421,1.81789820328723,1028.765,14.221,7.089,1
"90","26B.10.4",8,9,1.65261727211092,"No",1028.765,14.221,7.089,"26B.10.4",302.132159983542,302.132159983542,333.084755255949,30.9525952724069,0.00546984893035203,1.28554162597363,0.0075362674641038,1.88588430879194,1028.765,14.221,7.089,1
"91","26B.10.4",8,9,1.01756840484682,"Yes",1028.765,14.221,7.089,"26B.10.4",302.132159983542,302.132159983542,333.084755255949,30.9525952724069,0.00336795793239043,1.00874595654546,0.00591360028976284,1.20060968121864,1028.765,14.221,7.089,1
"92","26B.10.4",8,9,13.1176541010913,"Yes",1028.765,14.221,7.089,"26B.10.4",302.132159983542,302.132159983542,333.084755255949,30.9525952724069,0.0434169407910957,3.62183021428273,0.0212323589162153,13.7748507133034,1028.765,14.221,7.089,1
"93","26B.10.4",8,9,2.39667789197404,"No",1028.765,14.221,7.089,"26B.10.4",302.132159983542,302.132159983542,333.084755255949,30.9525952724069,0.0079325481011508,1.54812076143111,0.0090755926444938,2.67759103795629,1028.765,14.221,7.089,1
"94","26B.10.4",8,9,2.36498231053974,"No",1028.765,14.221,7.089,"26B.10.4",302.132159983542,302.132159983542,333.084755255949,30.9525952724069,0.00782764175342527,1.53784989857259,0.00901538147122255,2.64403176444484,1028.765,14.221,7.089,1
"95","26B.10.4",8,9,1.85168806074821,"No",1028.765,14.221,7.089,"26B.10.4",302.132159983542,302.132159983542,333.084755255949,30.9525952724069,0.00612873538801389,1.36076745285453,0.00797726598187133,2.09860514606541,1028.765,14.221,7.089,1
"96","26B.10.4",8,9,1.82460148109186,"No",1028.765,14.221,7.089,"26B.10.4",302.132159983542,302.132159983542,333.084755255949,30.9525952724069,0.00603908395978519,1.35077810209222,0.0079187051250181,2.06970595590808,1028.765,14.221,7.089,1
"97","26B.10.4",8,9,1.45274343850091,"Yes",1028.765,14.221,7.089,"26B.10.4",302.132159983542,302.132159983542,333.084755255949,30.9525952724069,0.00480830454652708,1.20529807039624,0.00706585337179945,1.67144993817239,1028.765,14.221,7.089,1
"98","26B.10.4",8,9,0.113589643277131,"Yes",1028.765,14.221,7.089,"26B.10.4",302.132159983542,302.132159983542,333.084755255949,30.9525952724069,0.000375960120509246,0.337030626615937,0.0019757842876916,0.17474529467963,1028.765,14.221,7.089,1
"99","26B.10.4",8,9,1.29691566416994,"Yes",1028.765,14.221,7.089,"26B.10.4",302.132159983542,302.132159983542,333.084755255949,30.9525952724069,0.00429254424368655,1.13882205114317,0.00667614910169411,1.50355980529292,1028.765,14.221,7.089,1
"100","26B.10.4",8,9,10.1768132870761,"Yes",1028.765,14.221,7.089,"26B.10.4",302.132159983542,302.132159983542,333.084755255949,30.9525952724069,0.033683316888975,3.19011179852307,0.0187014836924124,10.7556727428009,1028.765,14.221,7.089,1
"101","26B.10.4",8,9,2.31335730190611,"No",1028.765,14.221,7.089,"26B.10.4",302.132159983542,302.132159983542,333.084755255949,30.9525952724069,0.00765677279119219,1.52097248558483,0.00891644053005966,2.58934427690353,1028.765,14.221,7.089,1
"102","26B.10.4",8,9,2.38790292506201,"No",1028.765,14.221,7.089,"26B.10.4",302.132159983542,302.132159983542,333.084755255949,30.9525952724069,0.00790350462920626,1.54528409202386,0.00905896315624672,2.66830134522496,1028.765,14.221,7.089,1
"103","26B.10.4",8,9,2.42765903732817,"No",1028.765,14.221,7.089,"26B.10.4",302.132159983542,302.132159983542,333.084755255949,30.9525952724069,0.00803508980129891,1.5580946817598,0.00913406304307442,2.7103819938931,1028.765,14.221,7.089,1
"104","26B.10.4",8,9,1.68471347797931,"No",1028.765,14.221,7.089,"26B.10.4",302.132159983542,302.132159983542,333.084755255949,30.9525952724069,0.00557608126877684,1.29796512972395,0.00760909812568025,1.92023481265152,1028.765,14.221,7.089,1
"105","26B.10.4",8,9,1.1336893573869,"Yes",1028.765,14.221,7.089,"26B.10.4",302.132159983542,302.132159983542,333.084755255949,30.9525952724069,0.00375229620523899,1.06474849489769,0.00624190557304877,1.32689253431806,1028.765,14.221,7.089,1
"106","26B.10.4",8,9,1.38578297403641,"Yes",1028.765,14.221,7.089,"26B.10.4",302.132159983542,302.132159983542,333.084755255949,30.9525952724069,0.00458667814148583,1.17719283638511,0.00690109125412881,1.59938965856341,1028.765,14.221,7.089,1
"107","26B.10.4",8,9,1.328730631785,"Yes",1028.765,14.221,7.089,"26B.10.4",302.132159983542,302.132159983542,333.084755255949,30.9525952724069,0.00439784573696948,1.15270578717425,0.00675754012475956,1.53789403630373,1028.765,14.221,7.089,1
"108","26B.10.4",8,9,1.2183785272832,"Yes",1028.765,14.221,7.089,"26B.10.4",302.132159983542,302.132159983542,333.084755255949,30.9525952724069,0.00403260125419807,1.1038018514585,0.00647084918286017,1.41866810310906,1028.765,14.221,7.089,1
"109","26B.10.4",8,9,1.10066105747828,"Yes",1028.765,14.221,7.089,"26B.10.4",302.132159983542,302.132159983542,333.084755255949,30.9525952724069,0.00364297881277597,1.04912394762406,0.00615030934241681,1.29102909335421,1028.765,14.221,7.089,1
"110","26B.10.4",8,9,9.02224899987361,"Yes",1028.765,14.221,7.089,"26B.10.4",302.132159983542,302.132159983542,333.084755255949,30.9525952724069,0.0298619286353531,3.00370587772398,0.0176087109282706,9.56728430250517,1028.765,14.221,7.089,1
"111","26B.10.4",8,9,1.65211261301644,"No",1028.765,14.221,7.089,"26B.10.4",302.132159983542,302.132159983542,333.084755255949,30.9525952724069,0.00546817860470872,1.28534532831315,0.00753511670271104,1.8853440306458,1028.765,14.221,7.089,1
"112","26B.10.4",8,9,0.291458189841172,"No",1028.765,14.221,7.089,"26B.10.4",302.132159983542,302.132159983542,333.084755255949,30.9525952724069,0.000964671188452922,0.539868678329436,0.00316488760315437,0.389419674904267,1028.765,14.221,7.089,1
"113","26B.10.4",8,9,2.05097962415991,"No",1028.765,14.221,7.089,"26B.10.4",302.132159983542,302.132159983542,333.084755255949,30.9525952724069,0.00678835256819942,1.43212416506388,0.00839558247797192,2.31084469067669,1028.765,14.221,7.089,1
"114","26B.10.4",8,9,6.33217490852524,"No",1028.765,14.221,7.089,"26B.10.4",302.132159983542,302.132159983542,333.084755255949,30.9525952724069,0.0209582949027014,2.51638131222699,0.0147518541815029,6.78878308052287,1028.765,14.221,7.089,1
"115","26B.10.4",8,9,2.35571877812467,"No",1028.765,14.221,7.089,"26B.10.4",302.132159983542,302.132159983542,333.084755255949,30.9525952724069,0.00779698122256495,1.53483509802345,0.00899770771968453,2.63422118355147,1028.765,14.221,7.089,1
"116","26B.10.4",8,9,1.99125420087569,"No",1028.765,14.221,7.089,"26B.10.4",302.132159983542,302.132159983542,333.084755255949,30.9525952724069,0.00659067277374298,1.41111806765972,0.00827243783199836,2.24730762100568,1028.765,14.221,7.089,1
"117","26B.10.4",8,9,1.89074109319351,"No",1028.765,14.221,7.089,"26B.10.4",302.132159983542,302.132159983542,333.084755255949,30.9525952724069,0.00625799349958807,1.37504221505869,0.00806094932886179,2.14024839528115,1028.765,14.221,7.089,1
"118","26B.10.4",8,9,1.39897981430068,"No",1028.765,14.221,7.089,"26B.10.4",302.132159983542,302.132159983542,333.084755255949,30.9525952724069,0.00463035717342002,1.18278477091172,0.00693387301193643,1.61360117930941,1028.765,14.221,7.089,1
"119","26B.10.4",8,9,1.54212594468768,"No",1028.765,14.221,7.089,"26B.10.4",302.132159983542,302.132159983542,333.084755255949,30.9525952724069,0.00510414364618346,1.2418236367084,0.00727997824449487,1.76746016488146,1028.765,14.221,7.089,1
"120","26B.10.4",8,9,1.16532830653479,"Yes",1028.765,14.221,7.089,"26B.10.4",302.132159983542,302.132159983542,333.084755255949,30.9525952724069,0.00385701511086497,1.07950373159836,0.00632840561943054,1.36120888439265,1028.765,14.221,7.089,1
"121","26B.10.4",8,9,1.10416821759893,"Yes",1028.765,14.221,7.089,"26B.10.4",302.132159983542,302.132159983542,333.084755255949,30.9525952724069,0.00365458684589907,1.05079408905785,0.00616010026034096,1.29483930779471,1028.765,14.221,7.089,1
"122","26B.10.4",8,9,12.3186953617179,"Yes",1028.765,14.221,7.089,"26B.10.4",302.132159983542,302.132159983542,333.084755255949,30.9525952724069,0.0407725392834345,3.50979990337311,0.0205756004184403,12.9555635939566,1028.765,14.221,7.089,1
"123","26B.10.4",8,9,2.45315368176208,"No",1028.765,14.221,7.089,"26B.10.4",302.132159983542,302.132159983542,333.084755255949,30.9525952724069,0.00811947222664319,1.5662546669562,0.00918189955781711,2.73735730260709,1028.765,14.221,7.089,1
"124","26B.10.4",8,9,1.02806911863387,"Yes",1028.765,14.221,7.089,"26B.10.4",302.132159983542,302.132159983542,333.084755255949,30.9525952724069,0.00340271329834556,1.01393743329353,0.00594403443247483,1.21205241070751,1028.765,14.221,7.089,1
"125","26B.10.4",8,9,1.02897425289303,"Yes",1028.765,14.221,7.089,"26B.10.4",302.132159983542,302.132159983542,333.084755255949,30.9525952724069,0.00340570912063475,1.01438368130261,0.00594665048494935,1.21303851858013,1028.765,14.221,7.089,1
"126","26B.10.4",8,9,1.54722154627236,"No",1028.765,14.221,7.089,"26B.10.4",302.132159983542,302.132159983542,333.084755255949,30.9525952724069,0.00512100911851502,1.24387360542475,0.00729199583476754,1.77292774207399,1028.765,14.221,7.089,1
"127","26B.10.4",8,9,1.61399873956499,"No",1028.765,14.221,7.089,"26B.10.4",302.132159983542,302.132159983542,333.084755255949,30.9525952724069,0.00534202893082587,1.27043250098736,0.00744769280829762,1.84452416077344,1028.765,14.221,7.089,1
"128","26B.10.4",8,9,12.7641638283034,"No",1028.765,14.221,7.089,"26B.10.4",302.132159983542,302.132159983542,333.084755255949,30.9525952724069,0.042246955203308,3.57269699643048,0.0209443238470854,13.4124450075964,1028.765,14.221,7.089,1
"129","26B.10.4",8,9,1.39366090067096,"No",1028.765,14.221,7.089,"26B.10.4",302.132159983542,302.132159983542,333.084755255949,30.9525952724069,0.00461275258068151,1.18053415904452,0.00692067918557846,1.60787388251234,1028.765,14.221,7.089,1
"130","26B.10.4",8,9,1.46448689320967,"No",1028.765,14.221,7.089,"26B.10.4",302.132159983542,302.132159983542,333.084755255949,30.9525952724069,0.00484717314862953,1.21015986266677,0.00709435479576374,1.6840755859218,1028.765,14.221,7.089,1
"131","26B.10.4",8,9,7.65838550600922,"No",1028.765,14.221,7.089,"26B.10.4",302.132159983542,302.132159983542,333.084755255949,30.9525952724069,0.0253477998053117,2.76737881505392,0.0162232840254749,8.16053825043905,1028.765,14.221,7.089,1
"132","26B.10.4",8,9,2.06397186095153,"No",1028.765,14.221,7.089,"26B.10.4",302.132159983542,302.132159983542,333.084755255949,30.9525952724069,0.00683135440154389,1.43665300645338,0.00842213203445782,2.32465870514488,1028.765,14.221,7.089,1
"133","26B.10.4",8,9,1.93493478421403,"No",1028.765,14.221,7.089,"26B.10.4",302.132159983542,302.132159983542,333.084755255949,30.9525952724069,0.00640426621356505,1.39101933279665,0.00815461244341674,2.18734120277844,1028.765,14.221,7.089,1
"134","26B.10.4",8,9,1.51422949343899,"No",1028.765,14.221,7.089,"26B.10.4",302.132159983542,302.132159983542,333.084755255949,30.9525952724069,0.00501181169697881,1.23054032580773,0.00721383176809142,1.73751630851995,1028.765,14.221,7.089,1
"135","26B.10.4",8,9,1.19028242775472,"Yes",1028.765,14.221,7.089,"26B.10.4",302.132159983542,302.132159983542,333.084755255949,30.9525952724069,0.00393960850714984,1.09100065433286,0.00639580435860061,1.38824917150798,1028.765,14.221,7.089,1
"136","26B.10.4",8,9,1.44678880500607,"Yes",1028.765,14.221,7.089,"26B.10.4",302.132159983542,302.132159983542,333.084755255949,30.9525952724069,0.00478859584191528,1.20282534268533,0.00705135742937419,1.66504661763857,1028.765,14.221,7.089,1
"137","26B.10.4",8,9,8.72355617725715,"Yes",1028.765,14.221,7.089,"26B.10.4",302.132159983542,302.132159983542,333.084755255949,30.9525952724069,0.0288733121880582,2.95356668745724,0.0173147785182659,9.2594935089644,1028.765,14.221,7.089,1
"138","26B.10.4",8,9,2.32890587528102,"No",1028.765,14.221,7.089,"26B.10.4",302.132159983542,302.132159983542,333.084755255949,30.9525952724069,0.00770823561254746,1.52607531769602,0.00894635500878005,2.60581878103106,1028.765,14.221,7.089,1
"139","26B.10.4",8,9,1.8390967841565,"No",1028.765,14.221,7.089,"26B.10.4",302.132159983542,302.132159983542,333.084755255949,30.9525952724069,0.00608706065668971,1.35613302598104,0.00795009744858095,2.08517293285862,1028.765,14.221,7.089,1
"140","26B.10.4",8,9,1.55494742402843,"No",1028.765,14.221,7.089,"26B.10.4",302.132159983542,302.132159983542,333.084755255949,30.9525952724069,0.00514658030483458,1.2469753101118,0.00731017904692034,1.78121643743658,1028.765,14.221,7.089,1
"141","26B.10.4",8,9,1.27169679713052,"No",1028.765,14.221,7.089,"26B.10.4",302.132159983542,302.132159983542,333.084755255949,30.9525952724069,0.00420907458907982,1.12769534765846,0.00661092070942709,1.47632195022739,1028.765,14.221,7.089,1
"142","26B.10.4",8,9,1.24278474230319,"Yes",1028.765,14.221,7.089,"26B.10.4",302.132159983542,302.132159983542,333.084755255949,30.9525952724069,0.00411338118514392,1.11480255754245,0.00653533893695888,1.44507044338688,1028.765,14.221,7.089,1
"143","26B.10.4",8,9,1.28531172620598,"Yes",1028.765,14.221,7.089,"26B.10.4",302.132159983542,302.132159983542,333.084755255949,30.9525952724069,0.00425413741548069,1.13371589307286,0.00664621512510837,1.49102933306681,1028.765,14.221,7.089,1
"144","26B.10.4",8,9,8.23042708536969,"Yes",1028.765,14.221,7.089,"26B.10.4",302.132159983542,302.132159983542,333.084755255949,30.9525952724069,0.0272411486609636,2.86887209289116,0.0168182709727165,8.75099621996985,1028.765,14.221,7.089,1
"145","26B.10.4",8,9,1.87917865631402,"No",1028.765,14.221,7.089,"26B.10.4",302.132159983542,302.132159983542,333.084755255949,30.9525952724069,0.00621972403208049,1.37083137413543,0.00803626399560977,2.12792188327235,1028.765,14.221,7.089,1
"146","26B.10.4",8,9,2.21267201700112,"No",1028.765,14.221,7.089,"26B.10.4",302.132159983542,302.132159983542,333.084755255949,30.9525952724069,0.00732352364316879,1.48750529982287,0.00872024488918962,2.48258622773249,1028.765,14.221,7.089,1
"147","26B.10.4",8,9,1.27356668555812,"No",1028.765,14.221,7.089,"26B.10.4",302.132159983542,302.132159983542,333.084755255949,30.9525952724069,0.00421526356422135,1.12852411828818,0.00661577923520784,1.4783422226371,1028.765,14.221,7.089,1
"148","26B.10.4",8,9,0.533835628395022,"No",1028.765,14.221,7.089,"26B.10.4",302.132159983542,302.132159983542,333.084755255949,30.9525952724069,0.00176689442270595,0.730640560327047,0.00428325506657709,0.666413488919269,1028.765,14.221,7.089,1
"149","26B.10.4",8,9,1.79246603362279,"No",1028.765,14.221,7.089,"26B.10.4",302.132159983542,302.132159983542,333.084755255949,30.9525952724069,0.0059327217391238,1.33883009886348,0.00784866200375738,2.03540249205501,1028.765,14.221,7.089,1
"150","26B.10.4",8,9,4.80783306446137,"No",1028.765,14.221,7.089,"26B.10.4",302.132159983542,302.132159983542,333.084755255949,30.9525952724069,0.0159130132479881,2.19267714551444,0.012854193981085,5.2057037283109,1028.765,14.221,7.089,1
"151","26B.10.4",8,9,1.16132254668279,"Yes",1028.765,14.221,7.089,"26B.10.4",302.132159983542,302.132159983542,333.084755255949,30.9525952724069,0.00384375680743833,1.07764676340756,0.0063175194616621,1.35686616970517,1028.765,14.221,7.089,1
"152","26B.10.4",8,9,0.5552801109351,"Yes",1028.765,14.221,7.089,"26B.10.4",302.132159983542,302.132159983542,333.084755255949,30.9525952724069,0.00183787158230805,0.745171195722902,0.00436843842630191,0.690494617516853,1028.765,14.221,7.089,1
"153","26B.10.4",8,9,1.55944703574664,"No",1028.765,14.221,7.089,"26B.10.4",302.132159983542,302.132159983542,333.084755255949,30.9525952724069,0.00516147316403389,1.24877821719737,0.0073207482807244,1.78604319437108,1028.765,14.221,7.089,1
"154","26B.10.4",8,9,1.36404990301002,"Yes",1028.765,14.221,7.089,"26B.10.4",302.132159983542,302.132159983542,333.084755255949,30.9525952724069,0.00451474580886829,1.16792546980106,0.00684676290578583,1.57597498415894,1028.765,14.221,7.089,1
"155","26B.10.4",8,9,1.16934961176943,"Yes",1028.765,14.221,7.089,"26B.10.4",302.132159983542,302.132159983542,333.084755255949,30.9525952724069,0.0038703248665522,1.08136469878086,0.00633931522060244,1.36556787009695,1028.765,14.221,7.089,1
"156","26B.10.4",8,9,2.18745779483464,"Yes",1028.765,14.221,7.089,"26B.10.4",302.132159983542,302.132159983542,333.084755255949,30.9525952724069,0.00724006936220825,1.47900567775605,0.00867041731150165,2.45582971272042,1028.765,14.221,7.089,1
"157","26B.11.4",8,9,1.66293617398892,"No",1439.063,16.83,9.348,"26B.11.4",402.901240666672,402.901240666672,434.651558482576,31.7503178159033,0.00412740395447107,1.28954882574834,0.00535026817992176,1.83280888910175,1439.063,16.83,9.348,1
"158","26B.11.4",8,9,5.06912426866909,"No",1439.063,16.83,9.348,"26B.11.4",402.901240666672,402.901240666672,434.651558482576,31.7503178159033,0.0125815553714387,2.25147157847242,0.00934123354135798,5.36571140239978,1439.063,16.83,9.348,1
"159","26B.11.4",8,9,1.22345557003424,"No",1439.063,16.83,9.348,"26B.11.4",402.901240666672,402.901240666672,434.651558482576,31.7503178159033,0.00303661405462493,1.10609925867177,0.00458914586973655,1.36916240990191,1439.063,16.83,9.348,1
"160","26B.11.4",8,9,0.502315713196294,"No",1439.063,16.83,9.348,"26B.11.4",402.901240666672,402.901240666672,434.651558482576,31.7503178159033,0.00124674650384576,0.708742346128898,0.00294053357774647,0.59567858883808,1439.063,16.83,9.348,1
"161","26B.11.4",8,9,1.60776638972652,"No",1439.063,16.83,9.348,"26B.11.4",402.901240666672,402.901240666672,434.651558482576,31.7503178159033,0.00399047267034021,1.26797728281169,0.00526076901753154,1.7747974779892,1439.063,16.83,9.348,1
"162","26B.11.4",8,9,1.66089240035665,"No",1439.063,16.83,9.348,"26B.11.4",402.901240666672,402.901240666672,434.651558482576,31.7503178159033,0.00412233131277631,1.28875614464361,0.00534697938898433,1.83066069531199,1439.063,16.83,9.348,1
"163","26B.11.4",8,9,1.17379692110789,"No",1439.063,16.83,9.348,"26B.11.4",402.901240666672,402.901240666672,434.651558482576,31.7503178159033,0.00291336139637006,1.08341908839926,0.00449504707262137,1.31651609426106,1439.063,16.83,9.348,1
"164","26B.11.4",8,9,1.32883767198771,"Yes",1439.063,16.83,9.348,"26B.11.4",402.901240666672,402.901240666672,434.651558482576,31.7503178159033,0.0032981722016763,1.15275221621462,0.00478270646182649,1.48069012217088,1439.063,16.83,9.348,1
"165","26B.11.4",8,9,5.3572271462688,"Yes",1439.063,16.83,9.348,"26B.11.4",402.901240666672,402.901240666672,434.651558482576,31.7503178159033,0.0132966260848547,2.31456845789205,0.00960301907399598,5.66212605386035,1439.063,16.83,9.348,1
"166","26B.11.4",8,9,1.77518987473883,"No",1439.063,16.83,9.348,"26B.11.4",402.901240666672,402.901240666672,434.651558482576,31.7503178159033,0.00440601739473787,1.33236251626156,0.00552789986120761,1.95070245218666,1439.063,16.83,9.348,1
"167","26B.11.4",8,9,8.14588791090744,"No",1439.063,16.83,9.348,"26B.11.4",402.901240666672,402.901240666672,434.651558482576,31.7503178159033,0.0202180760164168,2.8541001928642,0.0118415069978668,8.52185952150895,1439.063,16.83,9.348,1
"168","26B.11.4",8,9,1.89974766796729,"No",1439.063,16.83,9.348,"26B.11.4",402.901240666672,402.901240666672,434.651558482576,31.7503178159033,0.00471516956568268,1.37831334172143,0.00571854734534333,2.08131336362723,1439.063,16.83,9.348,1
"169","26B.11.4",8,9,1.72370673680612,"No",1439.063,16.83,9.348,"26B.11.4",402.901240666672,402.901240666672,434.651558482576,31.7503178159033,0.00427823635875118,1.31290012445963,0.00544715145255191,1.896655526616,1439.063,16.83,9.348,1
"170","26B.11.4",8,9,1.77122376648535,"No",1439.063,16.83,9.348,"26B.11.4",402.901240666672,402.901240666672,434.651558482576,31.7503178159033,0.0043961735227088,1.33087330970508,0.00552172122392505,1.94654017023579,1439.063,16.83,9.348,1
"171","26B.11.4",8,9,1.11234350499231,"Yes",1439.063,16.83,9.348,"26B.11.4",402.901240666672,402.901240666672,434.651558482576,31.7503178159033,0.0027608341516937,1.05467696712895,0.00437579756939549,1.25127646851868,1439.063,16.83,9.348,1
"172","26B.11.4",8,9,0.0806720076922087,"Yes",1439.063,16.83,9.348,"26B.11.4",402.901240666672,402.901240666672,434.651558482576,31.7503178159033,0.00020022774702486,0.284028181158505,0.00117841752829448,0.11808713873539,1439.063,16.83,9.348,1
"173","26B.11.4",8,9,2.54506212510063,"No",1439.063,16.83,9.348,"26B.11.4",402.901240666672,402.901240666672,434.651558482576,31.7503178159033,0.00631683863988447,1.59532508445791,0.00661891730315285,2.75521485307291,1439.063,16.83,9.348,1
"174","26B.11.4",8,9,1.56731732342172,"No",1439.063,16.83,9.348,"26B.11.4",402.901240666672,402.901240666672,434.651558482576,31.7503178159033,0.00389007817605205,1.2519254464311,0.00519417081845479,1.73223389769775,1439.063,16.83,9.348,1
"175","26B.11.4",8,9,1.89789852848996,"No",1439.063,16.83,9.348,"26B.11.4",402.901240666672,402.901240666672,434.651558482576,31.7503178159033,0.00471058000553571,1.37764238047832,0.00571576356351413,2.07937583819209,1439.063,16.83,9.348,1
"176","26B.11.4",8,9,1.70925221129284,"No",1439.063,16.83,9.348,"26B.11.4",402.901240666672,402.901240666672,434.651558482576,31.7503178159033,0.00424236025797432,1.30738372763808,0.00542426422114751,1.8814743242317,1439.063,16.83,9.348,1
"177","26B.11.4",8,9,2.02941918355795,"No",1439.063,16.83,9.348,"26B.11.4",402.901240666672,402.901240666672,434.651558482576,31.7503178159033,0.00503701398436976,1.42457684368305,0.00591049210733663,2.21707918641428,1439.063,16.83,9.348,1
"178","26B.11.4",8,9,1.44143962518609,"No",1439.063,16.83,9.348,"26B.11.4",402.901240666672,402.901240666672,434.651558482576,31.7503178159033,0.00357765000376016,1.20059969398051,0.00498122305357462,1.59959504024899,1439.063,16.83,9.348,1
"179","26B.11.4",8,9,1.67083848374602,"No",1439.063,16.83,9.348,"26B.11.4",402.901240666672,402.901240666672,434.651558482576,31.7503178159033,0.00414701747004133,1.29260917672203,0.00536296541022977,1.84111433995651,1439.063,16.83,9.348,1
"180","26B.11.4",8,9,1.17032062896583,"No",1439.063,16.83,9.348,"26B.11.4",402.901240666672,402.901240666672,434.651558482576,31.7503178159033,0.00290473324686051,1.08181358327848,0.00448838591889932,1.31282830837131,1439.063,16.83,9.348,1
"181","26B.11.4",8,9,1.39812455859734,"Yes",1439.063,16.83,9.348,"26B.11.4",402.901240666672,402.901240666672,434.651558482576,31.7503178159033,0.00347014210302229,1.18242317238683,0.00490580965071422,1.55388557415184,1439.063,16.83,9.348,1
"182","26B.11.4",8,9,11.3891077811622,"Yes",1439.063,16.83,9.348,"26B.11.4",402.901240666672,402.901240666672,434.651558482576,31.7503178159033,0.0282677406560399,3.37477521935346,0.0140017594603424,11.8336680940099,1439.063,16.83,9.348,1
"183","26B.11.4",8,9,1.04647858105833,"Yes",1439.063,16.83,9.348,"26B.11.4",402.901240666672,402.901240666672,434.651558482576,31.7503178159033,0.00259735755424019,1.0229753570142,0.00424426930736881,1.18123548046357,1439.063,16.83,9.348,1
"184","26B.11.4",8,9,0.530017750940645,"Yes",1439.063,16.83,9.348,"26B.11.4",402.901240666672,402.901240666672,434.651558482576,31.7503178159033,0.00131550290106736,0.728023180222062,0.0030205287133096,0.625920497560286,1439.063,16.83,9.348,1
"185","26B.11.4",8,9,0.493277533593779,"No",1439.063,16.83,9.348,"26B.11.4",402.901240666672,402.901240666672,434.651558482576,31.7503178159033,0.00122431376179821,0.702337193656849,0.00291395894732187,0.585796656273743,1439.063,16.83,9.348,1
"186","26B.11.4",8,9,1.78629955524861,"No",1439.063,16.83,9.348,"26B.11.4",402.901240666672,402.901240666672,434.651558482576,31.7503178159033,0.0044335915975162,1.33652517942933,0.00554517052505965,1.96236048176263,1439.063,16.83,9.348,1
"187","26B.11.4",8,9,1.2788907175418,"Yes",1439.063,16.83,9.348,"26B.11.4",402.901240666672,402.901240666672,434.651558482576,31.7503178159033,0.00317420396975111,1.13088050542124,0.00469196191926886,1.4278619996587,1439.063,16.83,9.348,1
"188","26B.11.4",8,9,5.17561196366512,"Yes",1439.063,16.83,9.348,"26B.11.4",402.901240666672,402.901240666672,434.651558482576,31.7503178159033,0.0128458575980087,2.27499713486965,0.00943883979968171,5.47529812711841,1439.063,16.83,9.348,1
"189","26B.11.4",8,9,2.00144427450624,"No",1439.063,16.83,9.348,"26B.11.4",402.901240666672,402.901240666672,434.651558482576,31.7503178159033,0.00496758032115883,1.41472409836909,0.00586961360108267,2.18780637179716,1439.063,16.83,9.348,1
"190","26B.11.4",8,9,2.01223310647634,"No",1439.063,16.83,9.348,"26B.11.4",402.901240666672,402.901240666672,434.651558482576,31.7503178159033,0.00499435817856191,1.41853202518531,0.00588541248304006,2.19909682329054,1439.063,16.83,9.348,1
"191","26B.11.4",8,9,1.49003998551042,"No",1439.063,16.83,9.348,"26B.11.4",402.901240666672,402.901240666672,434.651558482576,31.7503178159033,0.00369827599201454,1.22067194016674,0.00506450171501453,1.65083952454132,1439.063,16.83,9.348,1
"192","26B.11.4",8,9,1.72666220228386,"No",1439.063,16.83,9.348,"26B.11.4",402.901240666672,402.901240666672,434.651558482576,31.7503178159033,0.00428557181761663,1.31402519088633,0.00545181929217372,1.89975919748525,1439.063,16.83,9.348,1
"193","26B.11.4",8,9,1.74780637817995,"No",1439.063,16.83,9.348,"26B.11.4",402.901240666672,402.901240666672,434.651558482576,31.7503178159033,0.00433805161604339,1.32204628443181,0.00548509837452224,1.92195999482252,1439.063,16.83,9.348,1
"194","26B.11.4",8,9,1.05359804857057,"Yes",1439.063,16.83,9.348,"26B.11.4",402.901240666672,402.901240666672,434.651558482576,31.7503178159033,0.00261502805706728,1.02644924305616,0.00425868227226,1.18881256419177,1439.063,16.83,9.348,1
"195","26B.11.4",8,9,1.33173417097656,"Yes",1439.063,16.83,9.348,"26B.11.4",402.901240666672,402.901240666672,434.651558482576,31.7503178159033,0.00330536130584499,1.15400787301325,0.00478791611382297,1.48375202926632,1439.063,16.83,9.348,1
"196","26B.11.4",8,9,12.9191614038584,"Yes",1439.063,16.83,9.348,"26B.11.4",402.901240666672,402.901240666672,434.651558482576,31.7503178159033,0.0320653304082196,3.59432349738563,0.0149126533656046,13.3926428876948,1439.063,16.83,9.348,1
"197","26B.11.4",8,9,1.12655753710307,"Yes",1439.063,16.83,9.348,"26B.11.4",402.901240666672,402.901240666672,434.651558482576,31.7503178159033,0.00279611334837039,1.06139414785605,0.00440366678813728,1.26637535718177,1439.063,16.83,9.348,1
"198","26B.11.4",8,9,0.806504440899028,"Yes",1439.063,16.83,9.348,"26B.11.4",402.901240666672,402.901240666672,434.651558482576,31.7503178159033,0.00200174226210999,0.898055923035435,0.00372598534686614,0.924805659839426,1439.063,16.83,9.348,1
"199","26B.11.4",8,9,1.42799083234689,"No",1439.063,16.83,9.348,"26B.11.4",402.901240666672,402.901240666672,434.651558482576,31.7503178159033,0.00354427012928534,1.19498570382532,0.00495793091271886,1.58540671453501,1439.063,16.83,9.348,1
"200","26B.11.4",8,9,1.17237949339136,"No",1439.063,16.83,9.348,"26B.11.4",402.901240666672,402.901240666672,434.651558482576,31.7503178159033,0.00290984334387118,1.08276474517383,0.00449233223804679,1.31501246968397,1439.063,16.83,9.348,1
"201","26B.11.4",8,9,1.25068913423943,"No",1439.063,16.83,9.348,"26B.11.4",402.901240666672,402.901240666672,434.651558482576,31.7503178159033,0.00310420770154477,1.11834213648571,0.00463994090617931,1.39800873265763,1439.063,16.83,9.348,1
"202","26B.11.4",8,9,1.17956483135698,"Yes",1439.063,16.83,9.348,"26B.11.4",402.901240666672,402.901240666672,434.651558482576,31.7503178159033,0.00292767733701982,1.08607772804573,0.00450607762440691,1.32263422803503,1439.063,16.83,9.348,1
"203","26B.11.4",8,9,8.35678776308914,"Yes",1439.063,16.83,9.348,"26B.11.4",402.901240666672,402.901240666672,434.651558482576,31.7503178159033,0.0207415289892415,2.8908109179068,0.0119938178062174,8.73759529026259,1439.063,16.83,9.348,1
"204","26B.11.4",8,9,2.16034139357736,"No",1439.063,16.83,9.348,"26B.11.4",402.901240666672,402.901240666672,434.651558482576,31.7503178159033,0.00536196262389931,1.46980998553465,0.00609816196108261,2.35395997393458,1439.063,16.83,9.348,1
"205","26B.11.4",8,9,1.7156017739104,"No",1439.063,16.83,9.348,"26B.11.4",402.901240666672,402.901240666672,434.651558482576,31.7503178159033,0.00425811985853315,1.30980982356616,0.00543432996165012,1.88814347730928,1439.063,16.83,9.348,1
"206","26B.11.4",8,9,1.40795054718827,"No",1439.063,16.83,9.348,"26B.11.4",402.901240666672,402.901240666672,434.651558482576,31.7503178159033,0.00349453018525971,1.18657091957804,0.00492301842898797,1.56425794692219,1439.063,16.83,9.348,1
"207","26B.11.4",8,9,7.80501618638823,"No",1439.063,16.83,9.348,"26B.11.4",402.901240666672,402.901240666672,434.651558482576,31.7503178159033,0.019372033140115,2.79374590583829,0.0115911003324122,8.17303730577834,1439.063,16.83,9.348,1
"208","26B.11.4",8,9,1.20260358218336,"Yes",1439.063,16.83,9.348,"26B.11.4",402.901240666672,402.901240666672,434.651558482576,31.7503178159033,0.00298485946628867,1.09663283836632,0.0045498702050027,1.34706340721331,1439.063,16.83,9.348,1
"209","26B.11.4",8,9,6.48407883748338,"Yes",1439.063,16.83,9.348,"26B.11.4",402.901240666672,402.901240666672,434.651558482576,31.7503178159033,0.0160934695230879,2.54638544558427,0.0105648151906302,6.81951507745217,1439.063,16.83,9.348,1
"210","26B.11.4",8,9,1.90065448159221,"No",1439.063,16.83,9.348,"26B.11.4",402.901240666672,402.901240666672,434.651558482576,31.7503178159033,0.0047174202751206,1.37864226019378,0.00571991201025656,2.08226350579685,1439.063,16.83,9.348,1
"211","26B.11.4",8,9,1.35445300369365,"No",1439.063,16.83,9.348,"26B.11.4",402.901240666672,402.901240666672,434.651558482576,31.7503178159033,0.00336174939906479,1.16380969393352,0.00482858333752783,1.50776205926073,1439.063,16.83,9.348,1
"212","26B.11.4",8,9,0.617904040027355,"No",1439.063,16.83,9.348,"26B.11.4",402.901240666672,402.901240666672,434.651558482576,31.7503178159033,0.00153363647876815,0.78606872474826,0.00326135653127495,0.721453146406307,1439.063,16.83,9.348,1
"213","26B.11.4",8,9,1.43839993039521,"No",1439.063,16.83,9.348,"26B.11.4",402.901240666672,402.901240666672,434.651558482576,31.7503178159033,0.00357010548792335,1.19933311902708,0.00497596810274567,1.59638849909919,1439.063,16.83,9.348,1
"214","26B.11.4",8,9,0.275688395590205,"No",1439.063,16.83,9.348,"26B.11.4",402.901240666672,402.901240666672,434.651558482576,31.7503178159033,0.000684257996163102,0.525060373281211,0.00217844702861412,0.344854781093814,1439.063,16.83,9.348,1
"215","26B.11.4",8,9,1.49689613908609,"No",1439.063,16.83,9.348,"26B.11.4",402.901240666672,402.901240666672,434.651558482576,31.7503178159033,0.00371529295022573,1.22347706929312,0.00507614004371199,1.65806519875198,1439.063,16.83,9.348,1
"216","26B.11.4",8,9,1.3086038066926,"No",1439.063,16.83,9.348,"26B.11.4",402.901240666672,402.901240666672,434.651558482576,31.7503178159033,0.00324795179217437,1.14394222174575,0.00474615427230802,1.45929571324168,1439.063,16.83,9.348,1
"217","26B.11.4",8,9,8.93137038895084,"No",1439.063,16.83,9.348,"26B.11.4",402.901240666672,402.901240666672,434.651558482576,31.7503178159033,0.0221676418125997,2.98853984228935,0.0123992898162272,9.32505178130754,1439.063,16.83,9.348,1
"218","26B.11.4",8,9,1.92516325368972,"No",1439.063,16.83,9.348,"26B.11.4",402.901240666672,402.901240666672,434.651558482576,31.7503178159033,0.00477825099397607,1.38750252384986,0.005756672763908,2.10793944350595,1439.063,16.83,9.348,1
"219","26B.11.4",8,9,1.85185381572607,"No",1439.063,16.83,9.348,"26B.11.4",402.901240666672,402.901240666672,434.651558482576,31.7503178159033,0.00459629712894864,1.36082835645281,0.00564600308921191,2.03111620819812,1439.063,16.83,9.348,1
"220","26B.11.4",8,9,1.37313500069115,"No",1439.063,16.83,9.348,"26B.11.4",402.901240666672,402.901240666672,434.651558482576,31.7503178159033,0.00340811807483902,1.17180843173752,0.00486176966711673,1.52749773276983,1439.063,16.83,9.348,1
"221","26B.11.4",8,9,1.74482426601646,"No",1439.063,16.83,9.348,"26B.11.4",402.901240666672,402.901240666672,434.651558482576,31.7503178159033,0.00433065002016209,1.32091796339381,0.00548041703169459,1.91882924853645,1439.063,16.83,9.348,1
"222","26B.11.4",8,9,1.55333760387513,"No",1439.063,16.83,9.348,"26B.11.4",402.901240666672,402.901240666672,434.651558482576,31.7503178159033,0.00385538054264826,1.24632965297113,0.00517095417470115,1.71751704233336,1439.063,16.83,9.348,1
"223","26B.11.4",8,9,1.62548992778872,"No",1439.063,16.83,9.348,"26B.11.4",402.901240666672,402.901240666672,434.651558482576,31.7503178159033,0.00403446245312885,1.27494702940503,0.00528968611836239,1.7934391431931,1439.063,16.83,9.348,1
"224","26B.11.4",8,9,1.3111391537784,"No",1439.063,16.83,9.348,"26B.11.4",402.901240666672,402.901240666672,434.651558482576,31.7503178159033,0.00325424451810792,1.14504984772646,0.00475074975246477,1.46197696828298,1439.063,16.83,9.348,1
"225","26B.11.4",8,9,1.11490364568308,"Yes",1439.063,16.83,9.348,"26B.11.4",402.901240666672,402.901240666672,434.651558482576,31.7503178159033,0.00276718841530066,1.05588997802,0.00438083028583299,1.25399639955581,1439.063,16.83,9.348,1
"226","26B.11.4",8,9,7.94818717651948,"Yes",1439.063,16.83,9.348,"26B.11.4",402.901240666672,402.901240666672,434.651558482576,31.7503178159033,0.0197273832251491,2.81925294653025,0.0116969276616712,8.31956834724717,1439.063,16.83,9.348,1
"227","26B.11.4",8,9,1.81176538322305,"No",1439.063,16.83,9.348,"26B.11.4",402.901240666672,402.901240666672,434.651558482576,31.7503178159033,0.00449679772696942,1.34601834431149,0.00558455715159261,1.98907684764719,1439.063,16.83,9.348,1
"228","26B.11.4",8,9,1.87261855550542,"No",1439.063,16.83,9.348,"26B.11.4",402.901240666672,402.901240666672,434.651558482576,31.7503178159033,0.00464783516776181,1.36843653689363,0.00567756901747054,2.05288317623184,1439.063,16.83,9.348,1
"229","26B.11.4",8,9,1.56247304602603,"No",1439.063,16.83,9.348,"26B.11.4",402.901240666672,402.901240666672,434.651558482576,31.7503178159033,0.00387805469012863,1.24998921836392,0.00518613751315444,1.72713456030567,1439.063,16.83,9.348,1
"230","26B.11.4",8,9,1.2261742496863,"Yes",1439.063,16.83,9.348,"26B.11.4",402.901240666672,402.901240666672,434.651558482576,31.7503178159033,0.00304336181158781,1.10732752593183,0.0045942418840221,1.37204288962714,1439.063,16.83,9.348,1
"231","26B.11.4",8,9,8.75604360792689,"Yes",1439.063,16.83,9.348,"26B.11.4",402.901240666672,402.901240666672,434.651558482576,31.7503178159033,0.0217324811247502,2.95906127140465,0.0122769848234694,9.14584177789306,1439.063,16.83,9.348,1
"232","26B.11.4",8,9,1.75555291662211,"No",1439.063,16.83,9.348,"26B.11.4",402.901240666672,402.901240666672,434.651558482576,31.7503178159033,0.00435727850754997,1.32497279844611,0.00549724032254016,1.93009204397316,1439.063,16.83,9.348,1
"233","26B.11.4",8,9,1.49800196976184,"No",1439.063,16.83,9.348,"26B.11.4",402.901240666672,402.901240666672,434.651558482576,31.7503178159033,0.00371803761954945,1.22392890715181,0.00507801469449649,1.65923055018593,1439.063,16.83,9.348,1
"234","26B.11.4",8,9,1.34190028937005,"No",1439.063,16.83,9.348,"26B.11.4",402.901240666672,402.901240666672,434.651558482576,31.7503178159033,0.00333059358951002,1.15840419947877,0.00480615623403198,1.49449727727345,1439.063,16.83,9.348,1
"235","26B.11.4",8,9,2.7300287349078,"No",1439.063,16.83,9.348,"26B.11.4",402.901240666672,402.901240666672,434.651558482576,31.7503178159033,0.00677592536173499,1.65227985974162,0.0068552195786547,2.94768413522789,1439.063,16.83,9.348,1
"236","26B.11.4",8,9,1.42080638386076,"Yes",1439.063,16.83,9.348,"26B.11.4",402.901240666672,402.901240666672,434.651558482576,31.7503178159033,0.00352643834382288,1.19197583191135,0.00494544311729353,1.5778257745753,1439.063,16.83,9.348,1
"237","26B.11.4",8,9,0.280481742371857,"Yes",1439.063,16.83,9.348,"26B.11.4",402.901240666672,402.901240666672,434.651558482576,31.7503178159033,0.000696155072413651,0.529605270339955,0.00219730356016135,0.350246828744996,1439.063,16.83,9.348,1
"238","26B.11.4",8,9,1.49445968688131,"No",1439.063,16.83,9.348,"26B.11.4",402.901240666672,402.901240666672,434.651558482576,31.7503178159033,0.00370924568117105,1.22248095563134,0.00507200722212213,1.65549752814825,1439.063,16.83,9.348,1
"239","26B.11.4",8,9,9.01981129642412,"No",1439.063,16.83,9.348,"26B.11.4",402.901240666672,402.901240666672,434.651558482576,31.7503178159033,0.0223871519519256,3.00330006766292,0.0124605291912457,9.41543705840051,1439.063,16.83,9.348,1
"240","26B.11.4",8,9,1.7463453359299,"No",1439.063,16.83,9.348,"26B.11.4",402.901240666672,402.901240666672,434.651558482576,31.7503178159033,0.00433442531236752,1.32149360041201,0.00548280531848154,1.92042614731442,1439.063,16.83,9.348,1
"241","26B.11.4",8,9,4.94918175333361,"No",1439.063,16.83,9.348,"26B.11.4",402.901240666672,402.901240666672,434.651558482576,31.7503178159033,0.0122838583101514,2.22467565126551,0.00923005869181055,5.24223905025804,1439.063,16.83,9.348,1
"242","26B.11.4",8,9,1.32588128804207,"No",1439.063,16.83,9.348,"26B.11.4",402.901240666672,402.901240666672,434.651558482576,31.7503178159033,0.00329083446317556,1.1514691867532,0.0047773832421358,1.47756472430826,1439.063,16.83,9.348,1
"243","26B.11.4",8,9,0.774605951074778,"No",1439.063,16.83,9.348,"26B.11.4",402.901240666672,402.901240666672,434.651558482576,31.7503178159033,0.00192257027998487,0.88011700987697,0.00365155776852422,0.890544070748552,1439.063,16.83,9.348,1
"244","26B.11.4",8,9,2.05247570122386,"No",1439.063,16.83,9.348,"26B.11.4",402.901240666672,402.901240666672,434.651558482576,31.7503178159033,0.00509424021089553,1.432646397833,0.00594397225010638,2.24119870925365,1439.063,16.83,9.348,1
"245","26B.11.4",8,9,1.03022413815837,"Yes",1439.063,16.83,9.348,"26B.11.4",402.901240666672,402.901240666672,434.651558482576,31.7503178159033,0.00255701406243794,1.01499957544739,0.00421117822196368,1.16393038508513,1439.063,16.83,9.348,1
"246","26B.11.4",8,9,0.187832081719703,"Yes",1439.063,16.83,9.348,"26B.11.4",402.901240666672,402.901240666672,434.651558482576,31.7503178159033,0.000466198816883515,0.433395987198431,0.00179813645929066,0.244923485778544,1439.063,16.83,9.348,1
"247","26B.11.4",8,9,0.669187827960297,"No",1439.063,16.83,9.348,"26B.11.4",402.901240666672,402.901240666672,434.651558482576,31.7503178159033,0.0016609227284905,0.818039013715297,0.00339399952729643,0.776948391618984,1439.063,16.83,9.348,1
"248","26B.11.4",8,9,1.06930486387108,"Yes",1439.063,16.83,9.348,"26B.11.4",402.901240666672,402.901240666672,434.651558482576,31.7503178159033,0.00265401233836292,1.03407198195826,0.00429030860278537,1.20552352553781,1439.063,16.83,9.348,1
"249","26B.11.4",8,9,0.11271007888668,"Yes",1439.063,16.83,9.348,"26B.11.4",402.901240666672,402.901240666672,434.651558482576,31.7503178159033,0.00027974616980623,0.33572321767593,0.00139289743275142,0.156935015061493,1439.063,16.83,9.348,1
"250","26B.11.4",8,9,1.20081242851472,"No",1439.063,16.83,9.348,"26B.11.4",402.901240666672,402.901240666672,434.651558482576,31.7503178159033,0.0029804138267923,1.09581587345444,0.00454648066186572,1.34516463447282,1439.063,16.83,9.348,1
"251","26B.11.4",8,9,7.82589258971865,"No",1439.063,16.83,9.348,"26B.11.4",402.901240666672,402.901240666672,434.651558482576,31.7503178159033,0.0194238483276182,2.79747968530938,0.0116065915810536,8.19440556117649,1439.063,16.83,9.348,1
"252","26B.11.4",8,9,1.86640428731816,"No",1439.063,16.83,9.348,"26B.11.4",402.901240666672,402.901240666672,434.651558482576,31.7503178159033,0.0046324113676837,1.36616407774402,0.00566814070763414,2.0463695562108,1439.063,16.83,9.348,1
"253","26B.11.4",8,9,1.36639283674071,"Yes",1439.063,16.83,9.348,"26B.11.4",402.901240666672,402.901240666672,434.651558482576,31.7503178159033,0.00339138403862883,1.1689280716711,0.00484981920932683,1.52037613798651,1439.063,16.83,9.348,1
"254","26B.11.4",8,9,0.460569908089063,"Yes",1439.063,16.83,9.348,"26B.11.4",402.901240666672,402.901240666672,434.651558482576,31.7503178159033,0.00114313350668012,0.678653010078835,0.00281569455342322,0.549969105032758,1439.063,16.83,9.348,1
"255","26B.11.4",8,9,11.1933223902718,"No",1439.063,16.83,9.348,"26B.11.4",402.901240666672,402.901240666672,434.651558482576,31.7503178159033,0.0277818017431529,3.3456422986135,0.0138808885512997,11.6340450133427,1439.063,16.83,9.348,1
"256","26B.11.4",8,9,2.11171476873221,"No",1439.063,16.83,9.348,"26B.11.4",402.901240666672,402.901240666672,434.651558482576,31.7503178159033,0.0052412714471616,1.45317403249997,0.00602914029366923,2.30314188921288,1439.063,16.83,9.348,1
"257","26B.11.4",8,9,1.04183813243639,"Yes",1439.063,16.83,9.348,"26B.11.4",402.901240666672,402.901240666672,434.651558482576,31.7503178159033,0.00258583997088835,1.020704723432,0.00423484857171262,1.17629592049049,1439.063,16.83,9.348,1
"258","26B.11.4",8,9,0.51783259129108,"Yes",1439.063,16.83,9.348,"26B.11.4",402.901240666672,402.901240666672,434.651558482576,31.7503178159033,0.00128525936141133,0.719605858294024,0.0029856057008788,0.612626521166954,1439.063,16.83,9.348,1
"259","26B.11.4",8,9,1.86700893945419,"No",1439.063,16.83,9.348,"26B.11.4",402.901240666672,402.901240666672,434.651558482576,31.7503178159033,0.00463391211296568,1.36638535540095,0.00566905877663874,2.04700335732951,1439.063,16.83,9.348,1
"260","26B.11.4",8,9,2.96755831249882,"No",1439.063,16.83,9.348,"26B.11.4",402.901240666672,402.901240666672,434.651558482576,31.7503178159033,0.00736547325490599,1.72266024290886,0.00714722397354983,3.19448494516047,1439.063,16.83,9.348,1
"261","26B.11.4",8,9,1.34019430854823,"Yes",1439.063,16.83,9.348,"26B.11.4",402.901240666672,402.901240666672,434.651558482576,31.7503178159033,0.00332635934883358,1.15766761574652,0.00480310018805232,1.49269426602052,1439.063,16.83,9.348,1
"262","26B.11.4",8,9,0.453719466134034,"Yes",1439.063,16.83,9.348,"26B.11.4",402.901240666672,402.901240666672,434.651558482576,31.7503178159033,0.00112613072469887,0.67358701452302,0.00279467601245702,0.542451317722026,1439.063,16.83,9.348,1
"263","26B.11.4",8,9,1.64132791579656,"No",1439.063,16.83,9.348,"26B.11.4",402.901240666672,402.901240666672,434.651558482576,31.7503178159033,0.00407377230479779,1.28114320659189,0.00531539372165596,1.81009335577579,1439.063,16.83,9.348,1
"264","26B.11.4",8,9,1.3499642158373,"No",1439.063,16.83,9.348,"26B.11.4",402.901240666672,402.901240666672,434.651558482576,31.7503178159033,0.00335060823740215,1.16187960470838,0.00482057550195036,1.50301902007978,1439.063,16.83,9.348,1
"265","26B.11.4",8,9,1.86603481443248,"No",1439.063,16.83,9.348,"26B.11.4",402.901240666672,402.901240666672,434.651558482576,31.7503178159033,0.00463149433678783,1.36602884831635,0.00566757964806864,2.04598226950561,1439.063,16.83,9.348,1
"266","26B.11.4",8,9,1.51031602619431,"No",1439.063,16.83,9.348,"26B.11.4",402.901240666672,402.901240666672,434.651558482576,31.7503178159033,0.00374860108073934,1.22894915525188,0.00509884343174845,1.67220592564585,1439.063,16.83,9.348,1
"267","26B.11.4",8,9,1.21147743352137,"No",1439.063,16.83,9.348,"26B.11.4",402.901240666672,402.901240666672,434.651558482576,31.7503178159033,0.00300688434594234,1.10067135581942,0.0045666257950137,1.35646925385935,1439.063,16.83,9.348,1
"268","26B.11.4",8,9,1.53405697093251,"No",1439.063,16.83,9.348,"26B.11.4",402.901240666672,402.901240666672,434.651558482576,31.7503178159033,0.00380752605376479,1.23857053530774,0.0051387620160874,1.69721429812358,1439.063,16.83,9.348,1
"269","26B.11.4",8,9,1.16238732672995,"Yes",1439.063,16.83,9.348,"26B.11.4",402.901240666672,402.901240666672,434.651558482576,31.7503178159033,0.00288504280802554,1.07814068039841,0.00447314724393423,1.30441117336219,1439.063,16.83,9.348,1
"270","26B.11.4",8,9,1.38166891126661,"Yes",1439.063,16.83,9.348,"26B.11.4",402.901240666672,402.901240666672,434.651558482576,31.7503178159033,0.00342929922226198,1.1754441336221,0.00487685399716794,1.53651057561845,1439.063,16.83,9.348,1
"271","26B.11.4",8,9,6.15625306129547,"Yes",1439.063,16.83,9.348,"26B.11.4",402.901240666672,402.901240666672,434.651558482576,31.7503178159033,0.0152798066620714,2.48117977206317,0.0102942803855693,6.48309973522331,1439.063,16.83,9.348,1
"272","26B.11.4",8,9,1.60505593542192,"No",1439.063,16.83,9.348,"26B.11.4",402.901240666672,402.901240666672,434.651558482576,31.7503178159033,0.00398374532867177,1.26690802168978,0.00525633271109447,1.77194616954529,1439.063,16.83,9.348,1
"273","26B.11.4",8,9,1.19181164820723,"No",1439.063,16.83,9.348,"26B.11.4",402.901240666672,402.901240666672,434.651558482576,31.7503178159033,0.00295807390971337,1.09170126326172,0.00452940936720253,1.33562183513424,1439.063,16.83,9.348,1
"274","26B.11.4",8,9,1.43451140705496,"Yes",1439.063,16.83,9.348,"26B.11.4",402.901240666672,402.901240666672,434.651558482576,31.7503178159033,0.00356045418147957,1.19771090295403,0.00496923761618846,1.59228628067169,1439.063,16.83,9.348,1
"275","26B.11.4",8,9,1.47856066392967,"Yes",1439.063,16.83,9.348,"26B.11.4",402.901240666672,402.901240666672,434.651558482576,31.7503178159033,0.00366978434090481,1.2159607986813,0.00504495544435201,1.63873960265492,1439.063,16.83,9.348,1
"276","26B.11.4",8,9,6.67096373525697,"Yes",1439.063,16.83,9.348,"26B.11.4",402.901240666672,402.901240666672,434.651558482576,31.7503178159033,0.0165573174314844,2.58282088718071,0.010715983862884,7.01119962861363,1439.063,16.83,9.348,1
"277","26B.11.4",8,9,1.10008117747959,"Yes",1439.063,16.83,9.348,"26B.11.4",402.901240666672,402.901240666672,434.651558482576,31.7503178159033,0.00273039908156973,1.04884754730113,0.00435161162250503,1.2382462295055,1439.063,16.83,9.348,1
"278","26B.11.4",8,9,6.05623217469036,"Yes",1439.063,16.83,9.348,"26B.11.4",402.901240666672,402.901240666672,434.651558482576,31.7503178159033,0.0150315550398138,2.46094131882301,0.0102103121400717,6.38041283013721,1439.063,16.83,9.348,1
"279","26B.11.4",8,9,1.81616029227896,"No",1439.063,16.83,9.348,"26B.11.4",402.901240666672,402.901240666672,434.651558482576,31.7503178159033,0.00450770588165427,1.34764991458426,0.00559132644821744,1.99368668402233,1439.063,16.83,9.348,1
"280","26B.11.4",8,9,1.30128065662671,"No",1439.063,16.83,9.348,"26B.11.4",402.901240666672,402.901240666672,434.651558482576,31.7503178159033,0.00322977574969366,1.14073689193727,0.00473285553267286,1.45155032396583,1439.063,16.83,9.348,1
"281","26B.11.4",8,9,1.39934396897376,"No",1439.063,16.83,9.348,"26B.11.4",402.901240666672,402.901240666672,434.651558482576,31.7503178159033,0.0034731686769152,1.18293870042947,0.00490794854861968,1.55517289521653,1439.063,16.83,9.348,1
"282","26B.11.4",8,9,1.44086243120721,"Yes",1439.063,16.83,9.348,"26B.11.4",402.901240666672,402.901240666672,434.651558482576,31.7503178159033,0.00357621740956429,1.20035929254836,0.00498022564106326,1.59898617810587,1439.063,16.83,9.348,1
"283","26B.11.4",8,9,6.02985324880588,"Yes",1439.063,16.83,9.348,"26B.11.4",402.901240666672,402.901240666672,434.651558482576,31.7503178159033,0.0149660826033407,2.45557595052686,0.0101880515178329,6.35332712242187,1439.063,16.83,9.348,1
"284","26B.11.4",8,9,2.04958388877156,"No",1439.063,16.83,9.348,"26B.11.4",402.901240666672,402.901240666672,434.651558482576,31.7503178159033,0.00508706273870032,1.4316367866088,0.00593978342786168,2.2381739003638,1439.063,16.83,9.348,1
"285","26B.11.4",8,9,1.54465219384638,"No",1439.063,16.83,9.348,"26B.11.4",402.901240666672,402.901240666672,434.651558482576,31.7503178159033,0.00383382337391287,1.24284037343755,0.00515647734304762,1.70837198829865,1439.063,16.83,9.348,1
"286","26B.11.4",8,9,0.122294010030427,"No",1439.063,16.83,9.348,"26B.11.4",402.901240666672,402.901240666672,434.651558482576,31.7503178159033,0.000303533465988017,0.349705604802707,0.00145090959904558,0.168360850922269,1439.063,16.83,9.348,1
"287","26B.11.4",8,9,6.73765534746326,"No",1439.063,16.83,9.348,"26B.11.4",402.901240666672,402.901240666672,434.651558482576,31.7503178159033,0.0167228458674255,2.59569939466481,0.0107694160923749,7.07958773108787,1439.063,16.83,9.348,1
"288","26B.11.4",8,9,1.95973013524987,"No",1439.063,16.83,9.348,"26B.11.4",402.901240666672,402.901240666672,434.651558482576,31.7503178159033,0.00486404591856592,1.39990361641431,0.00580812422477485,2.14413992530072,1439.063,16.83,9.348,1
"289","26B.11.4",8,9,1.35260137028785,"No",1439.063,16.83,9.348,"26B.11.4",402.901240666672,402.901240666672,434.651558482576,31.7503178159033,0.00335715364899282,1.1630139166355,0.00482528170065229,1.50580559783483,1439.063,16.83,9.348,1
"290","26B.11.4",8,9,1.57589763789216,"No",1439.063,16.83,9.348,"26B.11.4",402.901240666672,402.901240666672,434.651558482576,31.7503178159033,0.00391137449784109,1.25534761635658,0.0052083692159819,1.74126501580215,1439.063,16.83,9.348,1
"291","26B.11.4",8,9,1.36570076141305,"No",1439.063,16.83,9.348,"26B.11.4",402.901240666672,402.901240666672,434.651558482576,31.7503178159033,0.00338966630917604,1.16863200427382,0.00484859084174344,1.51964506159768,1439.063,16.83,9.348,1
"292","26B.11.4",8,9,1.30564539437881,"Yes",1439.063,16.83,9.348,"26B.11.4",402.901240666672,402.901240666672,434.651558482576,31.7503178159033,0.0032406090192683,1.14264841240812,0.00474078632749526,1.45616686697407,1439.063,16.83,9.348,1
"293","26B.11.4",8,9,3.04362510243073,"Yes",1439.063,16.83,9.348,"26B.11.4",402.901240666672,402.901240666672,434.651558482576,31.7503178159033,0.00755427086150072,1.74459883710575,0.0072382460117233,3.27344171373264,1439.063,16.83,9.348,1
"294","26B.11.4",8,9,1.68149705032402,"No",1439.063,16.83,9.348,"26B.11.4",402.901240666672,402.901240666672,434.651558482576,31.7503178159033,0.00417347200902554,1.29672551078631,0.00538004385714258,1.85231515265179,1439.063,16.83,9.348,1
"295","26B.11.4",8,9,1.63232612811953,"No",1439.063,16.83,9.348,"26B.11.4",402.901240666672,402.901240666672,434.651558482576,31.7503178159033,0.00405142988742986,1.27762519078153,0.00530079766474764,1.80062813865306,1439.063,16.83,9.348,1
"296","26B.11.4",8,9,0.245047878603778,"No",1439.063,16.83,9.348,"26B.11.4",402.901240666672,402.901240666672,434.651558482576,31.7503178159033,0.000608208299875926,0.495023109161358,0.00205382404790683,0.310257444862765,1439.063,16.83,9.348,1
"297","26B.11.4",8,9,1.59317373337923,"No",1439.063,16.83,9.348,"26B.11.4",402.901240666672,402.901240666672,434.651558482576,31.7503178159033,0.00395425372913482,1.26220986106877,0.0052368402973348,1.75944507717074,1439.063,16.83,9.348,1
"298","26B.11.4",8,9,0.229122115019547,"No",1439.063,16.83,9.348,"26B.11.4",402.901240666672,402.901240666672,434.651558482576,31.7503178159033,0.000568680589417952,0.478667018938581,0.00198596351613047,0.292177087827479,1439.063,16.83,9.348,1
"299","26B.11.4",8,9,1.13441094018985,"Yes",1439.063,16.83,9.348,"26B.11.4",402.901240666672,402.901240666672,434.651558482576,31.7503178159033,0.00281560547769165,1.06508729228634,0.00441898944419706,1.27471525946822,1439.063,16.83,9.348,1
"300","26B.11.4",8,9,0.749145535396412,"Yes",1439.063,16.83,9.348,"26B.11.4",402.901240666672,402.901240666672,434.651558482576,31.7503178159033,0.0018593775838387,0.865531937825758,0.00359104509514624,0.863162358458546,1439.063,16.83,9.348,1
"301","26B.11.4",8,9,2.01329811815472,"No",1439.063,16.83,9.348,"26B.11.4",402.901240666672,402.901240666672,434.651558482576,31.7503178159033,0.00499700153522327,1.41890736771458,0.00588696975884911,2.20021127897079,1439.063,16.83,9.348,1
"302","26B.11.4",8,9,1.43879030174191,"No",1439.063,16.83,9.348,"26B.11.4",402.901240666672,402.901240666672,434.651558482576,31.7503178159033,0.00357107438875387,1.19949585315745,0.00497664327783181,1.59680030746945,1439.063,16.83,9.348,1
"303","26B.11.4",8,9,0.0518977241169892,"No",1439.063,16.83,9.348,"26B.11.4",402.901240666672,402.901240666672,434.651558482576,31.7503178159033,0.000128810037991234,0.227810719934311,0.000945174328860562,0.0819073094497451,1439.063,16.83,9.348,1
"304","26B.11.4",8,9,0.359305047201258,"No",1439.063,16.83,9.348,"26B.11.4",402.901240666672,402.901240666672,434.651558482576,31.7503178159033,0.000891794342967828,0.599420592907232,0.00248696354925553,0.438266930286688,1439.063,16.83,9.348,1
"305","26B.11.4",8,9,1.05963449842762,"Yes",1439.063,16.83,9.348,"26B.11.4",402.901240666672,402.901240666672,434.651558482576,31.7503178159033,0.0026300105124379,1.02938549553975,0.00427086462465915,1.19523580760925,1439.063,16.83,9.348,1
"306","26B.11.4",8,9,0.3245945131259,"Yes",1439.063,16.83,9.348,"26B.11.4",402.901240666672,402.901240666672,434.651558482576,31.7503178159033,0.000805642873148765,0.569731966038329,0.00236378704560505,0.399645503072976,1439.063,16.83,9.348,1
"307","26B.11.4",8,9,2.62983112414566,"No",1439.063,16.83,9.348,"26B.11.4",402.901240666672,402.901240666672,434.651558482576,31.7503178159033,0.00652723511050532,1.62167540653044,0.00672824336115111,2.84345498920495,1439.063,16.83,9.348,1
"308","26B.11.4",8,9,1.88606734178345,"No",1439.063,16.83,9.348,"26B.11.4",402.901240666672,402.901240666672,434.651558482576,31.7503178159033,0.00468121502595181,1.37334166971787,0.00569792014768276,2.06697811736202,1439.063,16.83,9.348,1
"309","26B.11.4",8,9,1.51492972259389,"No",1439.063,16.83,9.348,"26B.11.4",402.901240666672,402.901240666672,434.651558482576,31.7503178159033,0.00376005226513367,1.23082481393328,0.00510662543795024,1.67706670321558,1439.063,16.83,9.348,1
"310","26B.11.4",8,9,3.6175708550498,"No",1439.063,16.83,9.348,"26B.11.4",402.901240666672,402.901240666672,434.651558482576,31.7503178159033,0.00897880296686075,1.9019912867965,0.00789125875426267,3.86812082846516,1439.063,16.83,9.348,1
"311","26B.11.4",8,9,1.37521960963139,"No",1439.063,16.83,9.348,"26B.11.4",402.901240666672,402.901240666672,434.651558482576,31.7503178159033,0.00341329206967901,1.17269757807859,0.00486545868709094,1.52969946926667,1439.063,16.83,9.348,1
"312","26B.11.4",8,9,1.00507198697887,"Yes",1439.063,16.83,9.348,"26B.11.4",402.901240666672,402.901240666672,434.651558482576,31.7503178159033,0.00249458647810516,1.00253278598701,0.00415945418823666,1.13713597939608,1439.063,16.83,9.348,1
"313","26B.11.4",8,9,9.7030803710925,"Yes",1439.063,16.83,9.348,"26B.11.4",402.901240666672,402.901240666672,434.651558482576,31.7503178159033,0.0240830243040131,3.11497678500057,0.0129238698382065,10.1134173458669,1439.063,16.83,9.348,1
"314","26B.11.4",8,9,1.59606780198968,"No",1439.063,16.83,9.348,"26B.11.4",402.901240666672,402.901240666672,434.651558482576,31.7503178159033,0.00396143680110961,1.26335577015727,0.00524159461203069,1.76249009678378,1439.063,16.83,9.348,1
"315","26B.11.4",8,9,1.69616055989581,"No",1439.063,16.83,9.348,"26B.11.4",402.901240666672,402.901240666672,434.651558482576,31.7503178159033,0.00420986680777951,1.30236729070405,0.00540345129621685,1.86772185585345,1439.063,16.83,9.348,1
"316","26B.11.4",8,9,1.34764642561786,"Yes",1439.063,16.83,9.348,"26B.11.4",402.901240666672,402.901240666672,434.651558482576,31.7503178159033,0.00334485548713609,1.16088174488957,0.00481643543564967,1.50056978143951,1439.063,16.83,9.348,1
"317","26B.11.4",8,9,5.55223710780875,"Yes",1439.063,16.83,9.348,"26B.11.4",402.901240666672,402.901240666672,434.651558482576,31.7503178159033,0.0137806403837863,2.3563185497315,0.00977623794203516,5.86263576951226,1439.063,16.83,9.348,1
"318","26B.11.4",8,9,1.41653337175259,"Yes",1439.063,16.83,9.348,"26B.11.4",402.901240666672,402.901240666672,434.651558482576,31.7503178159033,0.00351583273709628,1.19018207504255,0.00493800091727284,1.57331647025123,1439.063,16.83,9.348,1
"319","26B.11.4",8,9,0.510734748737466,"Yes",1439.063,16.83,9.348,"26B.11.4",402.901240666672,402.901240666672,434.651558482576,31.7503178159033,0.00126764253168435,0.714657084717885,0.00296507350755243,0.604876774949771,1439.063,16.83,9.348,1
"320","26B.11.4",8,9,2.06702037171296,"No",1439.063,16.83,9.348,"26B.11.4",402.901240666672,402.901240666672,434.651558482576,31.7503178159033,0.00513034005130563,1.43771359168402,0.00596499576273444,2.25641088295029,1439.063,16.83,9.348,1
"321","26B.11.4",8,9,1.73716560176409,"No",1439.063,16.83,9.348,"26B.11.4",402.901240666672,402.901240666672,434.651558482576,31.7503178159033,0.00431164123220279,1.31801578206184,0.00546837603865674,1.91078827892831,1439.063,16.83,9.348,1
"322","26B.11.4",8,9,1.66873382058091,"No",1439.063,16.83,9.348,"26B.11.4",402.901240666672,402.901240666672,434.651558482576,31.7503178159033,0.00414179370065898,1.29179480591188,0.00535958662988021,1.83890239944147,1439.063,16.83,9.348,1
"323","26B.11.4",8,9,1.3446955653064,"No",1439.063,16.83,9.348,"26B.11.4",402.901240666672,402.901240666672,434.651558482576,31.7503178159033,0.00333753145828333,1.15961009193021,0.00481115941644938,1.49745140584164,1439.063,16.83,9.348,1
"324","26B.11.4",8,9,1.24499765060609,"Yes",1439.063,16.83,9.348,"26B.11.4",402.901240666672,402.901240666672,434.651558482576,31.7503178159033,0.00309008145158853,1.11579462743199,0.00462937142919942,1.39198166477104,1439.063,16.83,9.348,1
"325","26B.11.4",8,9,8.43510671929271,"Yes",1439.063,16.83,9.348,"26B.11.4",402.901240666672,402.901240666672,434.651558482576,31.7503178159033,0.0209359164676071,2.90432551882407,0.012049889152884,8.81769452954318,1439.063,16.83,9.348,1
"326","26B.11.4",8,9,1.36715804585821,"No",1439.063,16.83,9.348,"26B.11.4",402.901240666672,402.901240666672,434.651558482576,31.7503178159033,0.00339328328598841,1.1692553381782,0.0048511770203258,1.52118445803476,1439.063,16.83,9.348,1
"327","26B.11.4",8,9,0.780845462245214,"No",1439.063,16.83,9.348,"26B.11.4",402.901240666672,402.901240666672,434.651558482576,31.7503178159033,0.00193805673309212,0.88365460573983,0.00366623506200901,0.897249590651808,1439.063,16.83,9.348,1
"328","26B.11.4",8,9,1.43091853252885,"No",1439.063,16.83,9.348,"26B.11.4",402.901240666672,402.901240666672,434.651558482576,31.7503178159033,0.00355153667474723,1.19621007040103,0.00496301074327651,1.58849570095162,1439.063,16.83,9.348,1
"329","26B.11.4",8,9,1.20607194204845,"No",1439.063,16.83,9.348,"26B.11.4",402.901240666672,402.901240666672,434.651558482576,31.7503178159033,0.00299346792790409,1.09821306769153,0.004556426490819,1.35073993123676,1439.063,16.83,9.348,1
"330","26B.11.4",8,9,1.43707760165911,"Yes",1439.063,16.83,9.348,"26B.11.4",402.901240666672,402.901240666672,434.651558482576,31.7503178159033,0.00356682347088634,1.19878171560093,0.00497368035981861,1.59499353379807,1439.063,16.83,9.348,1
"331","26B.11.4",8,9,9.1461068121609,"Yes",1439.063,16.83,9.348,"26B.11.4",402.901240666672,402.901240666672,434.651558482576,31.7503178159033,0.0227006171463434,3.02425309988448,0.0125474621862045,9.54449272435592,1439.063,16.83,9.348,1
"332","26B.12.4",8,9,3.65048263957569,"No",1504.436,14.75,4.604,"26B.12.4",282.132324182224,282.132324182224,335.32101602188,53.1886918396555,0.0129389025173092,1.91062362582893,0.0138616068434972,4.38776337437692,1504.436,14.75,4.604,1
"333","26B.12.4",8,9,3.67364566856299,"No",1504.436,14.75,4.604,"26B.12.4",282.132324182224,282.132324182224,335.32101602188,53.1886918396555,0.0130210023938634,1.91667568163291,0.0139055146111054,4.4132618000849,1504.436,14.75,4.604,1
"334","26B.12.4",8,9,1.60117219678306,"No",1504.436,14.75,4.604,"26B.12.4",282.132324182224,282.132324182224,335.32101602188,53.1886918396555,0.00567525256605795,1.26537433069549,0.00918031225241677,2.08946099616867,1504.436,14.75,4.604,1
"335","26B.12.4",8,9,10.332141979754,"No",1504.436,14.75,4.604,"26B.12.4",282.132324182224,282.132324182224,335.32101602188,53.1886918396555,0.0366216172134911,3.21436494190594,0.0233202722262423,11.5725167528125,1504.436,14.75,4.604,1
"336","26B.12.4",8,9,1.02647658391856,"Yes",1504.436,14.75,4.604,"26B.12.4",282.132324182224,282.132324182224,335.32101602188,53.1886918396555,0.00363828067873418,1.0131518069463,0.00735043356044307,1.41743652945282,1504.436,14.75,4.604,1
"337","26B.12.4",8,9,1.36797944634687,"Yes",1504.436,14.75,4.604,"26B.12.4",282.132324182224,282.132324182224,335.32101602188,53.1886918396555,0.00484871575886256,1.16960653484275,0.00848551526758255,1.81931290301501,1504.436,14.75,4.604,1
"338","26B.12.4",8,9,1.00582382529513,"Yes",1504.436,14.75,4.604,"26B.12.4",282.132324182224,282.132324182224,335.32101602188,53.1886918396555,0.00356507829512468,1.00290768533057,0.00727611228419873,1.39283071937011,1504.436,14.75,4.604,1
"339","26B.12.4",8,9,3.08108500030147,"No",1504.436,14.75,4.604,"26B.12.4",282.132324182224,282.132324182224,335.32101602188,53.1886918396555,0.0109207089589332,1.75530196840927,0.0127347455819038,3.75842945871377,1504.436,14.75,4.604,1
"340","26B.12.4",8,9,2.44093387375334,"No",1504.436,14.75,4.604,"26B.12.4",282.132324182224,282.132324182224,335.32101602188,53.1886918396555,0.00865173418476071,1.56234883228853,0.0113348673034359,3.04382063779918,1504.436,14.75,4.604,1
"341","26B.12.4",8,9,1.5745107421705,"No",1504.436,14.75,4.604,"26B.12.4",282.132324182224,282.132324182224,335.32101602188,53.1886918396555,0.00558075274336008,1.25479509967584,0.00910355975175757,2.05871717645063,1504.436,14.75,4.604,1
"342","26B.12.4",8,9,1.13264934121123,"No",1504.436,14.75,4.604,"26B.12.4",282.132324182224,282.132324182224,335.32101602188,53.1886918396555,0.00401460323447261,1.06425999699849,0.00772122434697428,1.54333116362729,1504.436,14.75,4.604,1
"343","26B.12.4",8,9,1.4290249065822,"Yes",1504.436,14.75,4.604,"26B.12.4",282.132324182224,282.132324182224,335.32101602188,53.1886918396555,0.00506508749298509,1.19541829774443,0.00867278004566015,1.89031873182393,1504.436,14.75,4.604,1
"344","26B.12.4",8,9,0.371240690431282,"Yes",1504.436,14.75,4.604,"26B.12.4",282.132324182224,282.132324182224,335.32101602188,53.1886918396555,0.0013158389117849,0.609295240775178,0.00442044731629193,0.606358500530966,1504.436,14.75,4.604,1
"345","26B.12.4",8,9,1.75384551220852,"No",1504.436,14.75,4.604,"26B.12.4",282.132324182224,282.132324182224,335.32101602188,53.1886918396555,0.00621639337956802,1.32432832492872,0.0096080244814856,2.26488376554212,1504.436,14.75,4.604,1
"346","26B.12.4",8,9,1.39299789769808,"Yes",1504.436,14.75,4.604,"26B.12.4",282.132324182224,282.132324182224,335.32101602188,53.1886918396555,0.00493739206145824,1.18025331929128,0.00856275786951514,1.8484397873173,1504.436,14.75,4.604,1
"347","26B.12.4",8,9,13.571491125474,"Yes",1504.436,14.75,4.604,"26B.12.4",282.132324182224,282.132324182224,335.32101602188,53.1886918396555,0.0481032833256935,3.68395047815168,0.0267271232642154,14.9930718485348,1504.436,14.75,4.604,1
"348","26B.12.4",8,9,1.73709239788247,"No",1504.436,14.75,4.604,"26B.12.4",282.132324182224,282.132324182224,335.32101602188,53.1886918396555,0.00615701303605506,1.31798801128177,0.00956202539833261,2.24568402015734,1504.436,14.75,4.604,1
"349","26B.12.4",8,9,1.76234080837432,"No",1504.436,14.75,4.604,"26B.12.4",282.132324182224,282.132324182224,335.32101602188,53.1886918396555,0.0062465044141346,1.32753184834652,0.00963126609827034,2.27461525290094,1504.436,14.75,4.604,1
"350","26B.12.4",8,9,1.08721487775678,"Yes",1504.436,14.75,4.604,"26B.12.4",282.132324182224,282.132324182224,335.32101602188,53.1886918396555,0.00385356368118445,1.04269596611705,0.00756477693682051,1.48957546708506,1504.436,14.75,4.604,1
"351","26B.12.4",8,9,1.52085118681059,"Yes",1504.436,14.75,4.604,"26B.12.4",282.132324182224,282.132324182224,335.32101602188,53.1886918396555,0.00539055987724505,1.23322795411497,0.00894708974455163,1.99673518609529,1504.436,14.75,4.604,1
"352","26B.12.4",8,9,1.0881401330349,"Yes",1504.436,14.75,4.604,"26B.12.4",282.132324182224,282.132324182224,335.32101602188,53.1886918396555,0.00385684318941098,1.04313955587683,0.00756799518805881,1.49067189693656,1504.436,14.75,4.604,1
"353","26B.12.4",8,9,1.00169877548188,"Yes",1504.436,14.75,4.604,"26B.12.4",282.132324182224,282.132324182224,335.32101602188,53.1886918396555,0.00355045731957639,1.00084902731725,0.00726117668536064,1.38791126459282,1504.436,14.75,4.604,1
"354","26B.12.4",8,9,1.92683342900841,"No",1504.436,14.75,4.604,"26B.12.4",282.132324182224,282.132324182224,335.32101602188,53.1886918396555,0.00682953799992056,1.38810425725462,0.0100707199532824,2.46248184920702,1504.436,14.75,4.604,1
"355","26B.12.4",8,9,1.45653337595286,"Yes",1504.436,14.75,4.604,"26B.12.4",282.132324182224,282.132324182224,335.32101602188,53.1886918396555,0.00516258950538439,1.20686924559078,0.00875585686669683,1.92224594862773,1504.436,14.75,4.604,1
"356","26B.12.4",8,9,1.42188539500814,"Yes",1504.436,14.75,4.604,"26B.12.4",282.132324182224,282.132324182224,335.32101602188,53.1886918396555,0.00503978195029425,1.19242836053498,0.00865108800044312,1.88202544874145,1504.436,14.75,4.604,1
"357","26B.12.4",8,9,19.698232551935,"Yes",1504.436,14.75,4.604,"26B.12.4",282.132324182224,282.132324182224,335.32101602188,53.1886918396555,0.069819126925748,4.43826909413287,0.032199717629799,21.4108934102703,1504.436,14.75,4.604,1
"358","26B.12.4",8,9,1.89949527724045,"No",1504.436,14.75,4.604,"26B.12.4",282.132324182224,282.132324182224,335.32101602188,53.1886918396555,0.00673263966738389,1.37822178086129,0.00999902241926647,2.43133019939663,1504.436,14.75,4.604,1
"359","26B.12.4",8,9,0.505627433608833,"No",1504.436,14.75,4.604,"26B.12.4",282.132324182224,282.132324182224,335.32101602188,53.1886918396555,0.00179216413813774,0.711074843886938,0.00515886006485737,0.780020451842437,1504.436,14.75,4.604,1
"360","26B.12.4",8,9,1.90296292203836,"No",1504.436,14.75,4.604,"26B.12.4",282.132324182224,282.132324182224,335.32101602188,53.1886918396555,0.00674493051285139,1.37947922131447,0.0100081451711028,2.43528307143069,1504.436,14.75,4.604,1
"361","26B.12.4",8,9,1.37816921791295,"Yes",1504.436,14.75,4.604,"26B.12.4",282.132324182224,282.132324182224,335.32101602188,53.1886918396555,0.00488483275323961,1.17395452122855,0.00851705998263055,1.83118049670894,1504.436,14.75,4.604,1
"362","26B.12.4",8,9,1.09659720371943,"Yes",1504.436,14.75,4.604,"26B.12.4",282.132324182224,282.132324182224,335.32101602188,53.1886918396555,0.00388681873620109,1.04718537218557,0.00759734765406764,1.50069018689036,1504.436,14.75,4.604,1
"363","26B.12.4",8,9,22.9732004676516,"Yes",1504.436,14.75,4.604,"26B.12.4",282.132324182224,282.132324182224,335.32101602188,53.1886918396555,0.0814270414928194,4.7930366645428,0.0347735623762815,24.8227607610507,1504.436,14.75,4.604,1
"364","26B.12.4",8,9,1.48573257494415,"No",1504.436,14.75,4.604,"26B.12.4",282.132324182224,282.132324182224,335.32101602188,53.1886918396555,0.0052660842009175,1.21890630277481,0.0088431859209292,1.95609006577323,1504.436,14.75,4.604,1
"365","26B.12.4",8,9,2.06261132094403,"No",1504.436,14.75,4.604,"26B.12.4",282.132324182224,282.132324182224,335.32101602188,53.1886918396555,0.00731079406417758,1.43617941808955,0.0104195060613483,2.61681121796251,1504.436,14.75,4.604,1
"366","26B.12.4",8,9,3.09847463019953,"No",1504.436,14.75,4.604,"26B.12.4",282.132324182224,282.132324182224,335.32101602188,53.1886918396555,0.0109823453912295,1.76024845695133,0.0127706324402567,3.77772786366185,1504.436,14.75,4.604,1
"367","26B.12.4",8,9,3.50323158411219,"No",1504.436,14.75,4.604,"26B.12.4",282.132324182224,282.132324182224,335.32101602188,53.1886918396555,0.0124169805578517,1.87169217130173,0.0135791584799335,4.22548925994321,1504.436,14.75,4.604,1
"368","26B.12.4",8,9,3.33793429332664,"No",1504.436,14.75,4.604,"26B.12.4",282.132324182224,282.132324182224,335.32101602188,53.1886918396555,0.0118310948701175,1.82700144863835,0.0132549265282623,4.04294649579566,1504.436,14.75,4.604,1
"369","26B.12.4",8,9,2.19099184944944,"No",1504.436,14.75,4.604,"26B.12.4",282.132324182224,282.132324182224,335.32101602188,53.1886918396555,0.0077658306463116,1.48019993563351,0.0107388756634995,2.76217859781969,1504.436,14.75,4.604,1
"370","26B.12.4",8,9,1.09625689162174,"Yes",1504.436,14.75,4.604,"26B.12.4",282.132324182224,282.132324182224,335.32101602188,53.1886918396555,0.00388561252171052,1.04702287062974,0.00759616870252118,1.50028716790218,1504.436,14.75,4.604,1
"371","26B.12.4",8,9,1.62121418401292,"Yes",1504.436,14.75,4.604,"26B.12.4",282.132324182224,282.132324182224,335.32101602188,53.1886918396555,0.00574629010947998,1.27326909332353,0.00923758888931855,2.11254945278831,1504.436,14.75,4.604,1
"372","26B.12.4",8,9,1.03290507304016,"Yes",1504.436,14.75,4.604,"26B.12.4",282.132324182224,282.132324182224,335.32101602188,53.1886918396555,0.00366106604776356,1.01631937551154,0.00737341432416208,1.42508733533412,1504.436,14.75,4.604,1
"373","26B.12.4",8,9,1.4269946053857,"Yes",1504.436,14.75,4.604,"26B.12.4",282.132324182224,282.132324182224,335.32101602188,53.1886918396555,0.00505789122009298,1.194568794748,0.00866661688699839,1.88796062028061,1504.436,14.75,4.604,1
"374","26B.12.4",8,9,13.6801029662562,"Yes",1504.436,14.75,4.604,"26B.12.4",282.132324182224,282.132324182224,335.32101602188,53.1886918396555,0.0484882510570483,3.69866232119887,0.0268338579352969,15.1073607668458,1504.436,14.75,4.604,1
"375","26B.12.4",8,9,1.22393760306993,"Yes",1504.436,14.75,4.604,"26B.12.4",282.132324182224,282.132324182224,335.32101602188,53.1886918396555,0.00433816864699067,1.10631713494365,0.00802634959680238,1.6508486383716,1504.436,14.75,4.604,1
"376","26B.12.4",8,9,2.19523042501515,"Yes",1504.436,14.75,4.604,"26B.12.4",282.132324182224,282.132324182224,335.32101602188,53.1886918396555,0.00778085400663729,1.48163100163811,0.0107492580716592,2.76696940009356,1504.436,14.75,4.604,1
"377","26B.12.4",8,9,1.73410208369554,"No",1504.436,14.75,4.604,"26B.12.4",282.132324182224,282.132324182224,335.32101602188,53.1886918396555,0.00614641405844556,1.31685309875306,0.00955379158866859,2.24225576040553,1504.436,14.75,4.604,1
"378","26B.12.4",8,9,9.75745311401092,"No",1504.436,14.75,4.604,"26B.12.4",282.132324182224,282.132324182224,335.32101602188,53.1886918396555,0.0345846692409082,3.12369222459751,0.02266244012275,10.9628386580345,1504.436,14.75,4.604,1
"379","26B.12.4",8,9,1.03976825787686,"Yes",1504.436,14.75,4.604,"26B.12.4",282.132324182224,282.132324182224,335.32101602188,53.1886918396555,0.003685392167986,1.0196902754645,0.0073978702605511,1.43325129943506,1504.436,14.75,4.604,1
"380","26B.12.4",8,9,2.40432509409174,"Yes",1504.436,14.75,4.604,"26B.12.4",282.132324182224,282.132324182224,335.32101602188,53.1886918396555,0.00852197670387752,1.55058862826081,0.0112495468235529,3.00267377342547,1504.436,14.75,4.604,1
"381","26B.12.4",8,9,3.52293789514499,"No",1504.436,14.75,4.604,"26B.12.4",282.132324182224,282.132324182224,335.32101602188,53.1886918396555,0.0124868283184368,1.87694909231577,0.0136172975311411,4.24722413721776,1504.436,14.75,4.604,1
"382","26B.12.4",8,9,2.17817850560788,"No",1504.436,14.75,4.604,"26B.12.4",282.132324182224,282.132324182224,335.32101602188,53.1886918396555,0.00772041456760208,1.47586534128554,0.0107074281079133,2.74769259963494,1504.436,14.75,4.604,1
"383","26B.12.4",8,9,1.54838533726967,"No",1504.436,14.75,4.604,"26B.12.4",282.132324182224,282.132324182224,335.32101602188,53.1886918396555,0.00548815291462169,1.24434132667434,0.00902771745115006,2.02855781879437,1504.436,14.75,4.604,1
"384","26B.12.4",8,9,1.65665504647421,"No",1504.436,14.75,4.604,"26B.12.4",282.132324182224,282.132324182224,335.32101602188,53.1886918396555,0.00587190798245507,1.28711112436891,0.00933801305955949,2.15333174549379,1504.436,14.75,4.604,1
"385","26B.12.4",8,9,1.07586305646691,"Yes",1504.436,14.75,4.604,"26B.12.4",282.132324182224,282.132324182224,335.32101602188,53.1886918396555,0.00381332787579502,1.0372381869498,0.00752518065630123,1.47611757143266,1504.436,14.75,4.604,1
"386","26B.12.4",8,9,1.03557668644236,"Yes",1504.436,14.75,4.604,"26B.12.4",282.132324182224,282.132324182224,335.32101602188,53.1886918396555,0.00367053541080072,1.01763288392345,0.00738294384999094,1.42826581174901,1504.436,14.75,4.604,1
"387","26B.12.4",8,9,1.20044280046597,"Yes",1504.436,14.75,4.604,"26B.12.4",282.132324182224,282.132324182224,335.32101602188,53.1886918396555,0.00425489282004647,1.09564720620552,0.00794893908265577,1.62323647178554,1504.436,14.75,4.604,1
"388","26B.12.4",8,9,1.2046471671015,"Yes",1504.436,14.75,4.604,"26B.12.4",282.132324182224,282.132324182224,335.32101602188,53.1886918396555,0.00426979492900445,1.0975641972575,0.00796284688528407,1.62818057624924,1504.436,14.75,4.604,1
"389","26B.12.4",8,9,13.6705790824001,"Yes",1504.436,14.75,4.604,"26B.12.4",282.132324182224,282.132324182224,335.32101602188,53.1886918396555,0.0484544942591213,3.69737462024071,0.0268245156429832,15.0973399786828,1504.436,14.75,4.604,1
"390","26B.12.4",8,9,1.04036814668449,"Yes",1504.436,14.75,4.604,"26B.12.4",282.132324182224,282.132324182224,335.32101602188,53.1886918396555,0.00368751843554279,1.01998438551013,0.00740000403392555,1.43396468085716,1504.436,14.75,4.604,1
"391","26B.12.4",8,9,1.23465901575072,"Yes",1504.436,14.75,4.604,"26B.12.4",282.132324182224,282.132324182224,335.32101602188,53.1886918396555,0.00437617000933675,1.1111521118869,0.00806142743661273,1.66343579546446,1504.436,14.75,4.604,1
"392","26B.12.4",8,9,2.43927371495168,"No",1504.436,14.75,4.604,"26B.12.4",282.132324182224,282.132324182224,335.32101602188,53.1886918396555,0.00864584985794182,1.5618174397002,0.0113310120411857,3.04195542264173,1504.436,14.75,4.604,1
"393","26B.12.4",8,9,1.11214643450454,"Yes",1504.436,14.75,4.604,"26B.12.4",282.132324182224,282.132324182224,335.32101602188,53.1886918396555,0.00394193199140919,1.05458353604849,0.00765102145849738,1.51909425711915,1504.436,14.75,4.604,1
"394","26B.12.4",8,9,8.80983590469866,"Yes",1504.436,14.75,4.604,"26B.12.4",282.132324182224,282.132324182224,335.32101602188,53.1886918396555,0.0312259005778031,2.96813677324659,0.0215338826822161,9.95519495479434,1504.436,14.75,4.604,1
"395","26B.12.4",8,9,3.08562662159837,"No",1504.436,14.75,4.604,"26B.12.4",282.132324182224,282.132324182224,335.32101602188,53.1886918396555,0.010936806445494,1.75659517863347,0.0127441278440362,3.76347011025999,1504.436,14.75,4.604,1
"396","26B.12.4",8,9,2.13431186433624,"No",1504.436,14.75,4.604,"26B.12.4",282.132324182224,282.132324182224,335.32101602188,53.1886918396555,0.00756493205988593,1.46092842546657,0.0105990605300513,2.698062028659,1504.436,14.75,4.604,1
"397","26B.12.4",8,9,2.2525379478858,"No",1504.436,14.75,4.604,"26B.12.4",282.132324182224,282.132324182224,335.32101602188,53.1886918396555,0.00798397686055613,1.50084574420085,0.0108886613551752,2.83169160125258,1504.436,14.75,4.604,1
"398","26B.12.4",8,9,8.95800957510828,"No",1504.436,14.75,4.604,"26B.12.4",282.132324182224,282.132324182224,335.32101602188,53.1886918396555,0.0317510926869991,2.99299341380971,0.0217142180315116,10.1129604265254,1504.436,14.75,4.604,1
"399","26B.12.4",8,9,2.60143253856005,"No",1504.436,14.75,4.604,"26B.12.4",282.132324182224,282.132324182224,335.32101602188,53.1886918396555,0.0092206114492568,1.61289569983928,0.0117015856856892,3.2238245736315,1504.436,14.75,4.604,1
"400","26B.12.4",8,9,1.16241366212023,"Yes",1504.436,14.75,4.604,"26B.12.4",282.132324182224,282.132324182224,335.32101602188,53.1886918396555,0.00412010096854216,1.07815289366594,0.00782201754816684,1.57845654305406,1504.436,14.75,4.604,1
"401","26B.12.4",8,9,1.3405086612606,"Yes",1504.436,14.75,4.604,"26B.12.4",282.132324182224,282.132324182224,335.32101602188,53.1886918396555,0.00475134731600194,1.15780337763396,0.00839988316164158,1.78728745823427,1504.436,14.75,4.604,1
"402","26B.12.4",8,9,2.54270802016036,"No",1504.436,14.75,4.604,"26B.12.4",282.132324182224,282.132324182224,335.32101602188,53.1886918396555,0.00901246614520523,1.59458710021133,0.0115687564845493,3.15803504378508,1504.436,14.75,4.604,1
"403","26B.12.4",8,9,2.16606747541949,"No",1504.436,14.75,4.604,"26B.12.4",282.132324182224,282.132324182224,335.32101602188,53.1886918396555,0.00767748779477132,1.47175659516766,0.0106776190850708,2.73399606651655,1504.436,14.75,4.604,1
"404","26B.12.4",8,9,2.38371598930822,"No",1504.436,14.75,4.604,"26B.12.4",282.132324182224,282.132324182224,335.32101602188,53.1886918396555,0.0084489290485149,1.54392875137042,0.0112012293036433,2.97949472296502,1504.436,14.75,4.604,1
"405","26B.12.4",8,9,1.02624476617668,"Yes",1504.436,14.75,4.604,"26B.12.4",282.132324182224,282.132324182224,335.32101602188,53.1886918396555,0.00363745901555698,1.01303739623801,0.00734960350881194,1.41716056235053,1504.436,14.75,4.604,1
"406","26B.12.4",8,9,1.60319530208818,"Yes",1504.436,14.75,4.604,"26B.12.4",282.132324182224,282.132324182224,335.32101602188,53.1886918396555,0.00568242333357275,1.26617348814773,0.00918611015330064,2.09179248423722,1504.436,14.75,4.604,1
"407","26B.12.4",8,9,2.34550230397818,"No",1504.436,14.75,4.604,"26B.12.4",282.132324182224,282.132324182224,335.32101602188,53.1886918396555,0.00831348308201388,1.53150328239223,0.0111110823152499,2.93648623724905,1504.436,14.75,4.604,1
"408","26B.12.4",8,9,1.07739149059402,"Yes",1504.436,14.75,4.604,"26B.12.4",282.132324182224,282.132324182224,335.32101602188,53.1886918396555,0.00381874531291973,1.03797470614366,0.00753052411555711,1.47793021716748,1504.436,14.75,4.604,1
"409","26B.12.4",8,9,5.90228025378538,"Yes",1504.436,14.75,4.604,"26B.12.4",282.132324182224,282.132324182224,335.32101602188,53.1886918396555,0.0209202553124441,2.42946089776835,0.017625780060112,6.83977243783623,1504.436,14.75,4.604,1
"410","26B.12.4",8,9,2.90914716699982,"No",1504.436,14.75,4.604,"26B.12.4",282.132324182224,282.132324182224,335.32101602188,53.1886918396555,0.0103112862924592,1.70562222282656,0.0123743181842505,3.56732096362777,1504.436,14.75,4.604,1
"411","26B.12.4",8,9,3.63564548384381,"No",1504.436,14.75,4.604,"26B.12.4",282.132324182224,282.132324182224,335.32101602188,53.1886918396555,0.0128863131666388,1.90673686801399,0.0138334083495614,4.37142637764075,1504.436,14.75,4.604,1
"412","26B.12.4",8,9,1.23337927105138,"Yes",1504.436,14.75,4.604,"26B.12.4",282.132324182224,282.132324182224,335.32101602188,53.1886918396555,0.00437163403600206,1.11057609872146,0.00805724845131804,1.66193377600408,1504.436,14.75,4.604,1
"413","26B.12.4",8,9,1.97068723660395,"Yes",1504.436,14.75,4.604,"26B.12.4",282.132324182224,282.132324182224,335.32101602188,53.1886918396555,0.00698497501949161,1.40381168131767,0.0101846775815367,2.51239691397455,1504.436,14.75,4.604,1
"414","26B.12.4",8,9,2.71969219409362,"No",1504.436,14.75,4.604,"26B.12.4",282.132324182224,282.132324182224,335.32101602188,53.1886918396555,0.00963977524367968,1.64914893023451,0.0119646034877051,3.35607380198483,1504.436,14.75,4.604,1
"415","26B.12.4",8,9,1.50354158163698,"No",1504.436,14.75,4.604,"26B.12.4",282.132324182224,282.132324182224,335.32101602188,53.1886918396555,0.00532920708747242,1.22618986361696,0.00889602827849756,1.97670968833884,1504.436,14.75,4.604,1
"416","26B.12.4",8,9,1.39627997577423,"Yes",1504.436,14.75,4.604,"26B.12.4",282.132324182224,282.132324182224,335.32101602188,53.1886918396555,0.00494902517753478,1.18164291381713,0.00857283940139239,1.85225808888575,1504.436,14.75,4.604,1
"417","26B.12.4",8,9,19.6988125713401,"Yes",1504.436,14.75,4.604,"26B.12.4",282.132324182224,282.132324182224,335.32101602188,53.1886918396555,0.0698211827674769,4.43833443662599,0.0322001916906959,21.4114986443544,1504.436,14.75,4.604,1
"418","26B.2.4",8,9,2.55534620560512,"No",1094.558,19.053,3.419,"26B.2.4",41.5376891529109,41.5376891529109,54.9417484208658,13.4040592679549,0.0615187377467782,1.59854502770648,0.0593075650203696,3.35030832217624,1094.558,19.053,3.419,1
"419","26B.2.4",8,9,1.15258296209387,"Yes",1094.558,19.053,3.419,"26B.2.4",41.5376891529109,41.5376891529109,54.9417484208658,13.4040592679549,0.0277478835630678,1.07358416628314,0.039831009851521,1.68648017884616,1094.558,19.053,3.419,1
"420","26B.2.4",8,9,0.887658609424965,"Yes",1094.558,19.053,3.419,"26B.2.4",41.5376891529109,41.5376891529109,54.9417484208658,13.4040592679549,0.0213699564787359,0.942156361452262,0.0349549113085382,1.35619631231072,1094.558,19.053,3.419,1
"421","26B.2.4",8,9,0.519563248086337,"No",1094.558,19.053,3.419,"26B.2.4",41.5376891529109,41.5376891529109,54.9417484208658,13.4040592679549,0.0125082367045911,0.720807358512895,0.0267426494350923,0.878023306096454,1094.558,19.053,3.419,1
"422","26B.2.4",8,9,1.64007727131245,"No",1094.558,19.053,3.419,"26B.2.4",41.5376891529109,41.5376891529109,54.9417484208658,13.4040592679549,0.0394840759021259,1.28065501651008,0.047513538463979,2.27695155691387,1094.558,19.053,3.419,1
"423","26B.2.4",8,9,1.44374561133562,"Yes",1094.558,19.053,3.419,"26B.2.4",41.5376891529109,41.5376891529109,54.9417484208658,13.4040592679549,0.0347574850883211,1.20155965783461,0.0445790242362592,2.04128549430603,1094.558,19.053,3.419,1
"424","26B.2.4",8,9,1.97577543771569,"Yes",1094.558,19.053,3.419,"26B.2.4",41.5376891529109,41.5376891529109,54.9417484208658,13.4040592679549,0.0475658487029058,1.40562279353875,0.0521499637339087,2.6747966424267,1094.558,19.053,3.419,1
"425","26B.2.4",8,9,3.92177865609068,"No",1094.558,19.053,3.419,"26B.2.4",41.5376891529109,41.5376891529109,54.9417484208658,13.4040592679549,0.0944149454644335,1.98034811487543,0.0734728284472864,4.90661280318238,1094.558,19.053,3.419,1
"426","26B.2.4",8,9,2.014265647195,"No",1094.558,19.053,3.419,"26B.2.4",41.5376891529109,41.5376891529109,54.9417484208658,13.4040592679549,0.0484924820872912,1.41924826834314,0.0526554820138999,2.72006284889205,1094.558,19.053,3.419,1
"427","26B.2.4",8,9,1.14206521728309,"Yes",1094.558,19.053,3.419,"26B.2.4",41.5376891529109,41.5376891529109,54.9417484208658,13.4040592679549,0.0274946738871017,1.0686745141918,0.0396488570152932,1.67352084662275,1094.558,19.053,3.419,1
"428","26B.2.4",8,9,1.29200249658432,"Yes",1094.558,19.053,3.419,"26B.2.4",41.5376891529109,41.5376891529109,54.9417484208658,13.4040592679549,0.0311043421753224,1.13666287727906,0.0421712909752621,1.8572689802229,1094.558,19.053,3.419,1
"429","26B.2.4",8,9,1.61772017325852,"Yes",1094.558,19.053,3.419,"26B.2.4",41.5376891529109,41.5376891529109,54.9417484208658,13.4040592679549,0.0389458394592745,1.27189629029199,0.0471885812587254,2.25023871322118,1094.558,19.053,3.419,1
"430","26B.2.4",8,9,3.35876682485869,"No",1094.558,19.053,3.419,"26B.2.4",41.5376891529109,41.5376891529109,54.9417484208658,13.4040592679549,0.0808607049008962,1.83269387101575,0.0679947133385704,4.27017199235648,1094.558,19.053,3.419,1
"431","26B.2.4",8,9,2.02709865624344,"No",1094.558,19.053,3.419,"26B.2.4",41.5376891529109,41.5376891529109,54.9417484208658,13.4040592679549,0.0488014306424502,1.42376214876061,0.0528229513386379,2.73514062669484,1094.558,19.053,3.419,1
"432","26B.2.4",8,9,1.43339304426089,"No",1094.558,19.053,3.419,"26B.2.4",41.5376891529109,41.5376891529109,54.9417484208658,13.4040592679549,0.0345082519873507,1.19724393682361,0.0444189068169603,2.02878670385319,1094.558,19.053,3.419,1
"433","26B.2.4",8,9,5.94634167491354,"No",1094.558,19.053,3.419,"26B.2.4",41.5376891529109,41.5376891529109,54.9417484208658,13.4040592679549,0.14315533184871,2.43851218469655,0.0904711581095412,7.15902244025434,1094.558,19.053,3.419,1
"434","26B.2.4",8,9,2.56757337961125,"No",1094.558,19.053,3.419,"26B.2.4",41.5376891529109,41.5376891529109,54.9417484208658,13.4040592679549,0.0618131011130483,1.60236493334423,0.0594492872102708,3.36443514881539,1094.558,19.053,3.419,1
"435","26B.2.4",8,9,1.51866106832146,"No",1094.558,19.053,3.419,"26B.2.4",41.5376891529109,41.5376891529109,54.9417484208658,13.4040592679549,0.0365610388852128,1.23233967246107,0.0457209925181324,2.13150796182423,1094.558,19.053,3.419,1
"436","26B.2.4",8,9,4.52327296871599,"No",1094.558,19.053,3.419,"26B.2.4",41.5376891529109,41.5376891529109,54.9417484208658,13.4040592679549,0.108895633362382,2.12679876074724,0.0789062889077521,5.58093754184986,1094.558,19.053,3.419,1
"437","26B.3.4",8,9,1.62383471275206,"No",1539.66,19.03,11.45,"26B.3.4",425.275974653677,425.275974653677,452.67695781339,27.4009831597124,0.00381830813291163,1.27429773316602,0.00563387123351789,1.77820832354567,1539.66,19.03,11.45,1
"438","26B.3.4",8,9,6.4375798295576,"No",1539.66,19.03,11.45,"26B.3.4",425.275974653677,425.275974653677,452.67695781339,27.4009831597124,0.0151374171437736,2.53723862290436,0.0112175320712817,6.74495123693632,1539.66,19.03,11.45,1
"439","26B.3.4",8,9,1.82113446971304,"No",1539.66,19.03,11.45,"26B.3.4",425.275974653677,425.275974653677,452.67695781339,27.4009831597124,0.0042822415989901,1.34949415327116,0.005966326465186,1.98461768071094,1539.66,19.03,11.45,1
"440","26B.3.4",8,9,1.38794493199093,"Yes",1539.66,19.03,11.45,"26B.3.4",425.275974653677,425.275974653677,452.67695781339,27.4009831597124,0.00326363353378051,1.17811074691259,0.00520861339872161,1.53066606001476,1539.66,19.03,11.45,1
"441","26B.3.4",8,9,1.42051691384288,"Yes",1539.66,19.03,11.45,"26B.3.4",425.275974653677,425.275974653677,452.67695781339,27.4009831597124,0.00334022375705486,1.1918544012768,0.00526937626202324,1.56490300406076,1539.66,19.03,11.45,1
"442","26B.3.4",8,9,4.80236123278104,"Yes",1539.66,19.03,11.45,"26B.3.4",425.275974653677,425.275974653677,452.67695781339,27.4009831597124,0.011292340783398,2.19142903895632,0.00968865336689985,5.06783986052775,1539.66,19.03,11.45,1
"443","26B.3.4",8,9,1.63819360643958,"No",1539.66,19.03,11.45,"26B.3.4",425.275974653677,425.275974653677,452.67695781339,27.4009831597124,0.00385207184058221,1.27991937497625,0.00565872539848693,1.79324824578896,1539.66,19.03,11.45,1
"444","26B.3.4",8,9,1.13942384583876,"Yes",1539.66,19.03,11.45,"26B.3.4",425.275974653677,425.275974653677,452.67695781339,27.4009831597124,0.00267925750277015,1.06743798219791,0.00471931165295867,1.26873762496691,1539.66,19.03,11.45,1
"445","26B.3.4",8,9,0.244722320535331,"Yes",1539.66,19.03,11.45,"26B.3.4",425.275974653677,425.275974653677,452.67695781339,27.4009831597124,0.000575443559290223,0.494694168689435,0.00218712093244016,0.304651584373378,1539.66,19.03,11.45,1
"446","26B.3.4",8,9,1.26547856997699,"Yes",1539.66,19.03,11.45,"26B.3.4",425.275974653677,425.275974653677,452.67695781339,27.4009831597124,0.00297566438124685,1.12493491810726,0.00497351467381021,1.40175776179864,1539.66,19.03,11.45,1
"447","26B.3.4",8,9,4.54681118302192,"Yes",1539.66,19.03,11.45,"26B.3.4",425.275974653677,425.275974653677,452.67695781339,27.4009831597124,0.0106914367469844,2.13232529953146,0.00942734641431523,4.80512974336135,1539.66,19.03,11.45,1
"448","26B.3.4",8,9,1.53040627361501,"No",1539.66,19.03,11.45,"26B.3.4",425.275974653677,425.275974653677,452.67695781339,27.4009831597124,0.0035986191669099,1.2370959031599,0.00546939607637784,1.68027310339764,1539.66,19.03,11.45,1
"449","26B.3.4",8,9,1.05722147511085,"Yes",1539.66,19.03,11.45,"26B.3.4",425.275974653677,425.275974653677,452.67695781339,27.4009831597124,0.00248596567434076,1.02821275770672,0.00454589074971326,1.18178335098964,1539.66,19.03,11.45,1
"450","26B.3.4",8,9,0.334856852027655,"Yes",1539.66,19.03,11.45,"26B.3.4",425.275974653677,425.275974653677,452.67695781339,27.4009831597124,0.000787387183817156,0.578668170912877,0.00255838323886725,0.404959068071947,1539.66,19.03,11.45,1
"451","26B.3.4",8,9,1.49286473153684,"No",1539.66,19.03,11.45,"26B.3.4",425.275974653677,425.275974653677,452.67695781339,27.4009831597124,0.00351034344875124,1.22182843784913,0.00540189620457833,1.640881998469,1539.66,19.03,11.45,1
"452","26B.3.4",8,9,1.58692616049454,"No",1539.66,19.03,11.45,"26B.3.4",425.275974653677,425.275974653677,452.67695781339,27.4009831597124,0.00373152083605676,1.25973257499143,0.00556947637232045,1.73953528878091,1539.66,19.03,11.45,1
"453","26B.3.4",8,9,1.56006172271405,"No",1539.66,19.03,11.45,"26B.3.4",425.275974653677,425.275974653677,452.67695781339,27.4009831597124,0.00366835141341921,1.2490243082959,0.00552213343657896,1.71137360801543,1539.66,19.03,11.45,1
"454","26B.3.4",8,9,1.33531604912035,"No",1539.66,19.03,11.45,"26B.3.4",425.275974653677,425.275974653677,452.67695781339,27.4009831597124,0.00313988122702619,1.15555876056579,0.00510890751066181,1.47530513778452,1539.66,19.03,11.45,1
"455","26B.3.4",8,9,1.15908074843459,"No",1539.66,19.03,11.45,"26B.3.4",425.275974653677,425.275974653677,452.67695781339,27.4009831597124,0.00272547902424652,1.07660612502186,0.00475984545818823,1.28950519367724,1539.66,19.03,11.45,1
"456","26B.3.4",8,9,1.02529709793394,"Yes",1539.66,19.03,11.45,"26B.3.4",425.275974653677,425.275974653677,452.67695781339,27.4009831597124,0.00241089823794747,1.01256955214639,0.00447672967101671,1.14796389226006,1539.66,19.03,11.45,1
"457","26B.3.4",8,9,1.06138598316582,"Yes",1539.66,19.03,11.45,"26B.3.4",425.275974653677,425.275974653677,452.67695781339,27.4009831597124,0.00249575815805291,1.03023588714712,0.00455483532401432,1.1861929491744,1539.66,19.03,11.45,1
"458","26B.3.4",8,9,26.0252363972632,"Yes",1539.66,19.03,11.45,"26B.3.4",425.275974653677,425.275974653677,452.67695781339,27.4009831597124,0.0611961125207152,5.10149354574356,0.0225545074650128,26.6432520764877,1539.66,19.03,11.45,1
"459","26B.3.4",8,9,1.71809938183428,"No",1539.66,19.03,11.45,"26B.3.4",425.275974653677,425.275974653677,452.67695781339,27.4009831597124,0.00403996342194832,1.31076290069344,0.00579508948966884,1.87689053134972,1539.66,19.03,11.45,1
"460","26B.3.4",8,9,1.16301737645858,"No",1539.66,19.03,11.45,"26B.3.4",425.275974653677,425.275974653677,452.67695781339,27.4009831597124,0.00273473566759955,1.07843283354068,0.00476792162461961,1.29366311660161,1539.66,19.03,11.45,1
"461","26B.3.4",8,9,0.65206051937221,"No",1539.66,19.03,11.45,"26B.3.4",425.275974653677,425.275974653677,452.67695781339,27.4009831597124,0.00153326441707227,0.807502643569797,0.0035700965293994,0.749884674252831,1539.66,19.03,11.45,1
"462","26B.3.4",8,9,1.87786365687907,"No",1539.66,19.03,11.45,"26B.3.4",425.275974653677,425.275974653677,452.67695781339,27.4009831597124,0.00441563541981958,1.3703516544592,0.00605854076714072,2.04387363041192,1539.66,19.03,11.45,1
"463","26B.3.4",8,9,3.26517629283156,"No",1539.66,19.03,11.45,"26B.3.4",425.275974653677,425.275974653677,452.67695781339,27.4009831597124,0.00767778216366573,1.80697988168977,0.00798894301546342,3.48408118586218,1539.66,19.03,11.45,1
"464","26B.3.4",8,9,1.67282863780991,"No",1539.66,19.03,11.45,"26B.3.4",425.275974653677,425.275974653677,452.67695781339,27.4009831597124,0.00393351314795569,1.2933787681147,0.00571823149808186,1.82951380279219,1539.66,19.03,11.45,1
"465","26B.3.4",8,9,1.61195425399919,"No",1539.66,19.03,11.45,"26B.3.4",425.275974653677,425.275974653677,452.67695781339,27.4009831597124,0.00379037225253998,1.26962760445699,0.00561322385802169,1.76576210640454,1539.66,19.03,11.45,1
"466","26B.3.4",8,9,8.32874000488342,"No",1539.66,19.03,11.45,"26B.3.4",425.275974653677,425.275974653677,452.67695781339,27.4009831597124,0.0195843181869512,2.88595564846091,0.0127592650335148,8.67835641119706,1539.66,19.03,11.45,1
"467","26B.3.4",8,9,1.36753338961862,"Yes",1539.66,19.03,11.45,"26B.3.4",425.275974653677,425.275974653677,452.67695781339,27.4009831597124,0.00321563754155703,1.16941583263552,0.00517017181152536,1.50920118035905,1539.66,19.03,11.45,1
"468","26B.3.4",8,9,1.18145537025528,"Yes",1539.66,19.03,11.45,"26B.3.4",425.275974653677,425.275974653677,452.67695781339,27.4009831597124,0.00277809102951888,1.08694773115145,0.00480556732974574,1.31313263973051,1539.66,19.03,11.45,1
"469","26B.3.4",8,9,4.88245873007439,"Yes",1539.66,19.03,11.45,"26B.3.4",425.275974653677,425.275974653677,452.67695781339,27.4009831597124,0.0114806831823745,2.2096286407617,0.0097691166765363,5.15014213161342,1539.66,19.03,11.45,1
"470","26B.3.4",8,9,1.34294690354437,"No",1539.66,19.03,11.45,"26B.3.4",425.275974653677,425.275974653677,452.67695781339,27.4009831597124,0.00315782452709207,1.15885585969281,0.00512348450585087,1.48333541620824,1539.66,19.03,11.45,1
"471","26B.3.4",8,9,0.499796822226055,"No",1539.66,19.03,11.45,"26B.3.4",425.275974653677,425.275974653677,452.67695781339,27.4009831597124,0.00117522938518468,0.706963098206728,0.00312559534438618,0.585441207621657,1539.66,19.03,11.45,1
"472","26B.3.4",8,9,1.84113307875451,"No",1539.66,19.03,11.45,"26B.3.4",425.275974653677,425.275974653677,452.67695781339,27.4009831597124,0.00432926661388251,1.35688359071606,0.00599899633343515,2.00551147626214,1539.66,19.03,11.45,1
"473","26B.3.4",8,9,1.36295483000809,"Yes",1539.66,19.03,11.45,"26B.3.4",425.275974653677,425.275974653677,452.67695781339,27.4009831597124,0.00320487145110422,1.16745656450597,0.00516150957815046,1.50438526703769,1539.66,19.03,11.45,1
"474","26B.3.4",8,9,1.39967183054425,"Yes",1539.66,19.03,11.45,"26B.3.4",425.275974653677,425.275974653677,452.67695781339,27.4009831597124,0.00329120833050602,1.18307727158637,0.00523057118751925,1.54299462356914,1539.66,19.03,11.45,1
"475","26B.3.4",8,9,13.105535044998,"Yes",1539.66,19.03,11.45,"26B.3.4",425.275974653677,425.275974653677,452.67695781339,27.4009831597124,0.0308165422598126,3.62015677077638,0.0160052839778888,13.5440955617426,1539.66,19.03,11.45,1
"476","26B.3.4",8,9,1.70589074036905,"No",1539.66,19.03,11.45,"26B.3.4",425.275974653677,425.275974653677,452.67695781339,27.4009831597124,0.00401125584806016,1.30609752329949,0.00577446312048588,1.86411670708986,1539.66,19.03,11.45,1
"477","26B.3.4",8,9,1.71866705876973,"No",1539.66,19.03,11.45,"26B.3.4",425.275974653677,425.275974653677,452.67695781339,27.4009831597124,0.00404129826560112,1.31097942728699,0.00579604678788492,1.87748443919747,1539.66,19.03,11.45,1
"478","26B.3.4",8,9,1.29237882595222,"No",1539.66,19.03,11.45,"26B.3.4",425.275974653677,425.275974653677,452.67695781339,27.4009831597124,0.00303891802729903,1.13682840655581,0.00502609766182982,1.43009884334309,1539.66,19.03,11.45,1
"479","26B.3.4",8,9,0.306760523661873,"No",1539.66,19.03,11.45,"26B.3.4",425.275974653677,425.275974653677,452.67695781339,27.4009831597124,0.000721321076065214,0.553859660619794,0.00244870090258986,0.373857335856911,1539.66,19.03,11.45,1
"480","26B.3.4",8,9,3.44647146968041,"No",1539.66,19.03,11.45,"26B.3.4",425.275974653677,425.275974653677,452.67695781339,27.4009831597124,0.00810408223151339,1.85646747067661,0.00820773545050639,3.67137149053911,1539.66,19.03,11.45,1
"481","26B.3.4",8,9,1.5062011609866,"No",1539.66,19.03,11.45,"26B.3.4",425.275974653677,425.275974653677,452.67695781339,27.4009831597124,0.00354170291941174,1.22727387366741,0.00542597133506951,1.65487811016393,1539.66,19.03,11.45,1
"482","26B.3.4",8,9,1.59921479798342,"No",1539.66,19.03,11.45,"26B.3.4",425.275974653677,425.275974653677,452.67695781339,27.4009831597124,0.00376041651373731,1.26460064762889,0.00559099888913975,1.75241366439071,1539.66,19.03,11.45,1
"483","26B.3.4",8,9,1.4646278554986,"No",1539.66,19.03,11.45,"26B.3.4",425.275974653677,425.275974653677,452.67695781339,27.4009831597124,0.00344394685519519,1.21021810245038,0.00535056508084482,1.61123859917377,1539.66,19.03,11.45,1
"484","26B.3.4",8,9,1.45873415155802,"Yes",1539.66,19.03,11.45,"26B.3.4",425.275974653677,425.275974653677,452.67695781339,27.4009831597124,0.00343008831558363,1.20778067195912,0.00533978881626314,1.60504961498887,1539.66,19.03,11.45,1
"485","26B.3.4",8,9,1.24945215290878,"Yes",1539.66,19.03,11.45,"26B.3.4",425.275974653677,425.275974653677,452.67695781339,27.4009831597124,0.0029379796352857,1.11778895723154,0.0049419212538694,1.38486565396268,1539.66,19.03,11.45,1
"486","26B.3.4",8,9,9.68001409829424,"Yes",1539.66,19.03,11.45,"26B.3.4",425.275974653677,425.275974653677,452.67695781339,27.4009831597124,0.0227617233872126,3.11127210290168,0.0137554246107262,10.0569262564074,1539.66,19.03,11.45,1
"487","26B.3.4",8,9,2.15138514876283,"No",1539.66,19.03,11.45,"26B.3.4",425.275974653677,425.275974653677,452.67695781339,27.4009831597124,0.00505879776188815,1.46676008561824,0.00648477764478628,2.32907443180209,1539.66,19.03,11.45,1
"488","26B.3.4",8,9,1.17537142720796,"No",1539.66,19.03,11.45,"26B.3.4",425.275974653677,425.275974653677,452.67695781339,27.4009831597124,0.002763785158955,1.08414548249207,0.00479317814651144,1.30670922088202,1539.66,19.03,11.45,1
"489","26B.3.4",8,9,1.09397024842445,"Yes",1539.66,19.03,11.45,"26B.3.4",425.275974653677,425.275974653677,452.67695781339,27.4009831597124,0.00257237726470516,1.04593032675434,0.00462422291651174,1.22067850268654,1539.66,19.03,11.45,1
"490","26B.3.4",8,9,0.484945368018546,"Yes",1539.66,19.03,11.45,"26B.3.4",425.275974653677,425.275974653677,452.67695781339,27.4009831597124,0.00114030746367335,0.696380189277773,0.0030788066350995,0.569307696778919,1539.66,19.03,11.45,1
"491","26B.3.4",8,9,3.25291627826608,"No",1539.66,19.03,11.45,"26B.3.4",425.275974653677,425.275974653677,452.67695781339,27.4009831597124,0.00764895379033601,1.80358428643246,0.00797393055334965,3.47140981507513,1539.66,19.03,11.45,1
"492","26B.3.4",8,9,1.77432067884662,"No",1539.66,19.03,11.45,"26B.3.4",425.275974653677,425.275974653677,452.67695781339,27.4009831597124,0.00417216298261744,1.33203629036398,0.00588914250018977,1.93568897331947,1539.66,19.03,11.45,1
"493","26B.3.4",8,9,1.33320721315677,"No",1539.66,19.03,11.45,"26B.3.4",425.275974653677,425.275974653677,452.67695781339,27.4009831597124,0.00313492248002598,1.15464592544934,0.00510487172265902,1.47308571726184,1539.66,19.03,11.45,1
"494","26B.3.4",8,9,1.14452820112929,"Yes",1539.66,19.03,11.45,"26B.3.4",425.275974653677,425.275974653677,452.67695781339,27.4009831597124,0.00269125995669361,1.0698262481026,0.00472987055314989,1.27413130450377,1539.66,19.03,11.45,1
"495","26B.3.4",8,9,3.58403245351643,"Yes",1539.66,19.03,11.45,"26B.3.4",425.275974653677,425.275974653677,452.67695781339,27.4009831597124,0.00842754509335985,1.89315410189356,0.00836993283255333,3.81337684210915,1539.66,19.03,11.45,1
"496","26B.3.4",8,9,2.08326240240221,"No",1539.66,19.03,11.45,"26B.3.4",425.275974653677,425.275974653677,452.67695781339,27.4009831597124,0.00489861296326158,1.44335110156961,0.00638128283473919,2.25811582589426,1539.66,19.03,11.45,1
"497","26B.3.4",8,9,1.62806837969502,"No",1539.66,19.03,11.45,"26B.3.4",425.275974653677,425.275974653677,452.67695781339,27.4009831597124,0.00382826323782066,1.27595782833722,0.00564121077606472,1.78264310117036,1539.66,19.03,11.45,1
"498","26B.3.4",8,9,1.44483617767226,"Yes",1539.66,19.03,11.45,"26B.3.4",425.275974653677,425.275974653677,452.67695781339,27.4009831597124,0.00339740842131714,1.20201338498049,0.00531429073103655,1.59045296849921,1539.66,19.03,11.45,1
"499","26B.3.4",8,9,14.47469770578,"Yes",1539.66,19.03,11.45,"26B.3.4",425.275974653677,425.275974653677,452.67695781339,27.4009831597124,0.0340360108928502,3.80456274830368,0.0168205718851336,14.9355979127413,1539.66,19.03,11.45,1
"500","26B.3.4",8,9,1.40492105716327,"No",1539.66,19.03,11.45,"26B.3.4",425.275974653677,425.275974653677,452.67695781339,27.4009831597124,0.00330355143694013,1.18529365861936,0.00524037018411363,1.54851235232883,1539.66,19.03,11.45,1
"501","26B.3.4",8,9,1.16588249493623,"Yes",1539.66,19.03,11.45,"26B.3.4",425.275974653677,425.275974653677,452.67695781339,27.4009831597124,0.00274147274810355,1.07976038774176,0.00477379095109625,1.29668906039521,1539.66,19.03,11.45,1
"502","26B.3.4",8,9,5.93495277290909,"Yes",1539.66,19.03,11.45,"26B.3.4",425.275974653677,425.275974653677,452.67695781339,27.4009831597124,0.0139555327049505,2.43617585016129,0.0107707176155092,6.23008102490968,1539.66,19.03,11.45,1
"503","26B.3.4",8,9,1.60120856955707,"No",1539.66,19.03,11.45,"26B.3.4",425.275974653677,425.275974653677,452.67695781339,27.4009831597124,0.00376510469668787,1.26538870295142,0.00559448300599599,1.75450290419167,1539.66,19.03,11.45,1
"504","26B.3.4",8,9,1.86126142504051,"No",1539.66,19.03,11.45,"26B.3.4",425.275974653677,425.275974653677,452.67695781339,27.4009831597124,0.00437659669478443,1.36428055217412,0.00603169946653297,2.02653592054743,1539.66,19.03,11.45,1
"505","26B.3.4",8,9,1.27426043847242,"No",1539.66,19.03,11.45,"26B.3.4",425.275974653677,425.275974653677,452.67695781339,27.4009831597124,0.00299631419223742,1.12883144821201,0.00499074184788132,1.41101167180068,1539.66,19.03,11.45,1
"506","26B.3.4",8,9,1.29739478479838,"Yes",1539.66,19.03,11.45,"26B.3.4",425.275974653677,425.275974653677,452.67695781339,27.4009831597124,0.00305071262456082,1.13903238970557,0.00503584181890034,1.43538180167304,1539.66,19.03,11.45,1
"507","26B.3.4",8,9,1.24600929839071,"Yes",1539.66,19.03,11.45,"26B.3.4",425.275974653677,425.275974653677,452.67695781339,27.4009831597124,0.00292988405800585,1.11624786601843,0.00493510784658805,1.38123610538643,1539.66,19.03,11.45,1
"508","26B.3.4",8,9,1.34512236220762,"Yes",1539.66,19.03,11.45,"26B.3.4",425.275974653677,425.275974653677,452.67695781339,27.4009831597124,0.00316293993165972,1.15979410336819,0.00512763262909958,1.48562453752677,1539.66,19.03,11.45,1
"509","26B.3.4",8,9,5.5949662488562,"Yes",1539.66,19.03,11.45,"26B.3.4",425.275974653677,425.275974653677,452.67695781339,27.4009831597124,0.0131560835370784,2.3653681000758,0.0104576653860858,5.88151656199024,1539.66,19.03,11.45,1
"510","26B.3.4",8,9,1.32210016951531,"No",1539.66,19.03,11.45,"26B.3.4",425.275974653677,425.275974653677,452.67695781339,27.4009831597124,0.00310880521899211,1.14982614751766,0.00508356272434999,1.46139478611657,1539.66,19.03,11.45,1
"511","26B.3.4",8,9,0.561326461818356,"No",1539.66,19.03,11.45,"26B.3.4",425.275974653677,425.275974653677,452.67695781339,27.4009831597124,0.00131991105840266,0.749217232729171,0.00331240753653513,0.65208968494506,1539.66,19.03,11.45,1
"512","26B.3.4",8,9,1.22114520700242,"No",1539.66,19.03,11.45,"26B.3.4",425.275974653677,425.275974653677,452.67695781339,27.4009831597124,0.00287141827844109,1.10505439097015,0.0048856197282023,1.35501599089965,1539.66,19.03,11.45,1
"513","26B.3.4",8,9,0.703685040897267,"No",1539.66,19.03,11.45,"26B.3.4",425.275974653677,425.275974653677,452.67695781339,27.4009831597124,0.00165465505421582,0.838859368963158,0.00370872955728062,0.805307877040241,1539.66,19.03,11.45,1
"514","26B.3.4",8,9,1.39513021099896,"No",1539.66,19.03,11.45,"26B.3.4",425.275974653677,425.275974653677,452.67695781339,27.4009831597124,0.00328052910145013,1.18115630252687,0.00522207828037276,1.53822029001815,1539.66,19.03,11.45,1
"515","26B.3.4",8,9,0.374338284368366,"No",1539.66,19.03,11.45,"26B.3.4",425.275974653677,425.275974653677,452.67695781339,27.4009831597124,0.000880224387641948,0.611831908589578,0.00270500535301673,0.448458090493309,1539.66,19.03,11.45,1
"516","26B.3.4",8,9,1.2798681067794,"No",1539.66,19.03,11.45,"26B.3.4",425.275974653677,425.275974653677,452.67695781339,27.4009831597124,0.00300950014357537,1.13131255927767,0.00500171123117081,1.41691991199445,1539.66,19.03,11.45,1
"517","26B.3.4",8,9,1.37371245520422,"Yes",1539.66,19.03,11.45,"26B.3.4",425.275974653677,425.275974653677,452.67695781339,27.4009831597124,0.00323016708461582,1.17205480042711,0.00518183910429395,1.51569994123732,1539.66,19.03,11.45,1
"518","26B.3.4",8,9,9.73335037386146,"Yes",1539.66,19.03,11.45,"26B.3.4",425.275974653677,425.275974653677,452.67695781339,27.4009831597124,0.0228871390672558,3.11983178614833,0.0137932683202112,10.111299486821,1539.66,19.03,11.45,1
"519","26B.3.4",8,9,1.82239394316131,"No",1539.66,19.03,11.45,"26B.3.4",425.275974653677,425.275974653677,452.67695781339,27.4009831597124,0.00428520314284242,1.3499607191179,0.00596838922637131,1.98593367584372,1539.66,19.03,11.45,1
"520","26B.3.4",8,9,1.53502588203176,"No",1539.66,19.03,11.45,"26B.3.4",425.275974653677,425.275974653677,452.67695781339,27.4009831597124,0.00360948178011185,1.23896161443031,0.00547764468012469,1.68511873166674,1539.66,19.03,11.45,1
"521","26B.3.4",8,9,1.57176660541271,"No",1539.66,19.03,11.45,"26B.3.4",425.275974653677,425.275974653677,452.67695781339,27.4009831597124,0.00369587444174968,1.25370116272288,0.00554281054753487,1.72364506388319,1539.66,19.03,11.45,1
"522","26B.3.4",8,9,12.053068195755,"No",1539.66,19.03,11.45,"26B.3.4",425.275974653677,425.275974653677,452.67695781339,27.4009831597124,0.0283417566806364,3.47175289958185,0.0153491670602291,12.473650463888,1539.66,19.03,11.45,1
"523","26B.3.4",8,9,1.78313984183642,"No",1539.66,19.03,11.45,"26B.3.4",425.275974653677,425.275974653677,452.67695781339,27.4009831597124,0.00419290048841465,1.33534259343302,0.00590376018745795,1.94490867531193,1539.66,19.03,11.45,1
"524","26B.3.4",8,9,1.50425249810932,"No",1539.66,19.03,11.45,"26B.3.4",425.275974653677,425.275974653677,452.67695781339,27.4009831597124,0.00353712080569402,1.22647971777332,0.00542246024662434,1.65283324001129,1539.66,19.03,11.45,1
"525","26B.3.4",8,9,1.26987532097613,"Yes",1539.66,19.03,11.45,"26B.3.4",425.275974653677,425.275974653677,452.67695781339,27.4009831597124,0.00298600296433452,1.12688744822903,0.00498214711739017,1.40639105023895,1539.66,19.03,11.45,1
"526","26B.3.4",8,9,1.32653085158905,"Yes",1539.66,19.03,11.45,"26B.3.4",425.275974653677,425.275974653677,452.67695781339,27.4009831597124,0.00311922358809314,1.15175121080425,0.0050920737327201,1.46605867818733,1539.66,19.03,11.45,1
"527","26B.3.4",8,9,8.24724717586239,"Yes",1539.66,19.03,11.45,"26B.3.4",425.275974653677,425.275974653677,452.67695781339,27.4009831597124,0.0193926947850241,2.87180207811444,0.0126966898670124,8.59514896109249,1539.66,19.03,11.45,1
"528","26B.3.4",8,9,1.39010143612977,"Yes",1539.66,19.03,11.45,"26B.3.4",425.275974653677,425.275974653677,452.67695781339,27.4009831597124,0.00326870436840877,1.17902562997153,0.00521265824100115,1.53293339680878,1539.66,19.03,11.45,1
"529","26B.3.4",8,9,0.39392280598373,"Yes",1539.66,19.03,11.45,"26B.3.4",425.275974653677,425.275974653677,452.67695781339,27.4009831597124,0.000926275711447185,0.627632699899973,0.00277486314316542,0.469956784240112,1539.66,19.03,11.45,1
"530","26B.3.4",8,9,1.61561173573712,"No",1539.66,19.03,11.45,"26B.3.4",425.275974653677,425.275974653677,452.67695781339,27.4009831597124,0.0037989725073296,1.271067164133,0.00561958837836616,1.76959398225725,1539.66,19.03,11.45,1
"531","26B.3.4",8,9,1.7062572707878,"No",1539.66,19.03,11.45,"26B.3.4",425.275974653677,425.275974653677,452.67695781339,27.4009831597124,0.0040121177129211,1.30623783086688,0.00577508344236764,1.86450023493805,1539.66,19.03,11.45,1
"532","26B.3.4",8,9,1.76612244147509,"No",1539.66,19.03,11.45,"26B.3.4",425.275974653677,425.275974653677,452.67695781339,27.4009831597124,0.0041528855301862,1.32895539484028,0.00587552137522607,1.92711750373219,1539.66,19.03,11.45,1
"533","26B.3.4",8,9,1.15939428411424,"Yes",1539.66,19.03,11.45,"26B.3.4",425.275974653677,425.275974653677,452.67695781339,27.4009831597124,0.00272621627652113,1.07675172816868,0.00476048919266176,1.28983636831436,1539.66,19.03,11.45,1
"534","26B.3.4",8,9,12.3799649996129,"Yes",1539.66,19.03,11.45,"26B.3.4",425.275974653677,425.275974653677,452.67695781339,27.4009831597124,0.0291104264935128,3.51851744341461,0.015555920483225,12.8062125148075,1539.66,19.03,11.45,1
"535","26B.3.4",8,9,1.99915583545781,"No",1539.66,19.03,11.45,"26B.3.4",425.275974653677,425.275974653677,452.67695781339,27.4009831597124,0.00470084358065565,1.41391507363696,0.00625114151322342,2.17044325879063,1539.66,19.03,11.45,1
"536","26B.3.4",8,9,1.5803946128768,"No",1539.66,19.03,11.45,"26B.3.4",425.275974653677,425.275974653677,452.67695781339,27.4009831597124,0.00371616246171392,1.25713746777224,0.00555800299405916,1.73268935931864,1539.66,19.03,11.45,1
"537","26B.3.4",8,9,1.4318112645769,"No",1539.66,19.03,11.45,"26B.3.4",425.275974653677,425.275974653677,452.67695781339,27.4009831597124,0.00336678145466104,1.19658316241576,0.00529028286073842,1.57677021615411,1539.66,19.03,11.45,1
"538","26B.3.4",8,9,1.46636501685483,"Yes",1539.66,19.03,11.45,"26B.3.4",425.275974653677,425.275974653677,452.67695781339,27.4009831597124,0.00344803164121595,1.2109355956676,0.00535373723150592,1.61306268057685,1539.66,19.03,11.45,1
"539","26B.3.4",8,9,10.7218684845371,"Yes",1539.66,19.03,11.45,"26B.3.4",425.275974653677,425.275974653677,452.67695781339,27.4009831597124,0.0252115546693379,3.27442643596358,0.0144767556464313,11.1185458222123,1539.66,19.03,11.45,1
"540","26B.3.4",8,9,1.45364368120715,"No",1539.66,19.03,11.45,"26B.3.4",425.275974653677,425.275974653677,452.67695781339,27.4009831597124,0.00341811851090559,1.20567146487223,0.00533046367911264,1.59970362671198,1539.66,19.03,11.45,1
"541","26B.3.4",8,9,1.23343182340963,"Yes",1539.66,19.03,11.45,"26B.3.4",425.275974653677,425.275974653677,452.67695781339,27.4009831597124,0.00290030920372135,1.11059975842318,0.00491013667220979,1.36797439567674,1539.66,19.03,11.45,1
"542","26B.3.4",8,9,1.27111298415111,"Yes",1539.66,19.03,11.45,"26B.3.4",425.275974653677,425.275974653677,452.67695781339,27.4009831597124,0.00298891322319875,1.12743646568271,0.00498457441013226,1.40769522362148,1539.66,19.03,11.45,1
"543","26B.3.4",8,9,7.01818357018626,"Yes",1539.66,19.03,11.45,"26B.3.4",425.275974653677,425.275974653677,452.67695781339,27.4009831597124,0.0165026570708621,2.64918545409457,0.0117124666658517,7.33911667205596,1539.66,19.03,11.45,1
"544","26B.3.4",8,9,1.78249862864005,"No",1539.66,19.03,11.45,"26B.3.4",425.275974653677,425.275974653677,452.67695781339,27.4009831597124,0.0041913927305478,1.33510247870343,0.00590269860237266,1.94423837364053,1539.66,19.03,11.45,1
"545","26B.3.4",8,9,14.7596909362338,"No",1539.66,19.03,11.45,"26B.3.4",425.275974653677,425.275974653677,452.67695781339,27.4009831597124,0.0347061480448156,3.84183431920662,0.0169853553777766,15.2251063729019,1539.66,19.03,11.45,1
"546","26B.3.4",8,9,1.68545561348583,"No",1539.66,19.03,11.45,"26B.3.4",425.275974653677,425.275974653677,452.67695781339,27.4009831597124,0.00396320439888094,1.29825098247058,0.00573977232609143,1.84273101833365,1539.66,19.03,11.45,1
"547","26B.3.4",8,9,1.66614475096651,"No",1539.66,19.03,11.45,"26B.3.4",425.275974653677,425.275974653677,452.67695781339,27.4009831597124,0.00391779656098216,1.29079229582707,0.00570679629621471,1.822516580175,1539.66,19.03,11.45,1
"548","26B.3.4",8,9,1.32046243810191,"No",1539.66,19.03,11.45,"26B.3.4",425.275974653677,425.275974653677,452.67695781339,27.4009831597124,0.00310495423395885,1.1491137620366,0.0050804131557959,1.45967075342826,1539.66,19.03,11.45,1
"549","26B.3.4",8,9,1.4483281946083,"No",1539.66,19.03,11.45,"26B.3.4",425.275974653677,425.275974653677,452.67695781339,27.4009831597124,0.00340561959980867,1.20346507826704,0.00532070889598664,1.59412084946496,1539.66,19.03,11.45,1
"550","26B.3.4",8,9,1.4629322689632,"Yes",1539.66,19.03,11.45,"26B.3.4",425.275974653677,425.275974653677,452.67695781339,27.4009831597124,0.00343995982880183,1.20951737026105,0.00534746703333116,1.60945812309062,1539.66,19.03,11.45,1
"551","26B.3.4",8,9,1.36705294580897,"Yes",1539.66,19.03,11.45,"26B.3.4",425.275974653677,425.275974653677,452.67695781339,27.4009831597124,0.00321450781912199,1.1692103941588,0.00516926353562239,1.50869584889668,1539.66,19.03,11.45,1
"552","26B.3.4",8,9,15.2272193507512,"Yes",1539.66,19.03,11.45,"26B.3.4",425.275974653677,425.275974653677,452.67695781339,27.4009831597124,0.0358055010353018,3.90220698461156,0.0172522724522272,15.6999485776815,1539.66,19.03,11.45,1
"553","26B.3.4",8,9,1.34481122909206,"No",1539.66,19.03,11.45,"26B.3.4",425.275974653677,425.275974653677,452.67695781339,27.4009831597124,0.00316220832880862,1.15965996270116,0.00512703957205684,1.48529715406517,1539.66,19.03,11.45,1
"554","26B.3.4",8,9,1.0579523063777,"Yes",1539.66,19.03,11.45,"26B.3.4",425.275974653677,425.275974653677,452.67695781339,27.4009831597124,0.00248768416141834,1.02856808543611,0.00454746170963964,1.18255722810297,1539.66,19.03,11.45,1
"555","26B.3.4",8,9,0.353570486835673,"Yes",1539.66,19.03,11.45,"26B.3.4",425.275974653677,425.275974653677,452.67695781339,27.4009831597124,0.000831390691946805,0.594617933496521,0.00262889965450755,0.425604921997408,1539.66,19.03,11.45,1
"556","26B.3.4",8,9,1.44541895124025,"No",1539.66,19.03,11.45,"26B.3.4",425.275974653677,425.275974653677,452.67695781339,27.4009831597124,0.00339877876340729,1.20225577613096,0.00531536238053755,1.59106510631713,1539.66,19.03,11.45,1
"557","26B.3.4",8,9,1.36476864892524,"Yes",1539.66,19.03,11.45,"26B.3.4",425.275974653677,425.275974653677,452.67695781339,27.4009831597124,0.00320913649080843,1.16823313123932,0.00516494290214223,1.50629316240771,1539.66,19.03,11.45,1
"558","26B.3.4",8,9,4.04310127135146,"Yes",1539.66,19.03,11.45,"26B.3.4",425.275974653677,425.275974653677,452.67695781339,27.4009831597124,0.00950700606739883,2.01074644631079,0.00888982713139048,4.28669127487145,1539.66,19.03,11.45,1
"559","26B.3.4",8,9,1.17711136487778,"Yes",1539.66,19.03,11.45,"26B.3.4",425.275974653677,425.275974653677,452.67695781339,27.4009831597124,0.0027678764732392,1.08494763232046,0.00479672457740083,1.30854633424492,1539.66,19.03,11.45,1
"560","26B.3.4",8,9,0.341953869253106,"Yes",1539.66,19.03,11.45,"26B.3.4",425.275974653677,425.275974653677,452.67695781339,27.4009831597124,0.0008040752114708,0.584768218402049,0.00258535251078689,0.412795069863098,1539.66,19.03,11.45,1
"561","26B.3.4",8,9,1.48448438032498,"No",1539.66,19.03,11.45,"26B.3.4",425.275974653677,425.275974653677,452.67695781339,27.4009831597124,0.00349063777123518,1.21839418101244,0.00538671281352526,1.6320856074146,1539.66,19.03,11.45,1
"562","26B.3.4",8,9,1.26422577361576,"Yes",1539.66,19.03,11.45,"26B.3.4",425.275974653677,425.275974653677,452.67695781339,27.4009831597124,0.00297271853799238,1.12437794963071,0.00497105222834215,1.40043749201062,1539.66,19.03,11.45,1
"563","26B.3.4",8,9,8.43650679723329,"Yes",1539.66,19.03,11.45,"26B.3.4",425.275974653677,425.275974653677,452.67695781339,27.4009831597124,0.019837722561458,2.90456654205637,0.0128415467290155,8.7883778028997,1539.66,19.03,11.45,1
"564","26B.3.4",8,9,1.83247416622288,"No",1539.66,19.03,11.45,"26B.3.4",425.275974653677,425.275974653677,452.67695781339,27.4009831597124,0.00430890592330111,1.35368909511116,0.00598487296459787,1.99646556953885,1539.66,19.03,11.45,1
"565","26B.3.4",8,9,1.57006745029331,"No",1539.66,19.03,11.45,"26B.3.4",425.275974653677,425.275974653677,452.67695781339,27.4009831597124,0.00369187902413694,1.25302332392231,0.00553981371530317,1.72186379261427,1539.66,19.03,11.45,1
"566","26B.3.4",8,9,1.23337216720128,"No",1539.66,19.03,11.45,"26B.3.4",425.275974653677,425.275974653677,452.67695781339,27.4009831597124,0.00290016892726112,1.11057290044431,0.00491001792884972,1.36791148578358,1539.66,19.03,11.45,1
"567","26B.3.4",8,9,0.362658359539874,"No",1539.66,19.03,11.45,"26B.3.4",425.275974653677,425.275974653677,452.67695781339,27.4009831597124,0.000852760045603809,0.602211225019821,0.00266247079378483,0.435612676923598,1539.66,19.03,11.45,1
"568","26B.3.4",8,9,1.44246085781537,"No",1539.66,19.03,11.45,"26B.3.4",425.275974653677,425.275974653677,452.67695781339,27.4009831597124,0.00339182306028465,1.20102491973122,0.00530992057028974,1.58795790194129,1539.66,19.03,11.45,1
"569","26B.3.4",8,9,1.44991303194547,"Yes",1539.66,19.03,11.45,"26B.3.4",425.275974653677,425.275974653677,452.67695781339,27.4009831597124,0.00340934620895574,1.20412334581864,0.00532361920064023,1.59578543201094,1539.66,19.03,11.45,1
"570","26B.3.4",8,9,12.0104651289013,"Yes",1539.66,19.03,11.45,"26B.3.4",425.275974653677,425.275974653677,452.67695781339,27.4009831597124,0.0282415792208389,3.46561179720137,0.0153220162781607,12.430303438912,1539.66,19.03,11.45,1
"571","26B.3.4",8,9,1.85521992709094,"No",1539.66,19.03,11.45,"26B.3.4",425.275974653677,425.275974653677,452.67695781339,27.4009831597124,0.00436239063022955,1.36206458256976,0.00602190231545644,2.0202259710262,1539.66,19.03,11.45,1
"572","26B.3.4",8,9,1.61641601723808,"No",1539.66,19.03,11.45,"26B.3.4",425.275974653677,425.275974653677,452.67695781339,27.4009831597124,0.00380086370633658,1.27138350517776,0.0056209869720116,1.77043658659913,1539.66,19.03,11.45,1
"573","26B.3.4",8,9,1.35188541195821,"Yes",1539.66,19.03,11.45,"26B.3.4",425.275974653677,425.275974653677,452.67695781339,27.4009831597124,0.00317884266342371,1.16270607289986,0.00514050690561312,1.4927403551113,1539.66,19.03,11.45,1
"574","26B.3.4",8,9,3.61591311209423,"Yes",1539.66,19.03,11.45,"26B.3.4",425.275974653677,425.275974653677,452.67695781339,27.4009831597124,0.00850250972921488,1.90155544544308,0.00840707649726732,3.84627527361827,1539.66,19.03,11.45,1
"575","26B.3.4",8,9,1.47327570649795,"Yes",1539.66,19.03,11.45,"26B.3.4",425.275974653677,425.275974653677,452.67695781339,27.4009831597124,0.00346428153553163,1.21378569216232,0.00536633795756581,1.62031864250254,1539.66,19.03,11.45,1
"576","26B.3.4",8,9,5.33710829296749,"Yes",1539.66,19.03,11.45,"26B.3.4",425.275974653677,425.275974653677,452.67695781339,27.4009831597124,0.0125497526572334,2.3102182349223,0.010213839135176,5.61697752710646,1539.66,19.03,11.45,1
"577","26B.3.4",8,9,1.62509300714369,"No",1539.66,19.03,11.45,"26B.3.4",425.275974653677,425.275974653677,452.67695781339,27.4009831597124,0.00382126690431333,1.27479135827934,0.00563605362798797,1.77952641769142,1539.66,19.03,11.45,1
"578","26B.3.4",8,9,6.25560052259596,"No",1539.66,19.03,11.45,"26B.3.4",425.275974653677,425.275974653677,452.67695781339,27.4009831597124,0.0147095084026089,2.50111985370473,0.0110578452967645,6.55859635535531,1539.66,19.03,11.45,1
"579","26B.3.4",8,9,1.62071202477163,"No",1539.66,19.03,11.45,"26B.3.4",425.275974653677,425.275974653677,452.67695781339,27.4009831597124,0.00381096539980056,1.27307188515481,0.00562845156614561,1.77493713135084,1539.66,19.03,11.45,1
"580","26B.3.4",8,9,1.29576620555644,"No",1539.66,19.03,11.45,"26B.3.4",425.275974653677,425.275974653677,452.67695781339,27.4009831597124,0.00304688316007422,1.13831726928675,0.00503268015875512,1.43366658983471,1539.66,19.03,11.45,1
"581","26B.3.4",8,9,1.24812045693561,"No",1539.66,19.03,11.45,"26B.3.4",425.275974653677,425.275974653677,452.67695781339,27.4009831597124,0.00293484826635695,1.1171931153277,0.00493928694284896,1.3834617752776,1539.66,19.03,11.45,1
"582","26B.3.4",8,9,1.22353321206057,"Yes",1539.66,19.03,11.45,"26B.3.4",425.275974653677,425.275974653677,452.67695781339,27.4009831597124,0.002877033467637,1.10613435533871,0.00489039442098473,1.35753482723433,1539.66,19.03,11.45,1
"583","26B.3.4",8,9,1.33092735844199,"Yes",1539.66,19.03,11.45,"26B.3.4",425.275974653677,425.275974653677,452.67695781339,27.4009831597124,0.00312956159709192,1.15365825028125,0.0051005050549857,1.47068621155968,1539.66,19.03,11.45,1
"584","26B.3.4",8,9,7.47837573804318,"Yes",1539.66,19.03,11.45,"26B.3.4",425.275974653677,425.275974653677,452.67695781339,27.4009831597124,0.0175847595061846,2.7346619056189,0.0120903715375724,7.80966380493887,1539.66,19.03,11.45,1
"585","26B.3.4",8,9,1.55832470084458,"No",1539.66,19.03,11.45,"26B.3.4",425.275974653677,425.275974653677,452.67695781339,27.4009831597124,0.00366426695538962,1.24832876312476,0.00551905832169071,1.7095523249747,1539.66,19.03,11.45,1
"586","26B.3.4",8,9,0.748877959157739,"No",1539.66,19.03,11.45,"26B.3.4",425.275974653677,425.275974653677,452.67695781339,27.4009831597124,0.00176092232759583,0.865377350730732,0.00382596973652829,0.853713291477921,1539.66,19.03,11.45,1
"587","26B.3.4",8,9,1.54893367525803,"No",1539.66,19.03,11.45,"26B.3.4",425.275974653677,425.275974653677,452.67695781339,27.4009831597124,0.00364218476371584,1.24456163979854,0.00550240327539477,1.69970493474507,1539.66,19.03,11.45,1
"588","26B.3.4",8,9,1.33008735542891,"No",1539.66,19.03,11.45,"26B.3.4",425.275974653677,425.275974653677,452.67695781339,27.4009831597124,0.00312758640201122,1.15329413222686,0.00509889523164629,1.46980209780439,1539.66,19.03,11.45,1
"589","26B.3.4",8,9,6.61158852587565,"No",1539.66,19.03,11.45,"26B.3.4",425.275974653677,425.275974653677,452.67695781339,27.4009831597124,0.0155465836772458,2.571300940356,0.0113681269483211,6.92308638094407,1539.66,19.03,11.45,1
"590","26B.4.4",8,9,2.28692132172889,"No",1649.232,17.868,7.682,"26B.4.4",357.511916675855,357.511916675855,395.302297579576,37.7903809037211,0.00639676949230861,1.51225702898975,0.00746382160362023,2.56898198312712,1649.232,17.868,7.682,1
"591","26B.4.4",8,9,2.20718292660013,"No",1649.232,17.868,7.682,"26B.4.4",357.511916675855,357.511916675855,395.302297579576,37.7903809037211,0.00617373246498328,1.48565908828376,0.0073325461123198,2.48428263717879,1649.232,17.868,7.682,1
"592","26B.4.4",8,9,1.54331888635721,"No",1649.232,17.868,7.682,"26B.4.4",357.511916675855,357.511916675855,395.302297579576,37.7903809037211,0.00431683201138295,1.24230386232886,0.00613145399767481,1.77502886842298,1649.232,17.868,7.682,1
"593","26B.4.4",8,9,0.730847015426112,"No",1649.232,17.868,7.682,"26B.4.4",357.511916675855,357.511916675855,395.302297579576,37.7903809037211,0.00204425917385223,0.854895909117661,0.00421938230935624,0.890299080075106,1649.232,17.868,7.682,1
"594","26B.4.4",8,9,1.16209365659859,"Yes",1649.232,17.868,7.682,"26B.4.4",357.511916675855,357.511916675855,395.302297579576,37.7903809037211,0.00325050327665644,1.07800447893253,0.00532054602122172,1.36315911735634,1649.232,17.868,7.682,1
"595","26B.4.4",8,9,1.23314819973181,"Yes",1649.232,17.868,7.682,"26B.4.4",357.511916675855,357.511916675855,395.302297579576,37.7903809037211,0.00344925061854614,1.11047206166198,0.00548079142973889,1.44026939551549,1649.232,17.868,7.682,1
"596","26B.4.4",8,9,2.46526165583448,"No",1649.232,17.868,7.682,"26B.4.4",357.511916675855,357.511916675855,395.302297579576,37.7903809037211,0.0068956069457949,1.5701151727929,0.00774938341975663,2.75811380703606,1649.232,17.868,7.682,1
"597","26B.4.4",8,9,1.82525132274517,"No",1649.232,17.868,7.682,"26B.4.4",357.511916675855,357.511916675855,395.302297579576,37.7903809037211,0.00510542792451885,1.35101862412965,0.00666802124266439,2.07723838537956,1649.232,17.868,7.682,1
"598","26B.4.4",8,9,1.95783715867023,"No",1649.232,17.868,7.682,"26B.4.4",357.511916675855,357.511916675855,395.302297579576,37.7903809037211,0.00547628503372473,1.39922734345432,0.00690595783272852,2.21881593567408,1649.232,17.868,7.682,1
"599","26B.4.4",8,9,1.9832873901945,"No",1649.232,17.868,7.682,"26B.4.4",357.511916675855,357.511916675855,395.302297579576,37.7903809037211,0.0055474721196292,1.4082923667316,0.00695069871690184,2.24595694225323,1649.232,17.868,7.682,1
"600","26B.4.4",8,9,2.00308665905956,"No",1649.232,17.868,7.682,"26B.4.4",357.511916675855,357.511916675855,395.302297579576,37.7903809037211,0.00560285284385554,1.4153044404154,0.00698530716377565,2.26706407750814,1649.232,17.868,7.682,1
"601","26B.4.4",8,9,1.59492367991128,"No",1649.232,17.868,7.682,"26B.4.4",357.511916675855,357.511916675855,395.302297579576,37.7903809037211,0.00446117627278238,1.26290287825758,0.00623312149014122,1.83047571524288,1649.232,17.868,7.682,1
"602","26B.4.4",8,9,1.59003258219013,"No",1649.232,17.868,7.682,"26B.4.4",357.511916675855,357.511916675855,395.302297579576,37.7903809037211,0.00444749533658696,1.26096494090444,0.00622355670161284,1.82522316051999,1649.232,17.868,7.682,1
"603","26B.4.4",8,9,1.65023374630646,"No",1649.232,17.868,7.682,"26B.4.4",357.511916675855,357.511916675855,395.302297579576,37.7903809037211,0.00461588458826863,1.28461424027077,0.00634027902337243,1.88983530563558,1649.232,17.868,7.682,1
"604","26B.4.4",8,9,1.32473175154542,"No",1649.232,17.868,7.682,"26B.4.4",357.511916675855,357.511916675855,395.302297579576,37.7903809037211,0.00370541984687607,1.1509699177413,0.00568067066145062,1.53940645963023,1649.232,17.868,7.682,1
"605","26B.4.4",8,9,1.42862638654002,"No",1649.232,17.868,7.682,"26B.4.4",357.511916675855,357.511916675855,395.302297579576,37.7903809037211,0.0039960245236673,1.19525159968101,0.00589922515845108,1.6515603523147,1649.232,17.868,7.682,1
"606","26B.4.4",8,9,1.2737499225399,"No",1649.232,17.868,7.682,"26B.4.4",357.511916675855,357.511916675855,395.302297579576,37.7903809037211,0.00356281808557103,1.12860529971284,0.00557028894987803,1.48425326369958,1649.232,17.868,7.682,1
"607","26B.4.4",8,9,1.34331226606388,"Yes",1649.232,17.868,7.682,"26B.4.4",357.511916675855,357.511916675855,395.302297579576,37.7903809037211,0.00375739158166807,1.1590134883011,0.00572037011370217,1.55948723157094,1649.232,17.868,7.682,1
"608","26B.4.4",8,9,1.0127859400236,"Yes",1649.232,17.868,7.682,"26B.4.4",357.511916675855,357.511916675855,395.302297579576,37.7903809037211,0.00283287323522104,1.00637266458485,0.00496700355245773,1.20049089622112,1649.232,17.868,7.682,1
"609","26B.4.4",8,9,1.48004356992198,"Yes",1649.232,17.868,7.682,"26B.4.4",357.511916675855,357.511916675855,395.302297579576,37.7903809037211,0.00413984401886075,1.21657041305548,0.00600444524787873,1.70695384295486,1649.232,17.868,7.682,1
"610","26B.4.4",8,9,15.0048366071792,"Yes",1649.232,17.868,7.682,"26B.4.4",357.511916675855,357.511916675855,395.302297579576,37.7903809037211,0.041970171922363,3.87360769918421,0.0191183881277346,15.7273277767914,1649.232,17.868,7.682,1
"611","26B.4.4",8,9,2.08726296533885,"No",1649.232,17.868,7.682,"26B.4.4",357.511916675855,357.511916675855,395.302297579576,37.7903809037211,0.00583830319488709,1.44473629612426,0.00713056958693738,2.35672990608971,1649.232,17.868,7.682,1
"612","26B.4.4",8,9,1.71892079121285,"No",1649.232,17.868,7.682,"26B.4.4",357.511916675855,357.511916675855,395.302297579576,37.7903809037211,0.00480800977823445,1.31107619580742,0.00647088335294224,1.96345793790409,1649.232,17.868,7.682,1
"613","26B.4.4",8,9,1.56759047955744,"No",1649.232,17.868,7.682,"26B.4.4",357.511916675855,357.511916675855,395.302297579576,37.7903809037211,0.00438472231676329,1.25203453608814,0.00617948023371142,1.80111539137641,1649.232,17.868,7.682,1
"614","26B.4.4",8,9,1.46898267121755,"No",1649.232,17.868,7.682,"26B.4.4",357.511916675855,357.511916675855,395.302297579576,37.7903809037211,0.00410890547335079,1.21201595336759,0.00598196648007695,1.69504346305295,1649.232,17.868,7.682,1
"615","26B.4.4",8,9,1.24315022929804,"Yes",1649.232,17.868,7.682,"26B.4.4",357.511916675855,357.511916675855,395.302297579576,37.7903809037211,0.00347722739106671,1.11496647003309,0.00550297381120758,1.45110970572678,1649.232,17.868,7.682,1
"616","26B.4.4",8,9,5.23517512943356,"Yes",1649.232,17.868,7.682,"26B.4.4",357.511916675855,357.511916675855,395.302297579576,37.7903809037211,0.0146433584035749,2.28805050849704,0.0112927898420172,5.66193395902907,1649.232,17.868,7.682,1
"617","26B.4.4",8,9,2.5176861658661,"No",1649.232,17.868,7.682,"26B.4.4",357.511916675855,357.511916675855,395.302297579576,37.7903809037211,0.00704224404399031,1.58672183002129,0.00783134642247976,2.81363573016061,1649.232,17.868,7.682,1
"618","26B.4.4",8,9,1.89587536510008,"No",1649.232,17.868,7.682,"26B.4.4",357.511916675855,357.511916675855,395.302297579576,37.7903809037211,0.0053029711085659,1.37690790000642,0.00679579908259957,2.15269120097668,1649.232,17.868,7.682,1
"619","26B.4.4",8,9,2.02839663096291,"No",1649.232,17.868,7.682,"26B.4.4",357.511916675855,357.511916675855,395.302297579576,37.7903809037211,0.00567364760823342,1.42421790150346,0.00702930000504317,2.29403655564002,1649.232,17.868,7.682,1
"620","26B.4.4",8,9,1.68730913889154,"No",1649.232,17.868,7.682,"26B.4.4",357.511916675855,357.511916675855,395.302297579576,37.7903809037211,0.00471958852331451,1.29896464112444,0.00641110615782043,1.92958728260977,1649.232,17.868,7.682,1
"621","26B.4.4",8,9,1.57093879594729,"No",1649.232,17.868,7.682,"26B.4.4",357.511916675855,357.511916675855,395.302297579576,37.7903809037211,0.00439408792454772,1.25337097299534,0.00618607628614737,1.80471297510027,1649.232,17.868,7.682,1
"622","26B.4.4",8,9,1.02907365252264,"Yes",1649.232,17.868,7.682,"26B.4.4",357.511916675855,357.511916675855,395.302297579576,37.7903809037211,0.00287843175156499,1.01443267520454,0.00500678414546239,1.21828193248237,1649.232,17.868,7.682,1
"623","26B.4.4",8,9,1.07327246989109,"Yes",1649.232,17.868,7.682,"26B.4.4",357.511916675855,357.511916675855,395.302297579576,37.7903809037211,0.00300206068617342,1.03598864370759,0.00511317472610827,1.26650129041801,1649.232,17.868,7.682,1
"624","26B.4.4",8,9,1.30746677405796,"No",1649.232,17.868,7.682,"26B.4.4",357.511916675855,357.511916675855,395.302297579576,37.7903809037211,0.00365712781329021,1.14344513382058,0.00564353170708412,1.5207379869109,1649.232,17.868,7.682,1
"625","26B.4.4",8,9,1.68960720972614,"No",1649.232,17.868,7.682,"26B.4.4",357.511916675855,357.511916675855,395.302297579576,37.7903809037211,0.00472601647921585,1.29984891803861,0.00641547055157693,1.93205028554683,1649.232,17.868,7.682,1
"626","26B.4.4",8,9,1.31028450064578,"No",1649.232,17.868,7.682,"26B.4.4",357.511916675855,357.511916675855,395.302297579576,37.7903809037211,0.00366500930326687,1.14467659216295,0.00564960963246555,1.52378540061399,1649.232,17.868,7.682,1
"627","26B.4.4",8,9,1.29289471534314,"Yes",1649.232,17.868,7.682,"26B.4.4",357.511916675855,357.511916675855,395.302297579576,37.7903809037211,0.00361636816854797,1.1370552824481,0.00561199427012497,1.50497411644066,1649.232,17.868,7.682,1
"628","26B.4.4",8,9,1.39726078195963,"Yes",1649.232,17.868,7.682,"26B.4.4",357.511916675855,357.511916675855,395.302297579576,37.7903809037211,0.00390829149123575,1.18205785897291,0.00583410677907383,1.61773389937381,1649.232,17.868,7.682,1
"629","26B.4.4",8,9,8.60472736193359,"Yes",1649.232,17.868,7.682,"26B.4.4",357.511916675855,357.511916675855,395.302297579576,37.7903809037211,0.0240683651665106,2.93338155750894,0.0144778541087177,9.15185098337053,1649.232,17.868,7.682,1
"630","26B.4.4",8,9,1.31762007760815,"Yes",1649.232,17.868,7.682,"26B.4.4",357.511916675855,357.511916675855,395.302297579576,37.7903809037211,0.00368552771571751,1.14787633376081,0.00566540212012227,1.53171778170032,1649.232,17.868,7.682,1
"631","26B.4.4",8,9,0.691332292441306,"Yes",1649.232,17.868,7.682,"26B.4.4",357.511916675855,357.511916675855,395.302297579576,37.7903809037211,0.00193373216442493,0.831463945364624,0.00410373265858755,0.84641391273637,1649.232,17.868,7.682,1
"632","26B.4.4",8,9,1.64141685747807,"No",1649.232,17.868,7.682,"26B.4.4",357.511916675855,357.511916675855,395.302297579576,37.7903809037211,0.00459122278423601,1.28117791796381,0.00632331887957407,1.88037748651287,1649.232,17.868,7.682,1
"633","26B.4.4",8,9,1.72753399810234,"No",1649.232,17.868,7.682,"26B.4.4",357.511916675855,357.511916675855,395.302297579576,37.7903809037211,0.00483210186156855,1.31435687623352,0.00648707531830893,1.97268304533236,1649.232,17.868,7.682,1
"634","26B.4.4",8,9,1.23554378272966,"Yes",1649.232,17.868,7.682,"26B.4.4",357.511916675855,357.511916675855,395.302297579576,37.7903809037211,0.00345595132665154,1.11155017103577,0.00548611249347403,1.4428660635387,1649.232,17.868,7.682,1
"635","26B.4.4",8,9,1.32867871671682,"Yes",1649.232,17.868,7.682,"26B.4.4",357.511916675855,357.511916675855,395.302297579576,37.7903809037211,0.00371645994089057,1.15268326816902,0.00568912698976774,1.54367299266979,1649.232,17.868,7.682,1
"636","26B.4.4",8,9,3.58585169780502,"Yes",1649.232,17.868,7.682,"26B.4.4",357.511916675855,357.511916675855,395.302297579576,37.7903809037211,0.0100300200651946,1.89363452065202,0.00934612964176175,3.93904549694275,1649.232,17.868,7.682,1
"637","26B.4.4",8,9,2.35960098766465,"No",1649.232,17.868,7.682,"26B.4.4",357.511916675855,357.511916675855,395.302297579576,37.7903809037211,0.0066000624807257,1.53609927663047,0.00758149623141718,2.64610861807003,1649.232,17.868,7.682,1
"638","26B.4.4",8,9,2.070500513268,"No",1649.232,17.868,7.682,"26B.4.4",357.511916675855,357.511916675855,395.302297579576,37.7903809037211,0.00579141677994823,1.43892338686533,0.00710187967717008,2.33888325140065,1649.232,17.868,7.682,1
"639","26B.4.4",8,9,1.59052186441038,"No",1649.232,17.868,7.682,"26B.4.4",357.511916675855,357.511916675855,395.302297579576,37.7903809037211,0.00444886391256283,1.26115893701404,0.00622451417929428,1.82574862618653,1649.232,17.868,7.682,1
"640","26B.4.4",8,9,1.98774291609752,"No",1649.232,17.868,7.682,"26B.4.4",357.511916675855,357.511916675855,395.302297579576,37.7903809037211,0.00555993471372801,1.40987336881634,0.00695850183323007,2.25070735089453,1649.232,17.868,7.682,1
"641","26B.4.4",8,9,1.08625053740805,"Yes",1649.232,17.868,7.682,"26B.4.4",357.511916675855,357.511916675855,395.302297579576,37.7903809037211,0.00303836176289732,1.04223343709941,0.00514399622201438,1.28064411400528,1649.232,17.868,7.682,1
"642","26B.4.4",8,9,0.915286168811139,"Yes",1649.232,17.868,7.682,"26B.4.4",357.511916675855,357.511916675855,395.302297579576,37.7903809037211,0.00256015569305065,0.956705894625479,0.00472187067921038,1.09372746035661,1649.232,17.868,7.682,1
"643","26B.4.4",8,9,2.04484169067155,"No",1649.232,17.868,7.682,"26B.4.4",357.511916675855,357.511916675855,395.302297579576,37.7903809037211,0.00571964624196163,1.42997961197758,0.0070577372205999,2.31155626855639,1649.232,17.868,7.682,1
"644","26B.4.4",8,9,1.39532814880886,"No",1649.232,17.868,7.682,"26B.4.4",357.511916675855,357.511916675855,395.302297579576,37.7903809037211,0.00390288570457349,1.18124008940133,0.00583007063569465,1.61564873882737,1649.232,17.868,7.682,1
"645","26B.4.4",8,9,1.33252541651787,"No",1649.232,17.868,7.682,"26B.4.4",357.511916675855,357.511916675855,395.302297579576,37.7903809037211,0.00372721958167907,1.15435064712498,0.0056973564235441,1.54783068590786,1649.232,17.868,7.682,1
"646","26B.4.4",8,9,10.4365369052128,"No",1649.232,17.868,7.682,"26B.4.4",357.511916675855,357.511916675855,395.302297579576,37.7903809037211,0.0291921371523828,3.2305629393672,0.0159446079578231,11.0390897132995,1649.232,17.868,7.682,1
"647","26B.4.4",8,9,2.02592593239933,"No",1649.232,17.868,7.682,"26B.4.4",357.511916675855,357.511916675855,395.302297579576,37.7903809037211,0.00566673679366099,1.42335024937621,0.00702501766376943,2.29140402576855,1649.232,17.868,7.682,1
"648","26B.4.4",8,9,1.5090751991791,"No",1649.232,17.868,7.682,"26B.4.4",357.511916675855,357.511916675855,395.302297579576,37.7903809037211,0.00422104866660244,1.22844421899372,0.00606304902195956,1.73820013115689,1649.232,17.868,7.682,1
"649","26B.4.4",8,9,0.620201811005566,"No",1649.232,17.868,7.682,"26B.4.4",357.511916675855,357.511916675855,395.302297579576,37.7903809037211,0.00173477241478326,0.787528927091295,0.00388688913777218,0.767088832052513,1649.232,17.868,7.682,1
"650","26B.4.4",8,9,1.65025662259685,"No",1649.232,17.868,7.682,"26B.4.4",357.511916675855,357.511916675855,395.302297579576,37.7903809037211,0.0046159485757592,1.28462314419321,0.00634032296913521,1.88985984265309,1649.232,17.868,7.682,1
"651","26B.4.4",8,9,1.48601137146771,"No",1649.232,17.868,7.682,"26B.4.4",357.511916675855,357.511916675855,395.302297579576,37.7903809037211,0.00415653661361735,1.21902066080428,0.00601653857046288,1.71337865576743,1649.232,17.868,7.682,1
"652","26B.4.4",8,9,1.09035678202286,"Yes",1649.232,17.868,7.682,"26B.4.4",357.511916675855,357.511916675855,395.302297579576,37.7903809037211,0.00304984737896571,1.04420150451092,0.00515370971898071,1.28511743537035,1649.232,17.868,7.682,1
"653","26B.4.4",8,9,1.39267774443375,"Yes",1649.232,17.868,7.682,"26B.4.4",357.511916675855,357.511916675855,395.302297579576,37.7903809037211,0.0038954722331576,1.1801176824511,0.00582453093901438,1.61278898720461,1649.232,17.868,7.682,1
"654","26B.4.4",8,9,3.95901496636213,"Yes",1649.232,17.868,7.682,"26B.4.4",357.511916675855,357.511916675855,395.302297579576,37.7903809037211,0.0110737986111709,1.9897273598064,0.00982040074454693,4.33013165112575,1649.232,17.868,7.682,1
"655","26B.4.4",8,9,1.97291689340865,"No",1649.232,17.868,7.682,"26B.4.4",357.511916675855,357.511916675855,395.302297579576,37.7903809037211,0.00551846470392601,1.40460560066114,0.00693250249515071,2.23489880331639,1649.232,17.868,7.682,1
"656","26B.4.4",8,9,1.52185375322952,"No",1649.232,17.868,7.682,"26B.4.4",357.511916675855,357.511916675855,395.302297579576,37.7903809037211,0.00425679168230171,1.23363436772389,0.00608866526541263,1.75194673280472,1649.232,17.868,7.682,1
"657","26B.4.4",8,9,1.21744391744025,"Yes",1649.232,17.868,7.682,"26B.4.4",357.511916675855,357.511916675855,395.302297579576,37.7903809037211,0.00340532402041319,1.10337841080939,0.00544578035459283,1.42324203135831,1649.232,17.868,7.682,1
"658","26B.4.4",8,9,9.88041894393181,"Yes",1649.232,17.868,7.682,"26B.4.4",357.511916675855,357.511916675855,395.302297579576,37.7903809037211,0.027636614286315,3.14331337030399,0.0155139832650646,10.4666982808526,1649.232,17.868,7.682,1
"659","26B.4.4",8,9,2.22655953707876,"No",1649.232,17.868,7.682,"26B.4.4",357.511916675855,357.511916675855,395.302297579576,37.7903809037211,0.00622793096739629,1.49216605546392,0.00736466158031389,2.50487290342582,1649.232,17.868,7.682,1
"660","26B.4.4",8,9,1.42090617486043,"Yes",1649.232,17.868,7.682,"26B.4.4",357.511916675855,357.511916675855,395.302297579576,37.7903809037211,0.00397443024577197,1.19201769066588,0.00588326403576588,1.64323696372919,1649.232,17.868,7.682,1
"661","26B.4.4",8,9,0.878146730509068,"Yes",1649.232,17.868,7.682,"26B.4.4",357.511916675855,357.511916675855,395.302297579576,37.7903809037211,0.00245627261511749,0.937094835387042,0.00462507929731711,1.0529302388646,1649.232,17.868,7.682,1
"662","26B.4.4",8,9,1.52889539443877,"No",1649.232,17.868,7.682,"26B.4.4",357.511916675855,357.511916675855,395.302297579576,37.7903809037211,0.00427648792424721,1.23648509673136,0.00610273518365018,1.75952008158345,1649.232,17.868,7.682,1
"663","26B.4.4",8,9,1.21813057078924,"No",1649.232,17.868,7.682,"26B.4.4",357.511916675855,357.511916675855,395.302297579576,37.7903809037211,0.00340724466506016,1.1036895264472,0.00544731588167202,1.42398671286052,1649.232,17.868,7.682,1
"664","26B.4.4",8,9,1.70888865930098,"No",1649.232,17.868,7.682,"26B.4.4",357.511916675855,357.511916675855,395.302297579576,37.7903809037211,0.00477994880615511,1.3072446822615,0.00645197272265233,1.95271116607043,1649.232,17.868,7.682,1
"665","26B.4.4",8,9,1.3886402531038,"Yes",1649.232,17.868,7.682,"26B.4.4",357.511916675855,357.511916675855,395.302297579576,37.7903809037211,0.00388417892755961,1.17840581002633,0.00581608190545613,1.60843220367823,1649.232,17.868,7.682,1
"666","26B.4.4",8,9,1.1365606830758,"Yes",1649.232,17.868,7.682,"26B.4.4",357.511916675855,357.511916675855,395.302297579576,37.7903809037211,0.00317908475231691,1.06609600087225,0.00526177112111634,1.33540501797099,1649.232,17.868,7.682,1
"667","26B.4.4",8,9,12.5625647656197,"Yes",1649.232,17.868,7.682,"26B.4.4",357.511916675855,357.511916675855,395.302297579576,37.7903809037211,0.0351388700058626,3.54437085610686,0.0174934229168206,13.2236478809562,1649.232,17.868,7.682,1
"668","26B.4.4",8,9,2.36561928441149,"No",1649.232,17.868,7.682,"26B.4.4",357.511916675855,357.511916675855,395.302297579576,37.7903809037211,0.00661689631609208,1.53805698347346,0.00759115859326982,2.65249205915171,1649.232,17.868,7.682,1
"669","26B.4.4",8,9,1.98776211463845,"No",1649.232,17.868,7.682,"26B.4.4",357.511916675855,357.511916675855,395.302297579576,37.7903809037211,0.00555998841415039,1.40988017740461,0.00695853543736434,2.25072781934849,1649.232,17.868,7.682,1
"670","26B.4.4",8,9,1.97992859120935,"No",1649.232,17.868,7.682,"26B.4.4",357.511916675855,357.511916675855,395.302297579576,37.7903809037211,0.00553807719087721,1.40709935370938,0.00694481054035645,2.24237562683359,1649.232,17.868,7.682,1
"671","26B.4.4",8,9,1.80809424453168,"No",1649.232,17.868,7.682,"26B.4.4",357.511916675855,357.511916675855,395.302297579576,37.7903809037211,0.00505743769702374,1.34465394973267,0.00663660806795038,2.05889419132823,1649.232,17.868,7.682,1
"672","26B.4.4",8,9,1.04370146397734,"Yes",1649.232,17.868,7.682,"26B.4.4",357.511916675855,357.511916675855,395.302297579576,37.7903809037211,0.00291934734282894,1.02161708285313,0.00504224315539841,1.23424975342903,1649.232,17.868,7.682,1
"673","26B.4.4",8,9,1.01434635696234,"Yes",1649.232,17.868,7.682,"26B.4.4",357.511916675855,357.511916675855,395.302297579576,37.7903809037211,0.00283723789235819,1.00714763414424,0.00497082845419644,1.20219585765348,1649.232,17.868,7.682,1
"674","26B.4.4",8,9,19.2741900221847,"Yes",1649.232,17.868,7.682,"26B.4.4",357.511916675855,357.511916675855,395.302297579576,37.7903809037211,0.053912021175115,4.39023803707551,0.0216682434784581,20.0930411967502,1649.232,17.868,7.682,1
"675","26B.4.4",8,9,1.9262870048741,"No",1649.232,17.868,7.682,"26B.4.4",357.511916675855,357.511916675855,395.302297579576,37.7903809037211,0.00538803579691752,1.38790741941748,0.00685008777098782,2.18515443096365,1649.232,17.868,7.682,1
"676","26B.4.4",8,9,1.6834259511626,"No",1649.232,17.868,7.682,"26B.4.4",357.511916675855,357.511916675855,395.302297579576,37.7903809037211,0.00470872682179404,1.29746905595571,0.00640372462103241,1.92542514379395,1649.232,17.868,7.682,1
"677","26B.4.4",8,9,1.42458962491151,"No",1649.232,17.868,7.682,"26B.4.4",357.511916675855,357.511916675855,395.302297579576,37.7903809037211,0.00398473325912418,1.19356173904474,0.00589088476519629,1.64720840404821,1649.232,17.868,7.682,1
"678","26B.4.4",8,9,1.43154674660501,"No",1649.232,17.868,7.682,"26B.4.4",357.511916675855,357.511916675855,395.302297579576,37.7903809037211,0.00400419309072415,1.19647262676795,0.00590525159983995,1.65470845389527,1649.232,17.868,7.682,1
"679","26B.4.4",8,9,1.23075231381692,"Yes",1649.232,17.868,7.682,"26B.4.4",357.511916675855,357.511916675855,395.302297579576,37.7903809037211,0.00344254906314858,1.10939276805689,0.00547546452116982,1.43767220369674,1649.232,17.868,7.682,1
"680","26B.4.4",8,9,15.4369389946063,"Yes",1649.232,17.868,7.682,"26B.4.4",357.511916675855,357.511916675855,395.302297579576,37.7903809037211,0.0431788096411973,3.92898701889003,0.0193917155812629,16.1697593127989,1649.232,17.868,7.682,1
"681","26B.4.4",8,9,2.31645188195368,"No",1649.232,17.868,7.682,"26B.4.4",357.511916675855,357.511916675855,395.302297579576,37.7903809037211,0.00647936970462983,1.52198944869985,0.0075118564568861,2.60032779875349,1649.232,17.868,7.682,1
"682","26B.4.4",8,9,2.17370303668997,"No",1649.232,17.868,7.682,"26B.4.4",357.511916675855,357.511916675855,395.302297579576,37.7903809037211,0.00608008554484298,1.4743483430621,0.00727672135308902,2.44869310835345,1649.232,17.868,7.682,1
"683","26B.4.4",8,9,1.32609910947271,"Yes",1649.232,17.868,7.682,"26B.4.4",357.511916675855,357.511916675855,395.302297579576,37.7903809037211,0.00370924449680663,1.15156376700238,0.00568360163473039,1.54088458015418,1649.232,17.868,7.682,1
"684","26B.4.4",8,9,0.231250751443805,"Yes",1649.232,17.868,7.682,"26B.4.4",357.511916675855,357.511916675855,395.302297579576,37.7903809037211,0.000646833687654314,0.480885382855214,0.0023734343042318,0.320943737850684,1649.232,17.868,7.682,1
"685","26B.4.4",8,9,6.41762101534908,"No",1649.232,17.868,7.682,"26B.4.4",357.511916675855,357.511916675855,395.302297579576,37.7903809037211,0.017950789095424,2.53330239319136,0.0125032430124897,6.89012333132286,1649.232,17.868,7.682,1
"686","26B.4.4",8,9,1.1484603552334,"Yes",1649.232,17.868,7.682,"26B.4.4",357.511916675855,357.511916675855,395.302297579576,37.7903809037211,0.00321236943907152,1.07166242596883,0.00528924449574403,1.34834291942048,1649.232,17.868,7.682,1
"687","26B.4.4",8,9,1.38256218110102,"Yes",1649.232,17.868,7.682,"26B.4.4",357.511916675855,357.511916675855,395.302297579576,37.7903809037211,0.00386717789425336,1.175824043427,0.0058033394648854,1.60187258999263,1649.232,17.868,7.682,1
"688","26B.4.4",8,9,2.37603357013678,"No",1649.232,17.868,7.682,"26B.4.4",357.511916675855,357.511916675855,395.302297579576,37.7903809037211,0.00664602621425639,1.5414387986997,0.00760784971459456,2.66353710870957,1649.232,17.868,7.682,1
"689","26B.4.4",8,9,2.08301275009378,"No",1649.232,17.868,7.682,"26B.4.4",357.511916675855,357.511916675855,395.302297579576,37.7903809037211,0.00582641487719243,1.44326461540973,0.00712330603180076,2.35220519832931,1649.232,17.868,7.682,1
"690","26B.4.4",8,9,1.54279710825077,"No",1649.232,17.868,7.682,"26B.4.4",357.511916675855,357.511916675855,395.302297579576,37.7903809037211,0.00431537254085317,1.24209384035618,0.00613041742352977,1.77446791778477,1649.232,17.868,7.682,1
"691","26B.4.4",8,9,1.47335567948786,"No",1649.232,17.868,7.682,"26B.4.4",357.511916675855,357.511916675855,395.302297579576,37.7903809037211,0.00412113725659026,1.21381863533555,0.00599086370876161,1.69975270098424,1649.232,17.868,7.682,1
"692","26B.4.4",8,9,1.05360934717814,"Yes",1649.232,17.868,7.682,"26B.4.4",357.511916675855,357.511916675855,395.302297579576,37.7903809037211,0.00294706077765069,1.02645474677559,0.00506611969212683,1.24505994004745,1649.232,17.868,7.682,1
"693","26B.4.4",8,9,1.29693457101239,"Yes",1649.232,17.868,7.682,"26B.4.4",357.511916675855,357.511916675855,395.302297579576,37.7903809037211,0.00362766808746204,1.13883035216506,0.00562075521713818,1.50934505163462,1649.232,17.868,7.682,1
"694","26B.4.4",8,9,8.94282404339844,"Yes",1649.232,17.868,7.682,"26B.4.4",357.511916675855,357.511916675855,395.302297579576,37.7903809037211,0.0250140586264894,2.9904554909576,0.0147595454147004,9.50059288658574,1649.232,17.868,7.682,1
"695","26B.4.4",8,9,2.46291012003933,"No",1649.232,17.868,7.682,"26B.4.4",357.511916675855,357.511916675855,395.302297579576,37.7903809037211,0.00688902944254128,1.56936615231734,0.00774568659104309,2.7556225666757,1649.232,17.868,7.682,1
"696","26B.4.4",8,9,1.56043590706498,"No",1649.232,17.868,7.682,"26B.4.4",357.511916675855,357.511916675855,395.302297579576,37.7903809037211,0.00436471019364587,1.24917408997504,0.00616536235620406,1.79342729891539,1649.232,17.868,7.682,1
"697","26B.4.4",8,9,1.89753998829168,"No",1649.232,17.868,7.682,"26B.4.4",357.511916675855,357.511916675855,395.302297579576,37.7903809037211,0.00530762724200918,1.37751224614944,0.00679878186377493,2.15446854460505,1649.232,17.868,7.682,1
"698","26B.4.4",8,9,1.23483959488804,"Yes",1649.232,17.868,7.682,"26B.4.4",357.511916675855,357.511916675855,395.302297579576,37.7903809037211,0.0034539816361076,1.1112333665293,0.00548454888869374,1.44210278647685,1649.232,17.868,7.682,1
"699","26B.4.4",8,9,0.0131210964587503,"Yes",1649.232,17.868,7.682,"26B.4.4",357.511916675855,357.511916675855,395.302297579576,37.7903809037211,3.67011443443625e-05,0.114547354656274,0.000565354304150399,0.0344860509581521,1649.232,17.868,7.682,1
"700","26B.4.4",8,9,1.49399175572683,"No",1649.232,17.868,7.682,"26B.4.4",357.511916675855,357.511916675855,395.302297579576,37.7903809037211,0.00417885862272217,1.22228955478104,0.00603267236320839,1.72196874219982,1649.232,17.868,7.682,1
"701","26B.4.4",8,9,1.41259389634244,"Yes",1649.232,17.868,7.682,"26B.4.4",357.511916675855,357.511916675855,395.302297579576,37.7903809037211,0.00395117989206272,1.18852593423217,0.00586603029401103,1.63427341554589,1649.232,17.868,7.682,1
"702","26B.4.4",8,9,1.16878742221743,"Yes",1649.232,17.868,7.682,"26B.4.4",357.511916675855,357.511916675855,395.302297579576,37.7903809037211,0.00326922647246226,1.08110472305759,0.00533584743403287,1.37043112919367,1649.232,17.868,7.682,1
"703","26B.4.4",8,9,2.41987521578059,"Yes",1649.232,17.868,7.682,"26B.4.4",357.511916675855,357.511916675855,395.302297579576,37.7903809037211,0.00676865610041921,1.55559481092622,0.0076777174340708,2.71001908208527,1649.232,17.868,7.682,1
"704","26B.4.4",8,9,2.2522843909258,"No",1649.232,17.868,7.682,"26B.4.4",357.511916675855,357.511916675855,395.302297579576,37.7903809037211,0.00629988620202518,1.50076127046436,0.00740708370180396,2.53220090540271,1649.232,17.868,7.682,1
"705","26B.4.4",8,9,1.32825262558062,"No",1649.232,17.868,7.682,"26B.4.4",357.511916675855,357.511916675855,395.302297579576,37.7903809037211,0.0037152681173,1.15249842758271,0.00568821469963788,1.54321242574208,1649.232,17.868,7.682,1
"706","26B.4.4",8,9,1.08920135368127,"Yes",1649.232,17.868,7.682,"26B.4.4",357.511916675855,357.511916675855,395.302297579576,37.7903809037211,0.00304661551930538,1.04364809858557,0.00515097835584467,1.28385878777547,1649.232,17.868,7.682,1
"707","26B.4.4",8,9,0.561514728840753,"Yes",1649.232,17.868,7.682,"26B.4.4",357.511916675855,357.511916675855,395.302297579576,37.7903809037211,0.00157061821620302,0.749342864675946,0.00369841988145583,0.701279424902864,1649.232,17.868,7.682,1
"708","26B.4.4",8,9,1.41239923820258,"No",1649.232,17.868,7.682,"26B.4.4",357.511916675855,357.511916675855,395.302297579576,37.7903809037211,0.00395063541191875,1.18844404083767,0.00586562610499072,1.63406348294899,1649.232,17.868,7.682,1
"709","26B.4.4",8,9,1.31589406941848,"No",1649.232,17.868,7.682,"26B.4.4",357.511916675855,357.511916675855,395.302297579576,37.7903809037211,0.00368069988170928,1.14712426067034,0.00566169022507234,1.52985149958284,1649.232,17.868,7.682,1
"710","26B.4.4",8,9,1.24875562121859,"Yes",1649.232,17.868,7.682,"26B.4.4",357.511916675855,357.511916675855,395.302297579576,37.7903809037211,0.00349290628639603,1.11747734707178,0.00551536637274056,1.45718341726803,1649.232,17.868,7.682,1
"711","26B.4.4",8,9,1.38846673588036,"Yes",1649.232,17.868,7.682,"26B.4.4",357.511916675855,357.511916675855,395.302297579576,37.7903809037211,0.00388369358087505,1.17833218401279,0.00581571852051569,1.60824495399947,1649.232,17.868,7.682,1
"712","26B.4.4",8,9,11.7798294856272,"Yes",1649.232,17.868,7.682,"26B.4.4",357.511916675855,357.511916675855,395.302297579576,37.7903809037211,0.0329494736711325,3.43217561986959,0.0169396776129483,12.4199863550068,1649.232,17.868,7.682,1
"713","26B.4.4",8,9,1.2787641883106,"Yes",1649.232,17.868,7.682,"26B.4.4",357.511916675855,357.511916675855,395.302297579576,37.7903809037211,0.00357684353629536,1.13082456124308,0.00558124222821363,1.48968145803072,1649.232,17.868,7.682,1
"714","26B.4.4",8,9,0.808659318325336,"Yes",1649.232,17.868,7.682,"26B.4.4",357.511916675855,357.511916675855,395.302297579576,37.7903809037211,0.00226190871018859,0.899254868391234,0.00443831821257461,0.976385054150453,1649.232,17.868,7.682,1
"715","26B.4.4",8,9,1.43623558814637,"Yes",1649.232,17.868,7.682,"26B.4.4",357.511916675855,357.511916675855,395.302297579576,37.7903809037211,0.00401730829422551,1.19843046863236,0.00591491462809764,1.65976246495518,1649.232,17.868,7.682,1
"716","26B.4.4",8,9,0.49407622264274,"Yes",1649.232,17.868,7.682,"26B.4.4",357.511916675855,357.511916675855,395.302297579576,37.7903809037211,0.00138198532579462,0.702905557413469,0.00346922618586351,0.625179601647686,1649.232,17.868,7.682,1
"717","26B.4.4",8,9,1.25096415291361,"No",1649.232,17.868,7.682,"26B.4.4",357.511916675855,357.511916675855,395.302297579576,37.7903809037211,0.00349908379151407,1.11846508792792,0.00552024141805331,1.45957617878235,1649.232,17.868,7.682,1
"718","26B.4.4",8,9,1.36671367096287,"No",1649.232,17.868,7.682,"26B.4.4",357.511916675855,357.511916675855,395.302297579576,37.7903809037211,0.00382284787503189,1.16906529798933,0.00576998133247535,1.58476346332448,1649.232,17.868,7.682,1
"719","26B.4.4",8,9,1.37834562906763,"Yes",1649.232,17.868,7.682,"26B.4.4",357.511916675855,357.511916675855,395.302297579576,37.7903809037211,0.00385538373624991,1.17402965425394,0.00579448316571241,1.5973213550401,1649.232,17.868,7.682,1
"720","26B.4.4",8,9,1.42812161305454,"Yes",1649.232,17.868,7.682,"26B.4.4",357.511916675855,357.511916675855,395.302297579576,37.7903809037211,0.00399461261692535,1.19504042318849,0.00589818288611455,1.65101619096061,1649.232,17.868,7.682,1
"721","26B.4.4",8,9,16.6406621592675,"Yes",1649.232,17.868,7.682,"26B.4.4",357.511916675855,357.511916675855,395.302297579576,37.7903809037211,0.0465457552128396,4.07929677263955,0.0201335770279378,17.4015177041077,1649.232,17.868,7.682,1
"722","26B.4.4",8,9,1.9809435094504,"No",1649.232,17.868,7.682,"26B.4.4",357.511916675855,357.511916675855,395.302297579576,37.7903809037211,0.00554091602839201,1.40745994950137,0.00694659027925721,2.24345780208561,1649.232,17.868,7.682,1
"723","26B.4.4",8,9,1.5678409556184,"No",1649.232,17.868,7.682,"26B.4.4",357.511916675855,357.511916675855,395.302297579576,37.7903809037211,0.00438542292574798,1.2521345597093,0.00617997390538903,1.8013845234781,1649.232,17.868,7.682,1
"724","26B.4.4",8,9,9.22464295410665,"No",1649.232,17.868,7.682,"26B.4.4",357.511916675855,357.511916675855,395.302297579576,37.7903809037211,0.0258023369958611,3.03720973166271,0.014990303351444,9.79113222762004,1649.232,17.868,7.682,1
"725","26B.4.4",8,9,1.41581076011295,"Yes",1649.232,17.868,7.682,"26B.4.4",357.511916675855,357.511916675855,395.302297579576,37.7903809037211,0.00396017781246888,1.18987846442943,0.00587270577569991,1.63774254831213,1649.232,17.868,7.682,1
"726","26B.4.4",8,9,0.798620811802706,"Yes",1649.232,17.868,7.682,"26B.4.4",357.511916675855,357.511916675855,395.302297579576,37.7903809037211,0.00223382990762456,0.893655868778752,0.00441068406476429,0.965302242656122,1649.232,17.868,7.682,1
"727","26B.4.4",8,9,1.66789637110018,"No",1649.232,17.868,7.682,"26B.4.4",357.511916675855,357.511916675855,395.302297579576,37.7903809037211,0.00466528888493642,1.29147062339806,0.00637411905157342,1.90877675798481,1649.232,17.868,7.682,1
"728","26B.4.4",8,9,1.12439424296143,"Yes",1649.232,17.868,7.682,"26B.4.4",357.511916675855,357.511916675855,395.302297579576,37.7903809037211,0.00314505388636004,1.06037457672345,0.00523353274077047,1.32217143870724,1649.232,17.868,7.682,1
"729","26B.4.4",8,9,0.958530710287705,"Yes",1649.232,17.868,7.682,"26B.4.4",357.511916675855,357.511916675855,395.302297579576,37.7903809037211,0.00268111541343886,0.979045816235228,0.00483213050035032,1.14113876247243,1649.232,17.868,7.682,1
"730","26B.4.4",8,9,1.74632459068408,"No",1649.232,17.868,7.682,"26B.4.4",357.511916675855,357.511916675855,395.302297579576,37.7903809037211,0.00488466120771973,1.32148575122249,0.00652226024397447,1.99280328965707,1649.232,17.868,7.682,1
"731","26B.4.4",8,9,11.5618301140794,"No",1649.232,17.868,7.682,"26B.4.4",357.511916675855,357.511916675855,395.302297579576,37.7903809037211,0.0323397055448703,3.40026912377232,0.016782201476087,12.1960359002637,1649.232,17.868,7.682,1
"732","26B.5.4",8,9,2.36507751352094,"No",1156.496,15.305,4.494,"26B.5.4",190.183057877526,190.183057877526,228.226827863496,38.0437699859702,0.0124357949646808,1.53788085153595,0.0142156177030758,2.90589320362524,1156.496,15.305,4.494,1
"733","26B.5.4",8,9,2.3055336927265,"No",1156.496,15.305,4.494,"26B.5.4",190.183057877526,190.183057877526,228.226827863496,38.0437699859702,0.0121227080816589,1.51839839723522,0.0140355288997201,2.83949812581889,1156.496,15.305,4.494,1
"734","26B.5.4",8,9,2.25615069065081,"No",1156.496,15.305,4.494,"26B.5.4",190.183057877526,190.183057877526,228.226827863496,38.0437699859702,0.0118630477174456,1.50204883098081,0.0138843993871497,2.78436558732888,1156.496,15.305,4.494,1
"735","26B.5.4",8,9,1.88726345817147,"No",1156.496,15.305,4.494,"26B.5.4",190.183057877526,190.183057877526,228.226827863496,38.0437699859702,0.00992340474085143,1.37377707732058,0.0126987014117079,2.370369933799,1156.496,15.305,4.494,1
"736","26B.5.4",8,9,0.758952911277024,"No",1156.496,15.305,4.494,"26B.5.4",190.183057877526,190.183057877526,228.226827863496,38.0437699859702,0.00399064417065885,0.871179035145489,0.00805286580049027,1.06531428551876,1156.496,15.305,4.494,1
"737","26B.5.4",8,9,1.17901706548408,"Yes",1156.496,15.305,4.494,"26B.5.4",190.183057877526,190.183057877526,228.226827863496,38.0437699859702,0.00619938010589428,1.08582552257905,0.0100369807620727,1.56086165294998,1156.496,15.305,4.494,1
"738","26B.5.4",8,9,1.75650831316331,"Yes",1156.496,15.305,4.494,"26B.5.4",190.183057877526,190.183057877526,228.226827863496,38.0437699859702,0.00923588216934897,1.32533328380574,0.0122509044006418,2.22257890230143,1156.496,15.305,4.494,1
"739","26B.5.4",8,9,1.59698931454799,"No",1156.496,15.305,4.494,"26B.5.4",190.183057877526,190.183057877526,228.226827863496,38.0437699859702,0.0083971166115986,1.2637204257857,0.0116813772917425,2.04139294535438,1156.496,15.305,4.494,1
"740","26B.5.4",8,9,8.23903303479588,"No",1156.496,15.305,4.494,"26B.5.4",190.183057877526,190.183057877526,228.226827863496,38.0437699859702,0.0433215930311817,2.87037158479453,0.0265326829932618,9.24843632370219,1156.496,15.305,4.494,1
"741","26B.5.4",8,9,3.18825815797887,"No",1156.496,15.305,4.494,"26B.5.4",190.183057877526,190.183057877526,228.226827863496,38.0437699859702,0.0167641544602361,1.78556942121522,0.0165051617938716,3.81617673684615,1156.496,15.305,4.494,1
"742","26B.5.4",8,9,1.83586378407743,"No",1156.496,15.305,4.494,"26B.5.4",190.183057877526,190.183057877526,228.226827863496,38.0437699859702,0.00965314052979257,1.35494050942373,0.0125245829500649,2.31234613699991,1156.496,15.305,4.494,1
"743","26B.5.4",8,9,1.11208679814124,"Yes",1156.496,15.305,4.494,"26B.5.4",190.183057877526,190.183057877526,228.226827863496,38.0437699859702,0.00584745460795674,1.05455526082858,0.00974792970452439,1.48293479365958,1156.496,15.305,4.494,1
"744","26B.5.4",8,9,2.75046375167941,"Yes",1156.496,15.305,4.494,"26B.5.4",190.183057877526,190.183057877526,228.226827863496,38.0437699859702,0.014462191229729,1.65845221567563,0.0153301360461816,3.33367992127397,1156.496,15.305,4.494,1
"745","26B.5.4",8,9,2.64599344276644,"No",1156.496,15.305,4.494,"26B.5.4",190.183057877526,190.183057877526,228.226827863496,38.0437699859702,0.0139128767425246,1.62665098984584,0.0150361769475726,3.21802630002824,1156.496,15.305,4.494,1
"746","26B.5.4",8,9,1.9780869242666,"No",1156.496,15.305,4.494,"26B.5.4",190.183057877526,190.183057877526,228.226827863496,38.0437699859702,0.0104009628740981,1.40644478180503,0.01300066992749,2.47268142065155,1156.496,15.305,4.494,1
"747","26B.5.4",8,9,1.05500181719195,"Yes",1156.496,15.305,4.494,"26B.5.4",190.183057877526,190.183057877526,228.226827863496,38.0437699859702,0.00554729653085791,1.02713281380353,0.00949444646295744,1.41620635457281,1156.496,15.305,4.494,1
"748","26B.5.4",8,9,1.30970500455704,"Yes",1156.496,15.305,4.494,"26B.5.4",190.183057877526,190.183057877526,228.226827863496,38.0437699859702,0.00688654930241187,1.1444234376126,0.0105786388219167,1.71215630666269,1156.496,15.305,4.494,1
"749","26B.5.4",8,9,1.16561128112255,"Yes",1156.496,15.305,4.494,"26B.5.4",190.183057877526,190.183057877526,228.226827863496,38.0437699859702,0.0061288912594579,1.07963479062253,0.00997975586151665,1.54527881763422,1156.496,15.305,4.494,1
"750","26B.5.4",8,9,7.06785217026444,"Yes",1156.496,15.305,4.494,"26B.5.4",190.183057877526,190.183057877526,228.226827863496,38.0437699859702,0.0371634163902022,2.658543242128,0.0245746179487454,8.00276328299961,1156.496,15.305,4.494,1
"751","26B.5.4",8,9,6.47585399560293,"No",1156.496,15.305,4.494,"26B.5.4",190.183057877526,190.183057877526,228.226827863496,38.0437699859702,0.0340506355711939,2.54476992979777,0.0235229383525766,7.37075525168251,1156.496,15.305,4.494,1
"752","26B.5.4",8,9,1.69230233238703,"No",1156.496,15.305,4.494,"26B.5.4",190.183057877526,190.183057877526,228.226827863496,38.0437699859702,0.00889828122059558,1.30088521107246,0.0120249152057011,2.14977544057352,1156.496,15.305,4.494,1
"753","26B.5.4",8,9,1.41362121027284,"No",1156.496,15.305,4.494,"26B.5.4",190.183057877526,190.183057877526,228.226827863496,38.0437699859702,0.00743295026407233,1.18895803553904,0.0109903006343712,1.83173367968352,1156.496,15.305,4.494,1
"754","26B.5.4",8,9,1.89848155608865,"No",1156.496,15.305,4.494,"26B.5.4",190.183057877526,190.183057877526,228.226827863496,38.0437699859702,0.0099823905308707,1.3778539676209,0.0127363867199481,2.38302172291472,1156.496,15.305,4.494,1
"755","26B.5.4",8,9,1.47578137337696,"Yes",1156.496,15.305,4.494,"26B.5.4",190.183057877526,190.183057877526,228.226827863496,38.0437699859702,0.00775979411545338,1.21481742388598,0.011229335523458,1.90298763112668,1156.496,15.305,4.494,1
"756","26B.5.4",8,9,1.00529523897945,"Yes",1156.496,15.305,4.494,"26B.5.4",190.183057877526,190.183057877526,228.226827863496,38.0437699859702,0.00528593477357399,1.00264412379441,0.00926808181652133,1.35788801181834,1156.496,15.305,4.494,1
"757","26B.5.4",8,9,1.61121748890414,"No",1156.496,15.305,4.494,"26B.5.4",190.183057877526,190.183057877526,228.226827863496,38.0437699859702,0.00847192966022097,1.26933742121791,0.0117332987781337,2.05759640879612,1156.496,15.305,4.494,1
"758","26B.5.4",8,9,1.12297002253123,"Yes",1156.496,15.305,4.494,"26B.5.4",190.183057877526,190.183057877526,228.226827863496,38.0437699859702,0.0059046796021883,1.0597027991523,0.00979551169818067,1.49562821647169,1156.496,15.305,4.494,1
"759","26B.5.4",8,9,6.99649776483276,"Yes",1156.496,15.305,4.494,"26B.5.4",190.183057877526,190.183057877526,228.226827863496,38.0437699859702,0.0367882283675255,2.64508936802384,0.0244502551733724,7.92667764874682,1156.496,15.305,4.494,1
"760","26B.5.4",8,9,1.0249501306843,"Yes",1156.496,15.305,4.494,"26B.5.4",190.183057877526,190.183057877526,228.226827863496,38.0437699859702,0.00538928200084125,1.01239820756672,0.00935824506019035,1.38097305322652,1156.496,15.305,4.494,1
"761","26B.5.4",8,9,1.38248496899128,"Yes",1156.496,15.305,4.494,"26B.5.4",190.183057877526,190.183057877526,228.226827863496,38.0437699859702,0.00726923304536187,1.17579120977803,0.0108685912306847,1.79596715384298,1156.496,15.305,4.494,1
"762","26B.5.4",8,9,1.84128595822569,"No",1156.496,15.305,4.494,"26B.5.4",190.183057877526,190.183057877526,228.226827863496,38.0437699859702,0.00968165081987186,1.35693992432447,0.0125430648225912,2.31847143125546,1156.496,15.305,4.494,1
"763","26B.5.4",8,9,1.43482798711397,"Yes",1156.496,15.305,4.494,"26B.5.4",190.183057877526,190.183057877526,228.226827863496,38.0437699859702,0.00754445744603584,1.19784305612796,0.0110724305704127,1.85606498892037,1156.496,15.305,4.494,1
"764","26B.5.4",8,9,4.69039037903187,"Yes",1156.496,15.305,4.494,"26B.5.4",190.183057877526,190.183057877526,228.226827863496,38.0437699859702,0.0246625037549474,2.16573091103947,0.0200192379327194,5.45199766223865,1156.496,15.305,4.494,1
"765","26B.5.4",8,9,2.98182640600404,"No",1156.496,15.305,4.494,"26B.5.4",190.183057877526,190.183057877526,228.226827863496,38.0437699859702,0.0156787173330879,1.72679657342839,0.0159618867185469,3.58907675286655,1156.496,15.305,4.494,1
"766","26B.5.4",8,9,4.71181652450298,"No",1156.496,15.305,4.494,"26B.5.4",190.183057877526,190.183057877526,228.226827863496,38.0437699859702,0.0247751643973318,2.17067190623157,0.0200649107159219,5.47516137256854,1156.496,15.305,4.494,1
"767","26B.5.4",8,9,7.65300010966254,"No",1156.496,15.305,4.494,"26B.5.4",190.183057877526,190.183057877526,228.226827863496,38.0437699859702,0.04024017804252,2.76640562999401,0.0255716590842227,8.62584242602236,1156.496,15.305,4.494,1
"768","26B.5.4",8,9,1.25633956902893,"Yes",1156.496,15.305,4.494,"26B.5.4",190.183057877526,190.183057877526,228.226827863496,38.0437699859702,0.00660594893703932,1.12086554458103,0.0103608781281073,1.65050643338731,1156.496,15.305,4.494,1
"769","26B.5.4",8,9,0.96298312903974,"Yes",1156.496,15.305,4.494,"26B.5.4",190.183057877526,190.183057877526,228.226827863496,38.0437699859702,0.00506345381016999,0.981317037985044,0.00907094190266924,1.30807595634099,1156.496,15.305,4.494,1
"770","26B.5.4",8,9,1.86242405533044,"No",1156.496,15.305,4.494,"26B.5.4",190.183057877526,190.183057877526,228.226827863496,38.0437699859702,0.00979279687746843,1.36470658213787,0.0126148570152021,2.34234077402269,1156.496,15.305,4.494,1
"771","26B.5.4",8,9,1.72873855935933,"No",1156.496,15.305,4.494,"26B.5.4",190.183057877526,190.183057877526,228.226827863496,38.0437699859702,0.0090898662512441,1.31481502857221,0.0121536774307149,2.19111026801713,1156.496,15.305,4.494,1
"772","26B.5.4",8,9,1.47320515155094,"Yes",1156.496,15.305,4.494,"26B.5.4",190.183057877526,190.183057877526,228.226827863496,38.0437699859702,0.00774624810428513,1.21375662780927,0.0112195299058951,1.90003836664153,1156.496,15.305,4.494,1
"773","26B.5.4",8,9,1.00889077327214,"Yes",1156.496,15.305,4.494,"26B.5.4",190.183057877526,190.183057877526,228.226827863496,38.0437699859702,0.00530484042338748,1.00443554958601,0.0092846411124976,1.36211352415828,1156.496,15.305,4.494,1
"774","26B.5.4",8,9,6.09861400705168,"Yes",1156.496,15.305,4.494,"26B.5.4",190.183057877526,190.183057877526,228.226827863496,38.0437699859702,0.032067073035386,2.46953720503492,0.0228275140920292,6.96705870252033,1156.496,15.305,4.494,1
"775","26B.5.4",8,9,2.05255195441605,"No",1156.496,15.305,4.494,"26B.5.4",190.183057877526,190.183057877526,228.226827863496,38.0437699859702,0.0107925068474703,1.43267301029092,0.0132431142422183,2.55636994654493,1156.496,15.305,4.494,1
"776","26B.5.4",8,9,1.02028231486911,"Yes",1156.496,15.305,4.494,"26B.5.4",190.183057877526,190.183057877526,228.226827863496,38.0437699859702,0.00536473819621803,1.01009025085341,0.00933691113807355,1.37549361458542,1156.496,15.305,4.494,1
"777","26B.5.4",8,9,4.09531403528649,"Yes",1156.496,15.305,4.494,"26B.5.4",190.183057877526,190.183057877526,228.226827863496,38.0437699859702,0.02153353763995,2.0236882258111,0.0187062464166938,4.80697017126407,1156.496,15.305,4.494,1
"778","26B.5.4",8,9,1.8769148194687,"No",1156.496,15.305,4.494,"26B.5.4",190.183057877526,190.183057877526,228.226827863496,38.0437699859702,0.00986899064730253,1.37000540855454,0.0126638374615995,2.35869493899751,1156.496,15.305,4.494,1
"779","26B.5.4",8,9,5.52112816230415,"No",1156.496,15.305,4.494,"26B.5.4",190.183057877526,190.183057877526,228.226827863496,38.0437699859702,0.0290305993810429,2.34970810151052,0.0217198569391984,6.3474334038272,1156.496,15.305,4.494,1
"780","26B.5.4",8,9,2.05085546250491,"No",1156.496,15.305,4.494,"26B.5.4",190.183057877526,190.183057877526,228.226827863496,38.0437699859702,0.0107835865370595,1.43208081563329,0.0132376402077049,2.55446520172386,1156.496,15.305,4.494,1
"781","26B.5.4",8,9,1.70610000778854,"No",1156.496,15.305,4.494,"26B.5.4",190.183057877526,190.183057877526,228.226827863496,38.0437699859702,0.00897083066614291,1.3061776325556,0.0120738364471956,2.16543426443388,1156.496,15.305,4.494,1
"782","26B.5.4",8,9,1.40956026304979,"Yes",1156.496,15.305,4.494,"26B.5.4",190.183057877526,190.183057877526,228.226827863496,38.0437699859702,0.00741159743029011,1.18724903160617,0.0109745032164254,1.82707173912577,1156.496,15.305,4.494,1
"783","26B.5.4",8,9,7.09206447571758,"Yes",1156.496,15.305,4.494,"26B.5.4",190.183057877526,190.183057877526,228.226827863496,38.0437699859702,0.0372907269178768,2.66309302798787,0.0246166745335258,8.02857557949053,1156.496,15.305,4.494,1
"784","26B.5.4",8,9,3.08829957952092,"No",1156.496,15.305,4.494,"26B.5.4",190.183057877526,190.183057877526,228.226827863496,38.0437699859702,0.0162385630664837,1.75735584885957,0.0162443656741686,3.70629649079699,1156.496,15.305,4.494,1
"785","26B.5.4",8,9,1.99287199187483,"No",1156.496,15.305,4.494,"26B.5.4",190.183057877526,190.183057877526,228.226827863496,38.0437699859702,0.0104787041186297,1.41169118148228,0.0130491657599564,2.48931145255541,1156.496,15.305,4.494,1
"786","26B.5.4",8,9,2.32354600279463,"No",1156.496,15.305,4.494,"26B.5.4",190.183057877526,190.183057877526,228.226827863496,38.0437699859702,0.0122174184636938,1.52431820916586,0.0140902495129562,2.85959221431046,1156.496,15.305,4.494,1
"787","26B.5.4",8,9,7.07952434119256,"No",1156.496,15.305,4.494,"26B.5.4",190.183057877526,190.183057877526,228.226827863496,38.0437699859702,0.0372247897378515,2.6607375558654,0.0245949013960491,8.01520711273147,1156.496,15.305,4.494,1
"788","26B.5.4",8,9,1.9106741160654,"No",1156.496,15.305,4.494,"26B.5.4",190.183057877526,190.183057877526,228.226827863496,38.0437699859702,0.0100465001319719,1.38227136122593,0.0127772195183215,2.39676771648067,1156.496,15.305,4.494,1
"789","26B.5.4",8,9,1.667220213444,"No",1156.496,15.305,4.494,"26B.5.4",190.183057877526,190.183057877526,228.226827863496,38.0437699859702,0.00876639713363771,1.29120881868271,0.0119354701132414,2.12129049310658,1156.496,15.305,4.494,1
"790","26B.5.4",8,9,6.71444630438198,"No",1156.496,15.305,4.494,"26B.5.4",190.183057877526,190.183057877526,228.226827863496,38.0437699859702,0.035305175862226,2.59122486565369,0.0239523510784643,7.62568403943428,1156.496,15.305,4.494,1
"791","26B.5.4",8,9,1.07363224106608,"Yes",1156.496,15.305,4.494,"26B.5.4",190.183057877526,190.183057877526,228.226827863496,38.0437699859702,0.00564525701210186,1.03616226579917,0.0095779114709977,1.4380121020147,1156.496,15.305,4.494,1
"792","26B.5.4",8,9,5.40222175453685,"Yes",1156.496,15.305,4.494,"26B.5.4",190.183057877526,190.183057877526,228.226827863496,38.0437699859702,0.0284053785590921,2.32426800402554,0.0214846978240991,6.21958065677495,1156.496,15.305,4.494,1
"793","26B.5.4",8,9,6.88086405216904,"No",1156.496,15.305,4.494,"26B.5.4",190.183057877526,190.183057877526,228.226827863496,38.0437699859702,0.0361802156772564,2.62314011295032,0.0242473641505206,7.8033251966775,1156.496,15.305,4.494,1
"794","26B.5.4",8,9,2.46450244830287,"No",1156.496,15.305,4.494,"26B.5.4",190.183057877526,190.183057877526,228.226827863496,38.0437699859702,0.0129585804109321,1.56987338607382,0.0145113451906042,3.01656872692123,1156.496,15.305,4.494,1
"795","26B.5.4",8,9,1.08487125233239,"No",1156.496,15.305,4.494,"26B.5.4",190.183057877526,190.183057877526,228.226827863496,38.0437699859702,0.00570435276643319,1.04157153010842,0.00962791276557022,1.45115335103073,1156.496,15.305,4.494,1
"796","26B.5.4",8,9,2.0774522402567,"No",1156.496,15.305,4.494,"26B.5.4",190.183057877526,190.183057877526,228.226827863496,38.0437699859702,0.0109234348392617,1.44133696277335,0.0133232007041602,2.58431702332269,1156.496,15.305,4.494,1
"797","26B.5.4",8,9,2.22025108345662,"No",1156.496,15.305,4.494,"26B.5.4",190.183057877526,190.183057877526,228.226827863496,38.0437699859702,0.0116742842829166,1.490050698284,0.0137734929619879,2.74424668160587,1156.496,15.305,4.494,1
"798","26B.5.4",8,9,1.68095917398566,"No",1156.496,15.305,4.494,"26B.5.4",190.183057877526,190.183057877526,228.226827863496,38.0437699859702,0.00883863785105485,1.2965180962816,0.0119845471666099,2.13689652977818,1156.496,15.305,4.494,1
"799","26B.5.4",8,9,1.3012348239054,"Yes",1156.496,15.305,4.494,"26B.5.4",190.183057877526,190.183057877526,228.226827863496,38.0437699859702,0.00684201231396418,1.14071680267514,0.0105443760211392,1.7023826398992,1156.496,15.305,4.494,1
"800","26B.5.4",8,9,4.1384669446252,"Yes",1156.496,15.305,4.494,"26B.5.4",190.183057877526,190.183057877526,228.226827863496,38.0437699859702,0.0217604396038804,2.03432223224965,0.0188045433491457,4.8538626664913,1156.496,15.305,4.494,1
"801","26B.6.4",8,9,1.98128728594322,"No",718.131,11.173,4.064,"26B.6.4",225.605571662686,225.605571662686,265.293784275089,39.6882126124032,0.00878208490748422,1.40758207076647,0.0105409188766004,2.39963751544784,718.131,11.173,4.064,1
"802","26B.6.4",8,9,5.23370870774211,"No",718.131,11.173,4.064,"26B.6.4",225.605571662686,225.605571662686,265.293784275089,39.6882126124032,0.0231984904857195,2.28773003384187,0.0171320573053039,5.91364944056289,718.131,11.173,4.064,1
"803","26B.6.4",8,9,1.68875147884033,"No",718.131,11.173,4.064,"26B.6.4",225.605571662686,225.605571662686,265.293784275089,39.6882126124032,0.00748541565881744,1.29951971083179,0.00973167542760904,2.07498428228618,718.131,11.173,4.064,1
"804","26B.6.4",8,9,1.08428268675925,"Yes",718.131,11.173,4.064,"26B.6.4",225.605571662686,225.605571662686,265.293784275089,39.6882126124032,0.0048060988865134,1.04128895449786,0.00779787028012173,1.39376622036066,718.131,11.173,4.064,1
"805","26B.6.4",8,9,0.591737060676523,"Yes",718.131,11.173,4.064,"26B.6.4",225.605571662686,225.605571662686,265.293784275089,39.6882126124032,0.00262288318641908,0.769244473933042,0.00576061869812397,0.820365720346652,718.131,11.173,4.064,1
"806","26B.6.4",8,9,3.47270414784389,"No",718.131,11.173,4.064,"26B.6.4",225.605571662686,225.605571662686,265.293784275089,39.6882126124032,0.0153928119870909,1.86351929097713,0.0139552826646005,4.02656437330274,718.131,11.173,4.064,1
"807","26B.6.4",8,9,2.85549675181775,"No",718.131,11.173,4.064,"26B.6.4",225.605571662686,225.605571662686,265.293784275089,39.6882126124032,0.0126570311662655,1.6898215147813,0.0126545171845961,3.35773192034732,718.131,11.173,4.064,1
"808","26B.6.4",8,9,1.85772792033922,"No",718.131,11.173,4.064,"26B.6.4",225.605571662686,225.605571662686,265.293784275089,39.6882126124032,0.00823440621013031,1.36298493034194,0.0102069455693905,2.26282334622041,718.131,11.173,4.064,1
"809","26B.6.4",8,9,1.10249386115987,"No",718.131,11.173,4.064,"26B.6.4",225.605571662686,225.605571662686,265.293784275089,39.6882126124032,0.00488682018371544,1.04999707673873,0.00786308254164086,1.41456555286139,718.131,11.173,4.064,1
"810","26B.6.4",8,9,1.94777205874645,"No",718.131,11.173,4.064,"26B.6.4",225.605571662686,225.605571662686,265.293784275089,39.6882126124032,0.00863352817216174,1.39562604545288,0.0104513841378917,2.362568814505,718.131,11.173,4.064,1
"811","26B.6.4",8,9,1.73288450890497,"No",718.131,11.173,4.064,"26B.6.4",225.605571662686,225.605571662686,265.293784275089,39.6882126124032,0.0076810359608312,1.31639071286035,0.00985801680936107,2.12413157597154,718.131,11.173,4.064,1
"812","26B.6.4",8,9,1.10105004833778,"Yes",718.131,11.173,4.064,"26B.6.4",225.605571662686,225.605571662686,265.293784275089,39.6882126124032,0.00488042046223938,1.04930931966593,0.00785793215527143,1.41291733041004,718.131,11.173,4.064,1
"813","26B.6.4",8,9,0.313224159356236,"Yes",718.131,11.173,4.064,"26B.6.4",225.605571662686,225.605571662686,265.293784275089,39.6882126124032,0.00138837067297502,0.55966432739298,0.00419114195591037,0.47956309239117,718.131,11.173,4.064,1
"814","26B.6.4",8,9,4.37448113505529,"No",718.131,11.173,4.064,"26B.6.4",225.605571662686,225.605571662686,265.293784275089,39.6882126124032,0.0193899516878767,2.09152603021222,0.0156627500951047,4.99610769092474,718.131,11.173,4.064,1
"815","26B.6.4",8,9,2.35026640744997,"No",718.131,11.173,4.064,"26B.6.4",225.605571662686,225.605571662686,265.293784275089,39.6882126124032,0.0104175902666268,1.53305786174233,0.0114805657796998,2.80590954302538,718.131,11.173,4.064,1
"816","26B.6.4",8,9,2.55982128825787,"No",718.131,11.173,4.064,"26B.6.4",225.605571662686,225.605571662686,265.293784275089,39.6882126124032,0.0113464453443782,1.59994415160588,0.0119814551914444,3.0353438293019,718.131,11.173,4.064,1
"817","26B.6.4",8,9,2.59895187856128,"No",718.131,11.173,4.064,"26B.6.4",225.605571662686,225.605571662686,265.293784275089,39.6882126124032,0.0115198922588982,1.61212650823727,0.0120726848509038,3.07809516172649,718.131,11.173,4.064,1
"818","26B.6.4",8,9,2.78984055327316,"No",718.131,11.173,4.064,"26B.6.4",225.605571662686,225.605571662686,265.293784275089,39.6882126124032,0.0123660091047946,1.67028157903785,0.0125081890366299,3.28626821915506,718.131,11.173,4.064,1
"819","26B.6.4",8,9,1.1070479836734,"Yes",718.131,11.173,4.064,"26B.6.4",225.605571662686,225.605571662686,265.293784275089,39.6882126124032,0.00490700639844394,1.0521634776371,0.00787930600498146,1.41976355563729,718.131,11.173,4.064,1
"820","26B.6.4",8,9,1.48377714793198,"Yes",718.131,11.173,4.064,"26B.6.4",225.605571662686,225.605571662686,265.293784275089,39.6882126124032,0.00657686393557003,1.21810391507949,0.0091219793280903,1.84581220295117,718.131,11.173,4.064,1
"821","26B.6.4",8,9,6.06551599934214,"Yes",718.131,11.173,4.064,"26B.6.4",225.605571662686,225.605571662686,265.293784275089,39.6882126124032,0.0268854884861221,2.46282683096927,0.0184432995926311,6.79749759484873,718.131,11.173,4.064,1
"822","26B.6.4",8,9,2.89816244993111,"No",718.131,11.173,4.064,"26B.6.4",225.605571662686,225.605571662686,265.293784275089,39.6882126124032,0.0128461474979186,1.70239902782253,0.0127487060403585,3.40413580579388,718.131,11.173,4.064,1
"823","26B.6.4",8,9,1.98194423644987,"No",718.131,11.173,4.064,"26B.6.4",225.605571662686,225.605571662686,265.293784275089,39.6882126124032,0.00878499685022485,1.40781541277608,0.0105426662981148,2.40036381799107,718.131,11.173,4.064,1
"824","26B.6.4",8,9,1.63642928283872,"No",718.131,11.173,4.064,"26B.6.4",225.605571662686,225.605571662686,265.293784275089,39.6882126124032,0.00725349675887186,1.27922995698144,0.00957973213861398,2.01663172872591,718.131,11.173,4.064,1
"825","26B.6.4",8,9,1.81036698132552,"No",718.131,11.173,4.064,"26B.6.4",225.605571662686,225.605571662686,265.293784275089,39.6882126124032,0.00802447815443268,1.34549878533038,0.0100759975842893,2.21026531573285,718.131,11.173,4.064,1
"826","26B.6.4",8,9,2.96310558606301,"No",718.131,11.173,4.064,"26B.6.4",225.605571662686,225.605571662686,265.293784275089,39.6882126124032,0.0131340088998037,1.72136735941606,0.0128907536329673,3.47471655698232,718.131,11.173,4.064,1
"827","26B.6.4",8,9,1.71981994246653,"No",718.131,11.173,4.064,"26B.6.4",225.605571662686,225.605571662686,265.293784275089,39.6882126124032,0.00762312707878475,1.31141905677268,0.00982078571314943,2.10958937387086,718.131,11.173,4.064,1
"828","26B.6.4",8,9,1.10335143254914,"No",718.131,11.173,4.064,"26B.6.4",225.605571662686,225.605571662686,265.293784275089,39.6882126124032,0.004890621381456,1.05040536582271,0.00786614008421818,1.41554447265053,718.131,11.173,4.064,1
"829","26B.6.4",8,9,6.5837169627027,"No",718.131,11.173,4.064,"26B.6.4",225.605571662686,225.605571662686,265.293784275089,39.6882126124032,0.0291824218443787,2.56587547685049,0.0192149969871467,7.34632584847527,718.131,11.173,4.064,1
"830","26B.6.4",8,9,2.72244009680163,"No",718.131,11.173,4.064,"26B.6.4",225.605571662686,225.605571662686,265.293784275089,39.6882126124032,0.0120672555945209,1.64998184741579,0.0123561710273864,3.21283443961175,718.131,11.173,4.064,1
"831","26B.6.4",8,9,1.68639670547046,"No",718.131,11.173,4.064,"26B.6.4",225.605571662686,225.605571662686,265.293784275089,39.6882126124032,0.00747497809137388,1.2986133779807,0.00972488819917181,2.07236013595104,718.131,11.173,4.064,1
"832","26B.6.4",8,9,1.77773977668892,"No",718.131,11.173,4.064,"26B.6.4",225.605571662686,225.605571662686,265.293784275089,39.6882126124032,0.00787985759211172,1.33331908284886,0.00998478780088472,2.17401815782016,718.131,11.173,4.064,1
"833","26B.6.4",8,9,1.17807707780739,"Yes",718.131,11.173,4.064,"26B.6.4",225.605571662686,225.605571662686,265.293784275089,39.6882126124032,0.00522184389829164,1.08539259155726,0.00812814790304785,1.50066873992862,718.131,11.173,4.064,1
"834","26B.6.4",8,9,0.45270957397569,"Yes",718.131,11.173,4.064,"26B.6.4",225.605571662686,225.605571662686,265.293784275089,39.6882126124032,0.00200664181579947,0.672836959430507,0.00503865455083091,0.65268476706952,718.131,11.173,4.064,1
"835","26B.6.4",8,9,1.09704741024878,"Yes",718.131,11.173,4.064,"26B.6.4",225.605571662686,225.605571662686,265.293784275089,39.6882126124032,0.00486267871029812,1.04740031041087,0.00784363621323703,1.40834731193408,718.131,11.173,4.064,1
"836","26B.6.4",8,9,1.32928449948784,"Yes",718.131,11.173,4.064,"26B.6.4",225.605571662686,225.605571662686,265.293784275089,39.6882126124032,0.00589207300906256,1.15294600892142,0.00863403321308522,1.67195384535132,718.131,11.173,4.064,1
"837","26B.6.4",8,9,11.3476605479145,"Yes",718.131,11.173,4.064,"26B.6.4",225.605571662686,225.605571662686,265.293784275089,39.6882126124032,0.0502986715455813,3.36862888248536,0.0252265530466127,12.3488573487066,718.131,11.173,4.064,1
"838","26B.6.4",8,9,1.27058357693255,"Yes",718.131,11.173,4.064,"26B.6.4",225.605571662686,225.605571662686,265.293784275089,39.6882126124032,0.0056318803102623,1.12720165761613,0.00844124223892053,1.60560139362363,718.131,11.173,4.064,1
"839","26B.6.4",8,9,1.07951820230064,"Yes",718.131,11.173,4.064,"26B.6.4",225.605571662686,225.605571662686,265.293784275089,39.6882126124032,0.00478498023938294,1.0389986536568,0.00778071897088723,1.38832103109457,718.131,11.173,4.064,1
"840","26B.6.4",8,9,1.633460514119,"No",718.131,11.173,4.064,"26B.6.4",225.605571662686,225.605571662686,265.293784275089,39.6882126124032,0.00724033764804918,1.27806905686626,0.00957103853971692,2.01331792660479,718.131,11.173,4.064,1
"841","26B.6.4",8,9,4.00073755195156,"No",718.131,11.173,4.064,"26B.6.4",225.605571662686,225.605571662686,265.293784275089,39.6882126124032,0.0177333277829382,2.00018437948894,0.0149787225344207,4.59521627655984,718.131,11.173,4.064,1
"842","26B.6.4",8,9,1.14800948654301,"Yes",718.131,11.173,4.064,"26B.6.4",225.605571662686,225.605571662686,265.293784275089,39.6882126124032,0.00508856885972418,1.07145204584387,0.00802375174419339,1.4664578517157,718.131,11.173,4.064,1
"843","26B.6.4",8,9,1.22949136599077,"Yes",718.131,11.173,4.064,"26B.6.4",225.605571662686,225.605571662686,265.293784275089,39.6882126124032,0.0054497384835382,1.10882431700913,0.00830362038330787,1.55904721721618,718.131,11.173,4.064,1
"844","26B.6.4",8,9,1.62305982792939,"No",718.131,11.173,4.064,"26B.6.4",225.605571662686,225.605571662686,265.293784275089,39.6882126124032,0.0071942364542136,1.2739936530177,0.00954051918155716,2.00170598163974,718.131,11.173,4.064,1
"845","26B.6.4",8,9,1.84863903840228,"No",718.131,11.173,4.064,"26B.6.4",225.605571662686,225.605571662686,265.293784275089,39.6882126124032,0.00819411960785381,1.35964665939437,0.0101819463569273,2.2527422902241,718.131,11.173,4.064,1
"846","26B.6.4",8,9,7.56042403113819,"No",718.131,11.173,4.064,"26B.6.4",225.605571662686,225.605571662686,265.293784275089,39.6882126124032,0.0335116902274123,2.74962252520927,0.020591018159049,8.37764473774038,718.131,11.173,4.064,1
"847","26B.6.4",8,9,1.70248637571481,"No",718.131,11.173,4.064,"26B.6.4",225.605571662686,225.605571662686,265.293784275089,39.6882126124032,0.00754629579033751,1.30479361422212,0.00977116995439726,2.09028664633686,718.131,11.173,4.064,1
"848","26B.6.4",8,9,1.14184998596786,"Yes",718.131,11.173,4.064,"26B.6.4",225.605571662686,225.605571662686,265.293784275089,39.6882126124032,0.00506126678322951,1.0685738093215,0.00800219757813792,1.45944290481545,718.131,11.173,4.064,1
"849","26B.6.4",8,9,9.83202920383898,"Yes",718.131,11.173,4.064,"26B.6.4",225.605571662686,225.605571662686,265.293784275089,39.6882126124032,0.043580613419155,3.13560667237442,0.0234815264053683,10.763969016279,718.131,11.173,4.064,1
"850","26B.6.4",8,9,2.93256969037619,"No",718.131,11.173,4.064,"26B.6.4",225.605571662686,225.605571662686,265.293784275089,39.6882126124032,0.0129986580950262,1.71247472693064,0.0128241596349512,3.44153766454353,718.131,11.173,4.064,1
"851","26B.6.4",8,9,2.63567124653917,"No",718.131,11.173,4.064,"26B.6.4",225.605571662686,225.605571662686,265.293784275089,39.6882126124032,0.0116826513951521,1.62347505263837,0.0121576703649878,3.11818745285632,718.131,11.173,4.064,1
"852","26B.6.4",8,9,2.38381454217565,"No",718.131,11.173,4.064,"26B.6.4",225.605571662686,225.605571662686,265.293784275089,39.6882126124032,0.010566292865053,1.543960667302,0.011562213302298,2.84269812198721,718.131,11.173,4.064,1
"853","26B.6.4",8,9,7.57080803523366,"No",718.131,11.173,4.064,"26B.6.4",225.605571662686,225.605571662686,265.293784275089,39.6882126124032,0.0335577174776213,2.75151013722168,0.0206051538641752,8.38858976270632,718.131,11.173,4.064,1
"854","26B.6.4",8,9,2.39963589763154,"No",718.131,11.173,4.064,"26B.6.4",225.605571662686,225.605571662686,265.293784275089,39.6882126124032,0.0106364212547878,1.54907582049154,0.011600519001079,2.86003976216059,718.131,11.173,4.064,1
"855","26B.6.4",8,9,0.500630898966239,"No",718.131,11.173,4.064,"26B.6.4",225.605571662686,225.605571662686,265.293784275089,39.6882126124032,0.00221905379054537,0.707552753486437,0.00529862970715062,0.710924041338028,718.131,11.173,4.064,1
"856","26B.6.4",8,9,1.04320972041925,"Yes",718.131,11.173,4.064,"26B.6.4",225.605571662686,225.605571662686,265.293784275089,39.6882126124032,0.00462404236176848,1.02137638528569,0.00764875160274617,1.3467750002485,718.131,11.173,4.064,1
"857","26B.6.4",8,9,0.976673745753394,"Yes",718.131,11.173,4.064,"26B.6.4",225.605571662686,225.605571662686,265.293784275089,39.6882126124032,0.00432912067975727,0.988268053593454,0.00740081420303394,1.2703988333483,718.131,11.173,4.064,1
"858","26B.6.4",8,9,1.82315921955597,"No",718.131,11.173,4.064,"26B.6.4",225.605571662686,225.605571662686,265.293784275089,39.6882126124032,0.00808117993770945,1.35024413331663,0.01011153393361,2.22446792815061,718.131,11.173,4.064,1
"859","26B.6.4",8,9,1.41443755860189,"No",718.131,11.173,4.064,"26B.6.4",225.605571662686,225.605571662686,265.293784275089,39.6882126124032,0.00626951519050551,1.1893012900867,0.00890628594879284,1.76791212892444,718.131,11.173,4.064,1
"860","26B.6.4",8,9,6.96594675374231,"No",718.131,11.173,4.064,"26B.6.4",225.605571662686,225.605571662686,265.293784275089,39.6882126124032,0.0308766609902589,2.63930800660747,0.0197649090350108,7.75038066578863,718.131,11.173,4.064,1
"861","26B.6.4",8,9,1.77657288541349,"No",718.131,11.173,4.064,"26B.6.4",225.605571662686,225.605571662686,265.293784275089,39.6882126124032,0.00787468532944627,1.33288142211282,0.00998151030367169,2.17272118853851,718.131,11.173,4.064,1
"862","26B.6.4",8,9,1.39693056399517,"No",718.131,11.173,4.064,"26B.6.4",225.605571662686,225.605571662686,265.293784275089,39.6882126124032,0.00619191518055146,1.18191817144639,0.00885099620316439,1.74821078313794,718.131,11.173,4.064,1
"863","26B.6.4",8,9,1.32482858661329,"Yes",718.131,11.173,4.064,"26B.6.4",225.605571662686,225.605571662686,265.293784275089,39.6882126124032,0.00587232210999696,1.15101198369665,0.00861954993468671,1.66692311704437,718.131,11.173,4.064,1
"864","26B.6.4",8,9,0.447486726356526,"Yes",718.131,11.173,4.064,"26B.6.4",225.605571662686,225.605571662686,265.293784275089,39.6882126124032,0.00198349146724792,0.66894448675247,0.0050095051040024,0.646305030007092,718.131,11.173,4.064,1
"865","26B.6.4",8,9,3.41545235965507,"No",718.131,11.173,4.064,"26B.6.4",225.605571662686,225.605571662686,265.293784275089,39.6882126124032,0.0151390425975901,1.84809425074996,0.0138397696148966,3.96472807863776,718.131,11.173,4.064,1
"866","26B.6.4",8,9,1.9188873521787,"No",718.131,11.173,4.064,"26B.6.4",225.605571662686,225.605571662686,265.293784275089,39.6882126124032,0.00850549628733339,1.38523909567219,0.0103735996894482,2.33059698220948,718.131,11.173,4.064,1
"867","26B.6.4",8,9,6.00115433537349,"No",718.131,11.173,4.064,"26B.6.4",225.605571662686,225.605571662686,265.293784275089,39.6882126124032,0.0266002044681153,2.44972535917263,0.0183451869821904,6.72924201673695,718.131,11.173,4.064,1
"868","26B.6.4",8,9,2.2011114346379,"No",718.131,11.173,4.064,"26B.6.4",225.605571662686,225.605571662686,265.293784275089,39.6882126124032,0.00975645866551955,1.48361431465118,0.0111102993279714,2.64205935655387,718.131,11.173,4.064,1
"869","26B.6.4",8,9,0.416093909535938,"No",718.131,11.173,4.064,"26B.6.4",225.605571662686,225.605571662686,265.293784275089,39.6882126124032,0.00184434234699691,0.645053416033074,0.00483059273820966,0.607811501173933,718.131,11.173,4.064,1
"870","26B.6.4",8,9,1.47797446293989,"Yes",718.131,11.173,4.064,"26B.6.4",225.605571662686,225.605571662686,265.293784275089,39.6882126124032,0.00655114344937228,1.21571973042305,0.00910412495386068,1.8393009097586,718.131,11.173,4.064,1
"871","26B.6.4",8,9,1.41262327300296,"Yes",718.131,11.173,4.064,"26B.6.4",225.605571662686,225.605571662686,265.293784275089,39.6882126124032,0.00626147334302117,1.18853829261112,0.00890057211180944,1.76587107134848,718.131,11.173,4.064,1
"872","26B.6.4",8,9,2.12107730765069,"No",718.131,11.173,4.064,"26B.6.4",225.605571662686,225.605571662686,265.293784275089,39.6882126124032,0.00940170622568674,1.45639187983547,0.0109064394728514,2.55393439629352,718.131,11.173,4.064,1
"873","26B.6.4",8,9,1.69145633278361,"No",718.131,11.173,4.064,"26B.6.4",225.605571662686,225.605571662686,265.293784275089,39.6882126124032,0.00749740496352896,1.30056000737513,0.00973946586604868,2.07799832480659,718.131,11.173,4.064,1
"874","26B.6.4",8,9,1.60771883768462,"No",718.131,11.173,4.064,"26B.6.4",225.605571662686,225.605571662686,265.293784275089,39.6882126124032,0.00712623729031124,1.26795853153193,0.00949532414297778,1.9845712810948,718.131,11.173,4.064,1
"875","26B.6.4",8,9,7.26851294635763,"No",718.131,11.173,4.064,"26B.6.4",225.605571662686,225.605571662686,265.293784275089,39.6882126124032,0.0322177900695872,2.69601797960578,0.0201895913588939,8.06980174076695,718.131,11.173,4.064,1
"876","26B.6.4",8,9,1.41135400424944,"Yes",718.131,11.173,4.064,"26B.6.4",225.605571662686,225.605571662686,265.293784275089,39.6882126124032,0.00625584729068495,1.18800421053523,0.00889657254691563,1.7644430670131,718.131,11.173,4.064,1
"877","26B.6.4",8,9,0.775717745263637,"Yes",718.131,11.173,4.064,"26B.6.4",225.605571662686,225.605571662686,265.293784275089,39.6882126124032,0.00343838026493181,0.880748400659142,0.00659563490815725,1.03748670581237,718.131,11.173,4.064,1
"878","26B.6.4",8,9,1.35997700511711,"Yes",718.131,11.173,4.064,"26B.6.4",225.605571662686,225.605571662686,265.293784275089,39.6882126124032,0.00602811798970319,1.16618051995268,0.00873314211056926,1.70657980597571,718.131,11.173,4.064,1
"879","26B.6.4",8,9,3.9046319761564,"Yes",718.131,11.173,4.064,"26B.6.4",225.605571662686,225.605571662686,265.293784275089,39.6882126124032,0.0173073384109255,1.97601416395642,0.0147977197449923,4.49192702357441,718.131,11.173,4.064,1
"880","26B.6.4",8,9,2.84952482055186,"No",718.131,11.173,4.064,"26B.6.4",225.605571662686,225.605571662686,265.293784275089,39.6882126124032,0.0126305604934808,1.68805355974029,0.0126412775511483,3.35123453169423,718.131,11.173,4.064,1
"881","26B.6.4",8,9,1.23057652854361,"Yes",718.131,11.173,4.064,"26B.6.4",225.605571662686,225.605571662686,265.293784275089,39.6882126124032,0.00545454848244397,1.10931353933124,0.00830728400826947,1.56027778249542,718.131,11.173,4.064,1
"882","26B.6.4",8,9,3.6475655241462,"Yes",718.131,11.173,4.064,"26B.6.4",225.605571662686,225.605571662686,265.293784275089,39.6882126124032,0.0161678875980947,1.90986007972998,0.0143023135802867,4.21519878636988,718.131,11.173,4.064,1
"883","26B.6.4",8,9,1.96542337007544,"No",718.131,11.173,4.064,"26B.6.4",225.605571662686,225.605571662686,265.293784275089,39.6882126124032,0.00871176786810054,1.4019355798593,0.0104986341645214,2.38209539493681,718.131,11.173,4.064,1
"884","26B.6.4",8,9,5.03618226044082,"No",718.131,11.173,4.064,"26B.6.4",225.605571662686,225.605571662686,265.293784275089,39.6882126124032,0.0223229516156218,2.24414399280457,0.0168056557886405,5.70316870047125,718.131,11.173,4.064,1
"885","26B.6.4",8,9,2.48915389319402,"No",718.131,11.173,4.064,"26B.6.4",225.605571662686,225.605571662686,265.293784275089,39.6882126124032,0.0110332110809554,1.57770526182618,0.0118149154649573,2.95806677016482,718.131,11.173,4.064,1
"886","26B.6.4",8,9,2.64551762793038,"No",718.131,11.173,4.064,"26B.6.4",225.605571662686,225.605571662686,265.293784275089,39.6882126124032,0.011726295624852,1.62650472730035,0.0121803586014307,3.12893428979927,718.131,11.173,4.064,1
"887","26B.6.4",8,9,1.43791950040031,"Yes",718.131,11.173,4.064,"26B.6.4",225.605571662686,225.605571662686,265.293784275089,39.6882126124032,0.00637359924137963,1.19913281182708,0.0089799109794402,1.79431611659279,718.131,11.173,4.064,1
"888","26B.6.4",8,9,0.969842795124295,"Yes",718.131,11.173,4.064,"26B.6.4",225.605571662686,225.605571662686,265.293784275089,39.6882126124032,0.00429884239106628,0.984805968261918,0.00737488778539797,1.26253890954378,718.131,11.173,4.064,1
"889","26B.6.4",8,9,1.62460368323953,"No",718.131,11.173,4.064,"26B.6.4",225.605571662686,225.605571662686,265.293784275089,39.6882126124032,0.00720107961548289,1.27459942069637,0.00954505557633764,2.00342987835042,718.131,11.173,4.064,1
"890","26B.6.4",8,9,4.48177751151488,"No",718.131,11.173,4.064,"26B.6.4",225.605571662686,225.605571662686,265.293784275089,39.6882126124032,0.0198655444477045,2.11702090483653,0.0158536728205111,5.1109814491028,718.131,11.173,4.064,1
"891","26B.7.4",8,9,1.73997921919117,"No",4784.066,38.553,12.132,"26B.7.4",356.793718285292,356.793718285292,384.982189735365,28.1884714500729,0.0048767092300652,1.31908271885851,0.00693038820684598,1.93533626929777,4784.066,38.553,12.132,1
"892","26B.7.4",8,9,1.91325381706457,"No",4784.066,38.553,12.132,"26B.7.4",356.793718285292,356.793718285292,384.982189735365,28.1884714500729,0.00536235286388853,1.3832041848782,0.00726727886999794,2.11810730001123,4784.066,38.553,12.132,1
"893","26B.7.4",8,9,1.4685582858583,"No",4784.066,38.553,12.132,"26B.7.4",356.793718285292,356.793718285292,384.982189735365,28.1884714500729,0.00411598694314468,1.21184086655728,0.00636694540083914,1.64803274451403,4784.066,38.553,12.132,1
"894","26B.7.4",8,9,1.26603774249787,"Yes",4784.066,38.553,12.132,"26B.7.4",356.793718285292,356.793718285292,384.982189735365,28.1884714500729,0.00354837453019714,1.12518342615676,0.00591165196518035,1.43267817514112,4784.066,38.553,12.132,1
"895","26B.7.4",8,9,1.19156408516457,"Yes",4784.066,38.553,12.132,"26B.7.4",356.793718285292,356.793718285292,384.982189735365,28.1884714500729,0.00333964423726709,1.09158787331326,0.00573514277443716,1.35322899352389,4784.066,38.553,12.132,1
"896","26B.7.4",8,9,8.22858718772715,"Yes",4784.066,38.553,12.132,"26B.7.4",356.793718285292,356.793718285292,384.982189735365,28.1884714500729,0.0230625898552047,2.86855140928782,0.0150712116635592,8.65342160742339,4784.066,38.553,12.132,1
"897","26B.7.4",8,9,2.15630651263513,"No",4784.066,38.553,12.132,"26B.7.4",356.793718285292,356.793718285292,384.982189735365,28.1884714500729,0.00604356635816932,1.46843675813265,0.0077150861318753,2.37378299779835,4784.066,38.553,12.132,1
"898","26B.7.4",8,9,1.69962791915486,"No",4784.066,38.553,12.132,"26B.7.4",356.793718285292,356.793718285292,384.982189735365,28.1884714500729,0.0047636150303404,1.30369778674157,0.00684955661790766,1.89270645032441,4784.066,38.553,12.132,1
"899","26B.7.4",8,9,1.34668756543891,"Yes",4784.066,38.553,12.132,"26B.7.4",356.793718285292,356.793718285292,384.982189735365,28.1884714500729,0.00377441500907284,1.16046868352356,0.00609703877074933,1.51855376875817,4784.066,38.553,12.132,1
"900","26B.7.4",8,9,0.336380097861715,"Yes",4784.066,38.553,12.132,"26B.7.4",356.793718285292,356.793718285292,384.982189735365,28.1884714500729,0.000942785930980842,0.579982842730468,0.0030471980232677,0.422275952343315,4784.066,38.553,12.132,1
"901","26B.7.4",8,9,1.40174435513236,"No",4784.066,38.553,12.132,"26B.7.4",356.793718285292,356.793718285292,384.982189735365,28.1884714500729,0.00392872487180821,1.18395285173539,0.00622042330160245,1.57708857977695,4784.066,38.553,12.132,1
"902","26B.7.4",8,9,14.7234398172031,"No",4784.066,38.553,12.132,"26B.7.4",356.793718285292,356.793718285292,384.982189735365,28.1884714500729,0.0412659726408923,3.83711347463209,0.0201599835952156,15.2917189392108,4784.066,38.553,12.132,1
"903","26B.7.4",8,9,1.82051908014269,"No",4784.066,38.553,12.132,"26B.7.4",356.793718285292,356.793718285292,384.982189735365,28.1884714500729,0.00510244151408239,1.34926612650829,0.00708897017401745,2.0203463135034,4784.066,38.553,12.132,1
"904","26B.7.4",8,9,2.04263034243213,"No",4784.066,38.553,12.132,"26B.7.4",356.793718285292,356.793718285292,384.982189735365,28.1884714500729,0.0057249616171741,1.42920619311285,0.00750897089643623,2.25429675416575,4784.066,38.553,12.132,1
"905","26B.7.4",8,9,1.5443428223939,"No",4784.066,38.553,12.132,"26B.7.4",356.793718285292,356.793718285292,384.982189735365,28.1884714500729,0.00432839128955473,1.24271590574592,0.00652916116215548,1.72838989540625,4784.066,38.553,12.132,1
"906","26B.7.4",8,9,0.233630664078596,"No",4784.066,38.553,12.132,"26B.7.4",356.793718285292,356.793718285292,384.982189735365,28.1884714500729,0.000654805990423254,0.483353560117846,0.00253951307593247,0.305215655916605,4784.066,38.553,12.132,1
"907","26B.7.4",8,9,1.51210057359039,"No",4784.066,38.553,12.132,"26B.7.4",356.793718285292,356.793718285292,384.982189735365,28.1884714500729,0.00423802465149151,1.22967498697436,0.00646064489068231,1.69421627764044,4784.066,38.553,12.132,1
"908","26B.7.4",8,9,1.77586698647135,"No",4784.066,38.553,12.132,"26B.7.4",356.793718285292,356.793718285292,384.982189735365,28.1884714500729,0.0049772933083182,1.33261659395017,0.00700149444376896,1.97322841270738,4784.066,38.553,12.132,1
"909","26B.7.4",8,9,1.22571751457717,"No",4784.066,38.553,12.132,"26B.7.4",356.793718285292,356.793718285292,384.982189735365,28.1884714500729,0.0034353674175314,1.10712127365396,0.00581675440727438,1.38968293011871,4784.066,38.553,12.132,1
"910","26B.7.4",8,9,1.21869811425504,"No",4784.066,38.553,12.132,"26B.7.4",356.793718285292,356.793718285292,384.982189735365,28.1884714500729,0.0034156938639838,1.1039466084259,0.00580007489040805,1.38219335971159,4784.066,38.553,12.132,1
"911","26B.7.4",8,9,1.08068217505235,"Yes",4784.066,38.553,12.132,"26B.7.4",356.793718285292,356.793718285292,384.982189735365,28.1884714500729,0.0030288710805952,1.03955864435459,0.00546178406111969,1.23464151912569,4784.066,38.553,12.132,1
"912","26B.7.4",8,9,0.342402383687132,"Yes",4784.066,38.553,12.132,"26B.7.4",356.793718285292,356.793718285292,384.982189735365,28.1884714500729,0.000959664831916539,0.585151590348289,0.00307435433956431,0.429063733215348,4784.066,38.553,12.132,1
"913","26B.7.4",8,9,1.45769556360785,"Yes",4784.066,38.553,12.132,"26B.7.4",356.793718285292,356.793718285292,384.982189735365,28.1884714500729,0.00408554155777562,1.20735063821901,0.00634335398759666,1.63650501638492,4784.066,38.553,12.132,1
"914","26B.7.4",8,9,22.0557698316944,"Yes",4784.066,38.553,12.132,"26B.7.4",356.793718285292,356.793718285292,384.982189735365,28.1884714500729,0.0618165867316606,4.69635708093991,0.0246744023430533,22.7513035176892,4784.066,38.553,12.132,1
"915","26B.7.4",8,9,2.11015642210841,"No",4784.066,38.553,12.132,"26B.7.4",356.793718285292,356.793718285292,384.982189735365,28.1884714500729,0.00591421965680776,1.45263774634573,0.00763207899107776,2.3252930628531,4784.066,38.553,12.132,1
"916","26B.7.4",8,9,2.08710487637602,"No",4784.066,38.553,12.132,"26B.7.4",356.793718285292,356.793718285292,384.982189735365,28.1884714500729,0.00584961216920072,1.44468158304037,0.00759027774574649,2.30106320391012,4784.066,38.553,12.132,1
"917","26B.7.4",8,9,1.5682484432585,"No",4784.066,38.553,12.132,"26B.7.4",356.793718285292,356.793718285292,384.982189735365,28.1884714500729,0.00439539252763562,1.25229726633036,0.00657950110479185,1.75371452230665,4784.066,38.553,12.132,1
"918","26B.7.4",8,9,1.89632785460792,"No",4784.066,38.553,12.132,"26B.7.4",356.793718285292,356.793718285292,384.982189735365,28.1884714500729,0.00531491379310557,1.37707220384696,0.00723506177821442,2.10027318698263,4784.066,38.553,12.132,1
"919","26B.7.4",8,9,1.65308307506071,"No",4784.066,38.553,12.132,"26B.7.4",356.793718285292,356.793718285292,384.982189735365,28.1884714500729,0.00463316193739403,1.28572278313045,0.0067551169354954,1.84349949593882,4784.066,38.553,12.132,1
"920","26B.7.4",8,9,0.0325212531497018,"No",4784.066,38.553,12.132,"26B.7.4",356.793718285292,356.793718285292,384.982189735365,28.1884714500729,9.11486146841233e-05,0.180336499771127,0.000947478072003883,0.0592292117319533,4784.066,38.553,12.132,1
"921","26B.7.4",8,9,1.63980401140225,"No",4784.066,38.553,12.132,"26B.7.4",356.793718285292,356.793718285292,384.982189735365,28.1884714500729,0.0045959441754831,1.28054832450878,0.00672793061389803,1.82945409143018,4784.066,38.553,12.132,1
"922","26B.7.4",8,9,1.65336383866586,"No",4784.066,38.553,12.132,"26B.7.4",356.793718285292,356.793718285292,384.982189735365,28.1884714500729,0.00463394884476028,1.28583196361961,0.00675569056379306,1.84379642924886,4784.066,38.553,12.132,1
"923","26B.7.4",8,9,1.67732957168806,"No",4784.066,38.553,12.132,"26B.7.4",356.793718285292,356.793718285292,384.982189735365,28.1884714500729,0.00470111856158539,1.29511758990759,0.00680447673466726,1.86913736985591,4784.066,38.553,12.132,1
"924","26B.7.4",8,9,1.38946063479204,"No",4784.066,38.553,12.132,"26B.7.4",356.793718285292,356.793718285292,384.982189735365,28.1884714500729,0.00389429679835627,1.17875384826182,0.00619310802270033,1.56403488347715,4784.066,38.553,12.132,1
"925","26B.7.4",8,9,1.66731799885124,"No",4784.066,38.553,12.132,"26B.7.4",356.793718285292,356.793718285292,384.982189735365,28.1884714500729,0.00467305872666192,1.29124668396524,0.00678413920730136,1.85855251320957,4784.066,38.553,12.132,1
"926","26B.7.4",8,9,1.56678149464172,"No",4784.066,38.553,12.132,"26B.7.4",356.793718285292,356.793718285292,384.982189735365,28.1884714500729,0.00439128105217625,1.25171142626474,0.00657642313324098,1.75216081037668,4784.066,38.553,12.132,1
"927","26B.7.4",8,9,1.05372285029618,"Yes",4784.066,38.553,12.132,"26B.7.4",356.793718285292,356.793718285292,384.982189735365,28.1884714500729,0.00295331110469166,1.02651003419167,0.00539322737949847,1.20574968630692,4784.066,38.553,12.132,1
"928","26B.7.4",8,9,1.09663486749399,"Yes",4784.066,38.553,12.132,"26B.7.4",356.793718285292,356.793718285292,384.982189735365,28.1884714500729,0.00307358232864718,1.047203355368,0.00550194895320312,1.25172639848112,4784.066,38.553,12.132,1
"929","26B.7.4",8,9,1.48633062274661,"Yes",4784.066,38.553,12.132,"26B.7.4",356.793718285292,356.793718285292,384.982189735365,28.1884714500729,0.00416579818134057,1.21915159957513,0.00640535559086436,1.66688780594725,4784.066,38.553,12.132,1
"930","26B.7.4",8,9,1.37849662300432,"Yes",4784.066,38.553,12.132,"26B.7.4",356.793718285292,356.793718285292,384.982189735365,28.1884714500729,0.00386356752475691,1.17409395833737,0.006168625216796,1.55238073881417,4784.066,38.553,12.132,1
"931","26B.7.4",8,9,1.08676079831552,"Yes",4784.066,38.553,12.132,"26B.7.4",356.793718285292,356.793718285292,384.982189735365,28.1884714500729,0.00304590788071707,1.04247820040302,0.0054771232483579,1.24115253063038,4784.066,38.553,12.132,1
"932","26B.7.4",8,9,1.00164358032634,"Yes",4784.066,38.553,12.132,"26B.7.4",356.793718285292,356.793718285292,384.982189735365,28.1884714500729,0.00280734645536957,1.00082145277084,0.00525826098263479,1.14986591991238,4784.066,38.553,12.132,1
"933","26B.7.4",8,9,1.16983537420165,"Yes",4784.066,38.553,12.132,"26B.7.4",356.793718285292,356.793718285292,384.982189735365,28.1884714500729,0.00327874431148546,1.08158928165993,0.00568261072266464,1.33001948431936,4784.066,38.553,12.132,1
"934","26B.7.4",8,9,13.225926039356,"Yes",4784.066,38.553,12.132,"26B.7.4",356.793718285292,356.793718285292,384.982189735365,28.1884714500729,0.03706883098424,3.63674662842437,0.0191072671824022,13.7645306948161,4784.066,38.553,12.132,1
"935","26B.7.4",8,9,1.69811144986194,"No",4784.066,38.553,12.132,"26B.7.4",356.793718285292,356.793718285292,384.982189735365,28.1884714500729,0.00475936476130481,1.30311605387315,0.0068465002253455,1.891103825997,4784.066,38.553,12.132,1
"936","26B.7.4",8,9,0.470587403408224,"No",4784.066,38.553,12.132,"26B.7.4",356.793718285292,356.793718285292,384.982189735365,28.1884714500729,0.00131893410475333,0.685993734233939,0.00360417342880456,0.572183543207193,4784.066,38.553,12.132,1
"937","26B.7.4",8,9,1.52863281608652,"No",4784.066,38.553,12.132,"26B.7.4",356.793718285292,356.793718285292,384.982189735365,28.1884714500729,0.00428436022762101,1.23637891282831,0.0064958669491731,1.71174137612676,4784.066,38.553,12.132,1
"938","26B.7.4",8,9,1.25618360970441,"No",4784.066,38.553,12.132,"26B.7.4",356.793718285292,356.793718285292,384.982189735365,28.1884714500729,0.00352075595876934,1.1207959714883,0.00588860051915834,1.42217425731959,4784.066,38.553,12.132,1
"939","26B.7.4",8,9,1.33209103527479,"Yes",4784.066,38.553,12.132,"26B.7.4",356.793718285292,356.793718285292,384.982189735365,28.1884714500729,0.00373350473118377,1.15416248218125,0.00606390633501355,1.50302328587523,4784.066,38.553,12.132,1
"940","26B.7.4",8,9,11.5724792933201,"Yes",4784.066,38.553,12.132,"26B.7.4",356.793718285292,356.793718285292,384.982189735365,28.1884714500729,0.0324346497716834,3.40183469517849,0.0178730527783022,12.076293331287,4784.066,38.553,12.132,1
"941","26B.7.4",8,9,1.30231369997375,"Yes",4784.066,38.553,12.132,"26B.7.4",356.793718285292,356.793718285292,384.982189735365,28.1884714500729,0.00365004660461095,1.14118959860917,0.00599574751674431,1.47132465767134,4784.066,38.553,12.132,1
"942","26B.7.4",8,9,0.695270987311748,"Yes",4784.066,38.553,12.132,"26B.7.4",356.793718285292,356.793718285292,384.982189735365,28.1884714500729,0.00194866375633836,0.833829111576076,0.00438089238739511,0.818761647299677,4784.066,38.553,12.132,1
"943","26B.7.4",8,9,1.43933058278242,"No",4784.066,38.553,12.132,"26B.7.4",356.793718285292,356.793718285292,384.982189735365,28.1884714500729,0.00403406929275457,1.19972104373576,0.00630326851693301,1.61701008741413,4784.066,38.553,12.132,1
"944","26B.7.4",8,9,1.66257799215909,"No",4784.066,38.553,12.132,"26B.7.4",356.793718285292,356.793718285292,384.982189735365,28.1884714500729,0.0046597737206508,1.28940993953013,0.00677448905284923,1.85354048341416,4784.066,38.553,12.132,1
"945","26B.7.4",8,9,1.85754224214592,"No",4784.066,38.553,12.132,"26B.7.4",356.793718285292,356.793718285292,384.982189735365,28.1884714500729,0.00520620780845876,1.36291681409612,0.00716069013738403,2.05939115164639,4784.066,38.553,12.132,1
"946","26B.7.4",8,9,1.17680200279188,"No",4784.066,38.553,12.132,"26B.7.4",356.793718285292,356.793718285292,384.982189735365,28.1884714500729,0.00329826995959303,1.08480505289747,0.0056995062082486,1.3374623708226,4784.066,38.553,12.132,1
"947","26B.7.4",8,9,1.48830412617885,"Yes",4784.066,38.553,12.132,"26B.7.4",356.793718285292,356.793718285292,384.982189735365,28.1884714500729,0.0041713293982065,1.21996070681758,0.00640960659590819,1.6689811387138,4784.066,38.553,12.132,1
"948","26B.7.4",8,9,1.15345299777342,"Yes",4784.066,38.553,12.132,"26B.7.4",356.793718285292,356.793718285292,384.982189735365,28.1884714500729,0.00323282877096821,1.07398929127502,0.00564268079030883,1.31251154413292,4784.066,38.553,12.132,1
"949","26B.7.4",8,9,1.47691789966775,"Yes",4784.066,38.553,12.132,"26B.7.4",356.793718285292,356.793718285292,384.982189735365,28.1884714500729,0.0041394167665441,1.21528511044436,0.00638504126918403,1.65690245319168,4784.066,38.553,12.132,1
"950","26B.7.4",8,9,1.11718413844937,"Yes",4784.066,38.553,12.132,"26B.7.4",356.793718285292,356.793718285292,384.982189735365,28.1884714500729,0.00313117659082796,1.05696931764805,0.0055532587830163,1.2737220151093,4784.066,38.553,12.132,1
"951","26B.7.4",8,9,11.9470095998282,"Yes",4784.066,38.553,12.132,"26B.7.4",356.793718285292,356.793718285292,384.982189735365,28.1884714500729,0.0334843608156671,3.45644464729702,0.0181599704694582,12.4589114089407,4784.066,38.553,12.132,1
"952","26B.7.4",8,9,1.69633692171627,"No",4784.066,38.553,12.132,"26B.7.4",356.793718285292,356.793718285292,384.982189735365,28.1884714500729,0.00475439122041909,1.30243499711743,0.00684292199053082,1.88922843288143,4784.066,38.553,12.132,1
"953","26B.7.4",8,9,1.69423929170176,"No",4784.066,38.553,12.132,"26B.7.4",356.793718285292,356.793718285292,384.982189735365,28.1884714500729,0.00474851210902498,1.30162947558119,0.00683868982459058,1.88701150457813,4784.066,38.553,12.132,1
"954","26B.7.4",8,9,0.522760635021869,"No",4784.066,38.553,12.132,"26B.7.4",356.793718285292,356.793718285292,384.982189735365,28.1884714500729,0.00146516210412614,0.723021877277492,0.00379871726006066,0.629840668053988,4784.066,38.553,12.132,1
"955","26B.7.4",8,9,1.98009087986,"No",4784.066,38.553,12.132,"26B.7.4",356.793718285292,356.793718285292,384.982189735365,28.1884714500729,0.00554967976839973,1.40715702032858,0.00739312575279954,2.18849179406959,4784.066,38.553,12.132,1
"956","26B.7.4",8,9,1.56497650953349,"No",4784.066,38.553,12.132,"26B.7.4",356.793718285292,356.793718285292,384.982189735365,28.1884714500729,0.00438622214834548,1.25099021160578,0.00657263391100679,1.75024901288568,4784.066,38.553,12.132,1
"957","26B.7.4",8,9,1.56246308030625,"No",4784.066,38.553,12.132,"26B.7.4",356.793718285292,356.793718285292,384.982189735365,28.1884714500729,0.00437917765989621,1.24998523203526,0.00656735380350172,1.74758674549879,4784.066,38.553,12.132,1
"958","26B.7.4",8,9,1.50646063716559,"No",4784.066,38.553,12.132,"26B.7.4",356.793718285292,356.793718285292,384.982189735365,28.1884714500729,0.00422221737648707,1.2273795815336,0.00644858495648021,1.68823639010471,4784.066,38.553,12.132,1
"959","26B.7.4",8,9,1.37106509162266,"No",4784.066,38.553,12.132,"26B.7.4",356.793718285292,356.793718285292,384.982189735365,28.1884714500729,0.00384273887503354,1.17092488726761,0.00615197509133035,1.54447986584618,4784.066,38.553,12.132,1
"960","26B.7.4",8,9,1.47055803562939,"No",4784.066,38.553,12.132,"26B.7.4",356.793718285292,356.793718285292,384.982189735365,28.1884714500729,0.00412159172167243,1.21266567347698,0.00637127889112562,1.65015464875233,4784.066,38.553,12.132,1
"961","26B.7.4",8,9,19.1816237124713,"No",4784.066,38.553,12.132,"26B.7.4",356.793718285292,356.793718285292,384.982189735365,28.1884714500729,0.0537611026468062,4.37968306073296,0.0230106144215832,19.8302577601427,4784.066,38.553,12.132,1
"962","26B.7.4",8,9,2.17794047076435,"No",4784.066,38.553,12.132,"26B.7.4",356.793718285292,356.793718285292,384.982189735365,28.1884714500729,0.00610420071640069,1.47578469661545,0.00775369179737129,2.39650519062721,4784.066,38.553,12.132,1
"963","26B.7.4",8,9,1.37487189324806,"Yes",4784.066,38.553,12.132,"26B.7.4",356.793718285292,356.793718285292,384.982189735365,28.1884714500729,0.00385340834994384,1.1725493137809,0.00616050973907431,1.54852724614585,4784.066,38.553,12.132,1
"964","26B.7.4",8,9,0.0841010845337742,"Yes",4784.066,38.553,12.132,"26B.7.4",356.793718285292,356.793718285292,384.982189735365,28.1884714500729,0.000235713467540723,0.290001869879789,0.00152365390755586,0.127050559206704,4784.066,38.553,12.132,1
"965","26B.7.4",8,9,1.05534923111978,"No",4784.066,38.553,12.132,"26B.7.4",356.793718285292,356.793718285292,384.982189735365,28.1884714500729,0.00295786942716274,1.02730191819142,0.00539738789457052,1.20749334569085,4784.066,38.553,12.132,1
"966","26B.7.4",8,9,1.94024296643917,"No",4784.066,38.553,12.132,"26B.7.4",356.793718285292,356.793718285292,384.982189735365,28.1884714500729,0.00543799643044094,1.39292604485636,0.00731835698873753,2.14653626347764,4784.066,38.553,12.132,1
"967","26B.7.4",8,9,1.66143378137585,"No",4784.066,38.553,12.132,"26B.7.4",356.793718285292,356.793718285292,384.982189735365,28.1884714500729,0.00465656679540353,1.28896616766145,0.00677215749980769,1.85233054971458,4784.066,38.553,12.132,1
"968","26B.7.4",8,9,0.6256799032044,"No",4784.066,38.553,12.132,"26B.7.4",356.793718285292,356.793718285292,384.982189735365,28.1884714500729,0.00175361804633597,0.790999306702857,0.00415586694331095,0.742827439886222,4784.066,38.553,12.132,1
"969","26B.7.4",8,9,1.24030771180533,"No",4784.066,38.553,12.132,"26B.7.4",356.793718285292,356.793718285292,384.982189735365,28.1884714500729,0.00347625994584797,1.11369103067472,0.00585127155007944,1.40524611284136,4784.066,38.553,12.132,1
"970","26B.7.4",8,9,0.221577662365189,"No",4784.066,38.553,12.132,"26B.7.4",356.793718285292,356.793718285292,384.982189735365,28.1884714500729,0.000621024561278896,0.470720365360571,0.00247313896405238,0.291291669445443,4784.066,38.553,12.132,1
"971","26B.7.4",8,9,1.50268807222882,"No",4784.066,38.553,12.132,"26B.7.4",356.793718285292,356.793718285292,384.982189735365,28.1884714500729,0.00421164385811096,1.22584178107488,0.00644050543727246,1.68423607587142,4784.066,38.553,12.132,1
"972","26B.7.4",8,9,0.116826200854247,"No",4784.066,38.553,12.132,"26B.7.4",356.793718285292,356.793718285292,384.982189735365,28.1884714500729,0.000327433457673245,0.341798479888731,0.00179579045367876,0.167446788788084,4784.066,38.553,12.132,1
"973","26B.7.4",8,9,1.75978243667898,"No",4784.066,38.553,12.132,"26B.7.4",356.793718285292,356.793718285292,384.982189735365,28.1884714500729,0.00493221249840464,1.32656791634616,0.00696971502361997,1.95624804963744,4784.066,38.553,12.132,1
"974","26B.7.4",8,9,1.3749378478664,"No",4784.066,38.553,12.132,"26B.7.4",356.793718285292,356.793718285292,384.982189735365,28.1884714500729,0.00385359320358607,1.17257743789756,0.00616065750163965,1.54859736596505,4784.066,38.553,12.132,1
"975","26B.7.4",8,9,1.31020555460593,"Yes",4784.066,38.553,12.132,"26B.7.4",356.793718285292,356.793718285292,384.982189735365,28.1884714500729,0.00367216542068795,1.14464210765022,0.00601388680975455,1.47972783124666,4784.066,38.553,12.132,1
"976","26B.7.4",8,9,17.3466673545112,"Yes",4784.066,38.553,12.132,"26B.7.4",356.793718285292,356.793718285292,384.982189735365,28.1884714500729,0.0486181971977456,4.16493305522564,0.0218823296792313,17.9634967799353,4784.066,38.553,12.132,1
"977","26B.7.4",8,9,1.99665679460655,"No",4784.066,38.553,12.132,"26B.7.4",356.793718285292,356.793718285292,384.982189735365,28.1884714500729,0.00559610971908991,1.41303106639824,0.00742398766845172,2.20592765904439,4784.066,38.553,12.132,1
"978","26B.7.4",8,9,1.75235388499986,"No",4784.066,38.553,12.132,"26B.7.4",356.793718285292,356.793718285292,384.982189735365,28.1884714500729,0.00491139220001255,1.32376504146312,0.00695498887282068,1.94840439027694,4784.066,38.553,12.132,1
"979","26B.7.4",8,9,2.05997023377119,"No",4784.066,38.553,12.132,"26B.7.4",356.793718285292,356.793718285292,384.982189735365,28.1884714500729,0.00577356082296279,1.43525963984611,0.00754077537332852,2.27253316509367,4784.066,38.553,12.132,1
"980","26B.7.4",8,9,1.382940244372,"Yes",4784.066,38.553,12.132,"26B.7.4",356.793718285292,356.793718285292,384.982189735365,28.1884714500729,0.00387602183978532,1.17598479767895,0.00617855958291767,1.55710439477765,4784.066,38.553,12.132,1
"981","26B.7.4",8,9,0.637716157743825,"Yes",4784.066,38.553,12.132,"26B.7.4",356.793718285292,356.793718285292,384.982189735365,28.1884714500729,0.00178735253750714,0.798571322890964,0.00419564990077212,0.755985115186241,4784.066,38.553,12.132,1
"982","26B.7.4",8,9,1.49136819636205,"No",4784.066,38.553,12.132,"26B.7.4",356.793718285292,356.793718285292,384.982189735365,28.1884714500729,0.00417991719004859,1.22121586804383,0.00641620114410123,1.67223109913047,4784.066,38.553,12.132,1
"983","26B.7.4",8,9,1.28432560764973,"No",4784.066,38.553,12.132,"26B.7.4",356.793718285292,356.793718285292,384.982189735365,28.1884714500729,0.00359963066004088,1.13328090412295,0.00595419566998351,1.4521652823012,4784.066,38.553,12.132,1
"984","26B.7.4",8,9,1.50494203030515,"No",4784.066,38.553,12.132,"26B.7.4",356.793718285292,356.793718285292,384.982189735365,28.1884714500729,0.00421796111640564,1.22676078772724,0.00644533384778416,1.6866261394596,4784.066,38.553,12.132,1
"985","26B.7.4",8,9,1.42353174092645,"No",4784.066,38.553,12.132,"26B.7.4",356.793718285292,356.793718285292,384.982189735365,28.1884714500729,0.00398978924788186,1.19311849408449,0.0062685790834471,1.60023340345272,4784.066,38.553,12.132,1
"986","26B.7.4",8,9,1.21050305159322,"No",4784.066,38.553,12.132,"26B.7.4",356.793718285292,356.793718285292,384.982189735365,28.1884714500729,0.00339272523465589,1.10022863605399,0.00578054086762747,1.37344766280631,4784.066,38.553,12.132,1
"987","26B.7.4",8,9,1.17346632557921,"Yes",4784.066,38.553,12.132,"26B.7.4",356.793718285292,356.793718285292,384.982189735365,28.1884714500729,0.00328892092388495,1.08326650718058,0.00569142277349537,1.33389883394018,4784.066,38.553,12.132,1
"988","26B.7.4",8,9,1.04837940125028,"Yes",4784.066,38.553,12.132,"26B.7.4",356.793718285292,356.793718285292,384.982189735365,28.1884714500729,0.00293833480670193,1.02390400001674,0.00537953541897593,1.20002028182274,4784.066,38.553,12.132,1
"989","26B.7.4",8,9,15.9463645071367,"Yes",4784.066,38.553,12.132,"26B.7.4",356.793718285292,356.793718285292,384.982189735365,28.1884714500729,0.0446935124972855,3.993289935271,0.0209805261476459,16.5377734694571,4784.066,38.553,12.132,1
"990","26B.7.4",8,9,1.90760141565586,"No",4784.066,38.553,12.132,"26B.7.4",356.793718285292,356.793718285292,384.982189735365,28.1884714500729,0.00534651065277595,1.38115944613787,0.00725653592488198,2.11215207140082,4784.066,38.553,12.132,1
"991","26B.7.4",8,9,1.52623360184669,"No",4784.066,38.553,12.132,"26B.7.4",356.793718285292,356.793718285292,384.982189735365,28.1884714500729,0.00427763585407722,1.23540827334395,0.00649076726259596,1.70919840951745,4784.066,38.553,12.132,1
"992","26B.7.4",8,9,0.0238627492902,"No",4784.066,38.553,12.132,"26B.7.4",356.793718285292,356.793718285292,384.982189735365,28.1884714500729,6.6881080207582e-05,0.154475723951047,0.000811606975217422,0.0467407093397964,4784.066,38.553,12.132,1
"993","26B.7.4",8,9,1.18929062346764,"No",4784.066,38.553,12.132,"26B.7.4",356.793718285292,356.793718285292,384.982189735365,28.1884714500729,0.00333327231539623,1.09054602079309,0.0057296689384784,1.35080123275831,4784.066,38.553,12.132,1
"994","26B.7.4",8,9,1.60038016674014,"No",4784.066,38.553,12.132,"26B.7.4",356.793718285292,356.793718285292,384.982189735365,28.1884714500729,0.00448544939196625,1.26506132924066,0.00664656279076518,1.78773661220874,4784.066,38.553,12.132,1
"995","26B.7.4",8,9,1.04357060582843,"Yes",4784.066,38.553,12.132,"26B.7.4",356.793718285292,356.793718285292,384.982189735365,28.1884714500729,0.00292485700377154,1.02155303622887,0.00536718358426745,1.19486330706085,4784.066,38.553,12.132,1
"996","26B.7.4",8,9,10.9428377094592,"Yes",4784.066,38.553,12.132,"26B.7.4",356.793718285292,356.793718285292,384.982189735365,28.1884714500729,0.0306699281647926,3.30799602621575,0.0173800295619202,11.4327541765668,4784.066,38.553,12.132,1
"997","26B.7.4",8,9,1.18823312217137,"Yes",4784.066,38.553,12.132,"26B.7.4",356.793718285292,356.793718285292,384.982189735365,28.1884714500729,0.00333030841429012,1.09006106350579,0.00572712099950785,1.34967190895711,4784.066,38.553,12.132,1
"998","26B.7.4",8,9,0.440687209417994,"Yes",4784.066,38.553,12.132,"26B.7.4",356.793718285292,356.793718285292,384.982189735365,28.1884714500729,0.00123513163722692,0.663842759558311,0.00348779342361811,0.539002774763405,4784.066,38.553,12.132,1
"999","26B.7.4",8,9,0.673249111209563,"No",4784.066,38.553,12.132,"26B.7.4",356.793718285292,356.793718285292,384.982189735365,28.1884714500729,0.00188694216491568,0.820517587385891,0.00431095436990471,0.794768325388189,4784.066,38.553,12.132,1
"1000","26B.7.4",8,9,1.26304944496515,"No",4784.066,38.553,12.132,"26B.7.4",356.793718285292,356.793718285292,384.982189735365,28.1884714500729,0.00353999910938794,1.12385472591663,0.00590467104704461,1.42949309619683,4784.066,38.553,12.132,1
"1001","26B.7.4",8,9,1.13959756421351,"No",4784.066,38.553,12.132,"26B.7.4",356.793718285292,356.793718285292,384.982189735365,28.1884714500729,0.00319399559412166,1.06751935074429,0.00560868807786395,1.29769790796874,4784.066,38.553,12.132,1
"1002","26B.7.4",8,9,2.27711161834377,"No",4784.066,38.553,12.132,"26B.7.4",356.793718285292,356.793718285292,384.982189735365,28.1884714500729,0.00638215165134434,1.50901014520903,0.00792825648069864,2.5005970497988,4784.066,38.553,12.132,1
"1003","26B.7.4",8,9,1.95157647365256,"No",4784.066,38.553,12.132,"26B.7.4",356.793718285292,356.793718285292,384.982189735365,28.1884714500729,0.00546976130362271,1.39698835845277,0.00733970016141244,2.15847140210463,4784.066,38.553,12.132,1
"1004","26B.7.4",8,9,1.51725233790996,"No",4784.066,38.553,12.132,"26B.7.4",356.793718285292,356.793718285292,384.982189735365,28.1884714500729,0.00425246370704533,1.23176797243229,0.0064716413214045,1.69967801453348,4784.066,38.553,12.132,1
"1005","26B.7.4",8,9,1.67976933825858,"No",4784.066,38.553,12.132,"26B.7.4",356.793718285292,356.793718285292,384.982189735365,28.1884714500729,0.00470795659276556,1.29605915692864,0.00680942367611781,1.87171658314428,4784.066,38.553,12.132,1
"1006","26B.7.4",8,9,1.64722462058221,"No",4784.066,38.553,12.132,"26B.7.4",356.793718285292,356.793718285292,384.982189735365,28.1884714500729,0.00461674221311568,1.2834424882254,0.00674313639121859,1.83730332823003,4784.066,38.553,12.132,1
"1007","26B.7.4",8,9,1.31652355661383,"Yes",4784.066,38.553,12.132,"26B.7.4",356.793718285292,356.793718285292,384.982189735365,28.1884714500729,0.00368987313717541,1.14739860406653,0.0060283692906352,1.4864540722534,4784.066,38.553,12.132,1
"1008","26B.7.4",8,9,1.39762157666963,"Yes",4784.066,38.553,12.132,"26B.7.4",356.793718285292,356.793718285292,384.982189735365,28.1884714500729,0.00391716979599985,1.18221046208771,0.00621126888202482,1.57270775221931,4784.066,38.553,12.132,1
"1009","26B.7.4",8,9,1.10556616561487,"Yes",4784.066,38.553,12.132,"26B.7.4",356.793718285292,356.793718285292,384.982189735365,28.1884714500729,0.00309861443449198,1.05145906511612,0.00552430821864456,1.26128797011754,4784.066,38.553,12.132,1
"1010","26B.7.4",8,9,1.23842907711864,"Yes",4784.066,38.553,12.132,"26B.7.4",356.793718285292,356.793718285292,384.982189735365,28.1884714500729,0.00347099462140302,1.11284728382588,0.00584683855044477,1.40324251867103,4784.066,38.553,12.132,1
"1011","26B.7.4",8,9,7.86421998894301,"Yes",4784.066,38.553,12.132,"26B.7.4",356.793718285292,356.793718285292,384.982189735365,28.1884714500729,0.022041363359023,2.80432166288802,0.0147337521012331,8.27954193940107,4784.066,38.553,12.132,1
"1012","26B.7.4",8,9,1.54760750625559,"No",4784.066,38.553,12.132,"26B.7.4",356.793718285292,356.793718285292,384.982189735365,28.1884714500729,0.00433754134936345,1.24402874012444,0.0065360587219251,1.73184901093457,4784.066,38.553,12.132,1
"1013","26B.7.4",8,9,1.40000780517545,"No",4784.066,38.553,12.132,"26B.7.4",356.793718285292,356.793718285292,384.982189735365,28.1884714500729,0.00392385777390845,1.18321925490394,0.00621656902411361,1.57524338362908,4784.066,38.553,12.132,1
"1014","26B.7.4",8,9,1.1911265794863,"Yes",4784.066,38.553,12.132,"26B.7.4",356.793718285292,356.793718285292,384.982189735365,28.1884714500729,0.00333841802263423,1.09138745617049,0.00573408979376897,1.35276180593011,4784.066,38.553,12.132,1
"1015","26B.7.4",8,9,21.4170717921554,"Yes",4784.066,38.553,12.132,"26B.7.4",356.793718285292,356.793718285292,384.982189735365,28.1884714500729,0.0600264822348422,4.62785822947888,0.0243145131370459,22.1024607515414,4784.066,38.553,12.132,1
"1016","26B.7.4",8,9,2.2681361218596,"No",4784.066,38.553,12.132,"26B.7.4",356.793718285292,356.793718285292,384.982189735365,28.1884714500729,0.00635699566898204,1.5060332406224,0.0079126159873883,2.49118067171548,4784.066,38.553,12.132,1
"1017","26B.7.4",8,9,2.19755510899463,"No",4784.066,38.553,12.132,"26B.7.4",356.793718285292,356.793718285292,384.982189735365,28.1884714500729,0.0061591754461256,1.48241529572338,0.00778852860116301,2.41710182510659,4784.066,38.553,12.132,1
"1018","26B.7.4",8,9,2.08241278129106,"No",4784.066,38.553,12.132,"26B.7.4",356.793718285292,356.793718285292,384.982189735365,28.1884714500729,0.00583646144696404,1.44305674915821,0.00758174095770886,2.29613046981928,4784.066,38.553,12.132,1
"1019","26B.7.4",8,9,1.94120796588906,"No",4784.066,38.553,12.132,"26B.7.4",356.793718285292,356.793718285292,384.982189735365,28.1884714500729,0.00544070107292884,1.39327239472009,0.00732017669191215,2.14755255757851,4784.066,38.553,12.132,1
"1020","26B.7.4",8,9,0.508924639953543,"No",4784.066,38.553,12.132,"26B.7.4",356.793718285292,356.793718285292,384.982189735365,28.1884714500729,0.00142638340831608,0.713389542924161,0.00374810950404025,0.614578117699929,4784.066,38.553,12.132,1
"1021","26B.7.4",8,9,1.83227050017449,"No",4784.066,38.553,12.132,"26B.7.4",356.793718285292,356.793718285292,384.982189735365,28.1884714500729,0.0051353776882064,1.35361386671919,0.0071118129624592,2.03274163682503,4784.066,38.553,12.132,1
"1022","26B.7.4",8,9,1.71273966504637,"No",4784.066,38.553,12.132,"26B.7.4",356.793718285292,356.793718285292,384.982189735365,28.1884714500729,0.00480036384406538,1.30871680093379,0.00687592624300431,1.9065615156401,4784.066,38.553,12.132,1
"1023","26B.7.4",8,9,1.92507777303953,"No",4784.066,38.553,12.132,"26B.7.4",356.793718285292,356.793718285292,384.982189735365,28.1884714500729,0.00539549233739658,1.38747171972604,0.00728970026386423,2.13056328080705,4784.066,38.553,12.132,1
"1024","26B.7.4",8,9,1.2846626766189,"Yes",4784.066,38.553,12.132,"26B.7.4",356.793718285292,356.793718285292,384.982189735365,28.1884714500729,0.00360057537669899,1.13342960814463,0.00595497695275181,1.45252437443739,4784.066,38.553,12.132,1
"1025","26B.7.4",8,9,1.09591909480048,"Yes",4784.066,38.553,12.132,"26B.7.4",356.793718285292,356.793718285292,384.982189735365,28.1884714500729,0.0030715762039403,1.04686154519138,0.00550015310129546,1.25096000346738,4784.066,38.553,12.132,1
"1026","26B.7.4",8,9,1.051564752704,"Yes",4784.066,38.553,12.132,"26B.7.4",356.793718285292,356.793718285292,384.982189735365,28.1884714500729,0.00294726251840333,1.02545831348914,0.00538770169665123,1.20343582816156,4784.066,38.553,12.132,1
"1027","26B.7.4",8,9,11.7499755369746,"Yes",4784.066,38.553,12.132,"26B.7.4",356.793718285292,356.793718285292,384.982189735365,28.1884714500729,0.0329321255806956,3.42782373189967,0.0180095977508234,12.2576385690009,4784.066,38.553,12.132,1
"1028","26B.8.4",8,9,3.58679537840103,"No",1082.182,17.133,3.591,"26B.8.4",78.8669419341343,78.8669419341343,101.809540856139,22.9425989220048,0.0454790726055606,1.89388367604798,0.0479070373447674,4.68590732174353,1082.182,17.133,3.591,1
"1029","26B.8.4",8,9,2.40570629841754,"No",1082.182,17.133,3.591,"26B.8.4",78.8669419341343,78.8669419341343,101.809540856139,22.9425989220048,0.0305033546302158,1.55103394495979,0.039234427153016,3.3058460245238,1082.182,17.133,3.591,1
"1030","26B.8.4",8,9,2.76995245903149,"No",1082.182,17.133,3.591,"26B.8.4",78.8669419341343,78.8669419341343,101.809540856139,22.9425989220048,0.035121844350765,1.66431741534825,0.0421000072913746,3.73583604093098,1082.182,17.133,3.591,1
"1031","26B.8.4",8,9,1.74586946972171,"No",1082.182,17.133,3.591,"26B.8.4",78.8669419341343,78.8669419341343,101.809540856139,22.9425989220048,0.0221368982606144,1.32131353952108,0.0334234979067316,2.51269137676632,1082.182,17.133,3.591,1
"1032","26B.8.4",8,9,7.50681632017286,"No",1082.182,17.133,3.591,"26B.8.4",78.8669419341343,78.8669419341343,101.809540856139,22.9425989220048,0.095183306669126,2.73985698900013,0.069306490547113,9.09688733548699,1082.182,17.133,3.591,1
"1033","26B.8.4",8,9,1.12962194833439,"Yes",1082.182,17.133,3.591,"26B.8.4",78.8669419341343,78.8669419341343,101.809540856139,22.9425989220048,0.0143231361661999,1.06283674585253,0.0268851568440564,1.74643731876277,1082.182,17.133,3.591,1
"1034","26B.8.4",8,9,2.04754055208317,"Yes",1082.182,17.133,3.591,"26B.8.4",78.8669419341343,78.8669419341343,101.809540856139,22.9425989220048,0.025961962032117,1.43092297209989,0.0361961408342262,2.87797409376722,1082.182,17.133,3.591,1
"1035","26B.8.4",8,9,1.22298206350766,"Yes",1082.182,17.133,3.591,"26B.8.4",78.8669419341343,78.8669419341343,101.809540856139,22.9425989220048,0.0155069035709415,1.10588519454221,0.0279740957609989,1.86478052275802,1082.182,17.133,3.591,1
"1036","26B.8.4",8,9,6.32083300584278,"Yes",1082.182,17.133,3.591,"26B.8.4",78.8669419341343,78.8669419341343,101.809540856139,22.9425989220048,0.0801455318392036,2.51412668850294,0.063596493638364,7.7799018522336,1082.182,17.133,3.591,1
"1037","26B.8.4",8,9,2.10482693426226,"No",1082.182,17.133,3.591,"26B.8.4",78.8669419341343,78.8669419341343,101.809540856139,22.9425989220048,0.0266883295160614,1.45080216923682,0.0366989982439327,2.94679733181216,1082.182,17.133,3.591,1
"1038","26B.8.4",8,9,0.783799631547378,"No",1082.182,17.133,3.591,"26B.8.4",78.8669419341343,78.8669419341343,101.809540856139,22.9425989220048,0.0099382531175352,0.885324591066677,0.0223948697498555,1.29759614612885,1082.182,17.133,3.591,1
"1039","26B.8.4",8,9,7.52224531675604,"No",1082.182,17.133,3.591,"26B.8.4",78.8669419341343,78.8669419341343,101.809540856139,22.9425989220048,0.0953789399243885,2.74267120099294,0.0693776778965477,9.11394955487657,1082.182,17.133,3.591,1
"1040","26B.8.4",8,9,4.70447947437969,"No",1082.182,17.133,3.591,"26B.8.4",78.8669419341343,78.8669419341343,101.809540856139,22.9425989220048,0.0596508417723186,2.1689812065529,0.0548658109136138,5.96324376870128,1082.182,17.133,3.591,1
"1041","26B.8.4",8,9,6.22728955493617,"No",1082.182,17.133,3.591,"26B.8.4",78.8669419341343,78.8669419341343,101.809540856139,22.9425989220048,0.0789594398136659,2.49545377735917,0.0631241500288732,7.67552161134106,1082.182,17.133,3.591,1
"1042","26B.8.4",8,9,1.18800950101111,"Yes",1082.182,17.133,3.591,"26B.8.4",78.8669419341343,78.8669419341343,101.809540856139,22.9425989220048,0.0150634660337569,1.08995848591179,0.027571219156281,1.82056492390436,1082.182,17.133,3.591,1
"1043","26B.8.4",8,9,6.47886255740155,"Yes",1082.182,17.133,3.591,"26B.8.4",78.8669419341343,78.8669419341343,101.809540856139,22.9425989220048,0.0821492807824649,2.54536098764037,0.0643865858463166,7.95605817243083,1082.182,17.133,3.591,1
"1044","26B.8.4",8,9,3.60872320212205,"No",1082.182,17.133,3.591,"26B.8.4",78.8669419341343,78.8669419341343,101.809540856139,22.9425989220048,0.0457571082841766,1.89966397084381,0.0480532537159994,4.71118972902557,1082.182,17.133,3.591,1
"1045","26B.8.4",8,9,2.82117105394691,"No",1082.182,17.133,3.591,"26B.8.4",78.8669419341343,78.8669419341343,101.809540856139,22.9425989220048,0.0357712748175657,1.67963420242233,0.0424874555278424,3.79594370533872,1082.182,17.133,3.591,1
"1046","26B.8.4",8,9,3.91307606890404,"No",1082.182,17.133,3.591,"26B.8.4",78.8669419341343,78.8669419341343,101.809540856139,22.9425989220048,0.0496161759659965,1.97814965786313,0.0500386009612488,5.06109162137621,1082.182,17.133,3.591,1
"1047","26B.8.4",8,9,1.26113313816953,"Yes",1082.182,17.133,3.591,"26B.8.4",78.8669419341343,78.8669419341343,101.809540856139,22.9425989220048,0.0159906433195136,1.12300184246044,0.0284070726652336,1.91286521287623,1082.182,17.133,3.591,1
"1048","26B.8.4",8,9,2.20671587808163,"Yes",1082.182,17.133,3.591,"26B.8.4",78.8669419341343,78.8669419341343,101.809540856139,22.9425989220048,0.0279802389184124,1.48550189433795,0.037576750688445,3.0688241979188,1082.182,17.133,3.591,1
"1049","26B.8.4",8,9,7.31049212710334,"No",1082.182,17.133,3.591,"26B.8.4",78.8669419341343,78.8669419341343,101.809540856139,22.9425989220048,0.0926939976094001,2.70379217527963,0.0683942072851623,8.87963299343528,1082.182,17.133,3.591,1
"1050","26B.9.4",8,9,2.56210178678264,"No",1823.272,20.457,6.603,"26B.9.4",240.009010750437,240.009010750437,273.370091408853,33.3610806584158,0.0106750233200483,1.60065667361325,0.0126360744094123,2.98365488436079,1823.272,20.457,6.603,1
"1051","26B.9.4",8,9,1.9035075205016,"No",1823.272,20.457,6.603,"26B.9.4",240.009010750437,240.009010750437,273.370091408853,33.3610806584158,0.0079309835682831,1.37967659996885,0.0108915899739931,2.26686273212237,1823.272,20.457,6.603,1
"1052","26B.9.4",8,9,1.41935098102351,"No",1823.272,20.457,6.603,"26B.9.4",240.009010750437,240.009010750437,273.370091408853,33.3610806584158,0.00591374039076958,1.19136517534445,0.00940500186742253,1.73311200691514,1823.272,20.457,6.603,1
"1053","26B.9.4",8,9,0.904130124913374,"No",1823.272,20.457,6.603,"26B.9.4",240.009010750437,240.009010750437,273.370091408853,33.3610806584158,0.00376706742003739,0.950857573411168,0.00750636113817858,1.15455044429535,1823.272,20.457,6.603,1
"1054","26B.9.4",8,9,1.58301034423832,"No",1823.272,20.457,6.603,"26B.9.4",240.009010750437,240.009010750437,273.370091408853,33.3610806584158,0.00659562880280503,1.25817738981366,0.00993243796749816,1.91436720840674,1823.272,20.457,6.603,1
"1055","26B.9.4",8,9,1.62073704423146,"No",1823.272,20.457,6.603,"26B.9.4",240.009010750437,240.009010750437,273.370091408853,33.3610806584158,0.00675281748449316,1.27308171152973,0.0100500972515474,1.95601914926525,1823.272,20.457,6.603,1
"1056","26B.9.4",8,9,4.53830768373314,"No",1823.272,20.457,6.603,"26B.9.4",240.009010750437,240.009010750437,273.370091408853,33.3610806584158,0.0189089054179391,2.13033041656292,0.0168174812900742,5.0993570335227,1823.272,20.457,6.603,1
"1057","26B.9.4",8,9,1.43612170181004,"Yes",1823.272,20.457,6.603,"26B.9.4",240.009010750437,240.009010750437,273.370091408853,33.3610806584158,0.0059836157705901,1.19838295290364,0.00946040235454038,1.75173094782093,1823.272,20.457,6.603,1
"1058","26B.9.4",8,9,0.825360918443543,"Yes",1823.272,20.457,6.603,"26B.9.4",240.009010750437,240.009010750437,273.370091408853,33.3610806584158,0.0034388747150071,0.908493763568877,0.00717192823807079,1.06462419487019,1823.272,20.457,6.603,1
"1059","26B.9.4",8,9,2.73092269744165,"No",1823.272,20.457,6.603,"26B.9.4",240.009010750437,240.009010750437,273.370091408853,33.3610806584158,0.0113784173723431,1.65255036154474,0.0130457390882224,3.16614265141248,1823.272,20.457,6.603,1
"1060","26B.9.4",8,9,1.67389334942718,"No",1823.272,20.457,6.603,"26B.9.4",240.009010750437,240.009010750437,273.370091408853,33.3610806584158,0.00697429377419377,1.29379030349867,0.0102135772240783,2.01462932301061,1823.272,20.457,6.603,1
"1061","26B.9.4",8,9,1.21056602233182,"No",1823.272,20.457,6.603,"26B.9.4",240.009010750437,240.009010750437,273.370091408853,33.3610806584158,0.00504383572327865,1.10025725279674,0.00868576800073637,1.50033262918468,1823.272,20.457,6.603,1
"1062","26B.9.4",8,9,1.40537829546025,"Yes",1823.272,20.457,6.603,"26B.9.4",240.009010750437,240.009010750437,273.370091408853,33.3610806584158,0.00585552305334725,1.18548652268183,0.00935859398139892,1.71759110412306,1823.272,20.457,6.603,1
"1063","26B.9.4",8,9,0.294826028889739,"Yes",1823.272,20.457,6.603,"26B.9.4",240.009010750437,240.009010750437,273.370091408853,33.3610806584158,0.00122839566717893,0.542978847552774,0.00428644145463486,0.437826347995389,1823.272,20.457,6.603,1
"1064","26B.9.4",8,9,1.82716793176548,"No",1823.272,20.457,6.603,"26B.9.4",240.009010750437,240.009010750437,273.370091408853,33.3610806584158,0.00761291389040965,1.35172775800657,0.0106709532487578,2.18316246379947,1823.272,20.457,6.603,1
"1065","26B.9.4",8,9,1.69787954773467,"No",1823.272,20.457,6.603,"26B.9.4",240.009010750437,240.009010750437,273.370091408853,33.3610806584158,0.00707423251496228,1.30302707099073,0.0102864950978836,2.04104814038757,1823.272,20.457,6.603,1
"1066","26B.9.4",8,9,1.3748056202149,"Yes",1823.272,20.457,6.603,"26B.9.4",240.009010750437,240.009010750437,273.370091408853,33.3610806584158,0.00572814168899865,1.17252105320753,0.00925624059123667,1.68360380917285,1823.272,20.457,6.603,1
"1067","26B.9.4",8,9,1.25851104469271,"Yes",1823.272,20.457,6.603,"26B.9.4",240.009010750437,240.009010750437,273.370091408853,33.3610806584158,0.00524359914970577,1.12183378657122,0.0088560997719188,1.55396010350267,1823.272,20.457,6.603,1
"1068","26B.9.4",8,9,10.3637522092074,"Yes",1823.272,20.457,6.603,"26B.9.4",240.009010750437,240.009010750437,273.370091408853,33.3610806584158,0.0431806796619971,3.2192782124581,0.025413968971493,11.2115896779159,1823.272,20.457,6.603,1
"1069","26B.9.4",8,9,2.68894067144132,"No",1823.272,20.457,6.603,"26B.9.4",240.009010750437,240.009010750437,273.370091408853,33.3610806584158,0.0112034988312889,1.63979897287482,0.0129450757175493,3.12080238658378,1823.272,20.457,6.603,1
"1070","26B.9.4",8,9,1.11108980745776,"Yes",1823.272,20.457,6.603,"26B.9.4",240.009010750437,240.009010750437,273.370091408853,33.3610806584158,0.00462936705577723,1.05408244813096,0.00832124993935863,1.38869569786354,1823.272,20.457,6.603,1
"1071","26B.9.4",8,9,1.47097293778555,"Yes",1823.272,20.457,6.603,"26B.9.4",240.009010750437,240.009010750437,273.370091408853,33.3610806584158,0.00612882380201585,1.21283673171023,0.00957450491476338,1.79038876851137,1823.272,20.457,6.603,1
"1072","26B.9.4",8,9,11.0507147128688,"Yes",1823.272,20.457,6.603,"26B.9.4",240.009010750437,240.009010750437,273.370091408853,33.3610806584158,0.046042915965182,3.32426152895178,0.0262427394510277,11.9262008603923,1823.272,20.457,6.603,1
"1073","26B.9.4",8,9,2.26225697608858,"No",1823.272,20.457,6.603,"26B.9.4",240.009010750437,240.009010750437,273.370091408853,33.3610806584158,0.00942571684710994,1.50408010959808,0.0118736694107524,2.65837541901206,1823.272,20.457,6.603,1
"1074","26B.9.4",8,9,1.84273959146021,"No",1823.272,20.457,6.603,"26B.9.4",240.009010750437,240.009010750437,273.370091408853,33.3610806584158,0.00767779336991768,1.35747544782961,0.0107163272739834,2.20024785000955,1823.272,20.457,6.603,1
"1075","26B.9.4",8,9,1.04259966315003,"No",1823.272,20.457,6.603,"26B.9.4",240.009010750437,240.009010750437,273.370091408853,33.3610806584158,0.00434400216846081,1.02107769692126,0.00806070031680377,1.31151333658224,1823.272,20.457,6.603,1
"1076","26B.9.4",8,9,1.52057568135577,"No",1823.272,20.457,6.603,"26B.9.4",240.009010750437,240.009010750437,273.370091408853,33.3610806584158,0.00633549414082989,1.23311624811117,0.00973459763324167,1.84533237817557,1823.272,20.457,6.603,1
"1077","26B.9.4",8,9,7.92091317805718,"No",1823.272,20.457,6.603,"26B.9.4",240.009010750437,240.009010750437,273.370091408853,33.3610806584158,0.0330025658340528,2.81441169306432,0.0222178285690723,8.66212394900485,1823.272,20.457,6.603,1
"1078","26B.9.4",8,9,1.65392977940903,"No",1823.272,20.457,6.603,"26B.9.4",240.009010750437,240.009010750437,273.370091408853,33.3610806584158,0.00689111535536806,1.28605201271528,0.0101524887847194,1.99262777663972,1823.272,20.457,6.603,1
"1079","26B.9.4",8,9,1.37583994112948,"No",1823.272,20.457,6.603,"26B.9.4",240.009010750437,240.009010750437,273.370091408853,33.3610806584158,0.00573245119767645,1.1729620373778,0.00925972185544575,1.6847542688235,1823.272,20.457,6.603,1
"1080","26B.9.4",8,9,1.42555899998406,"Yes",1823.272,20.457,6.603,"26B.9.4",240.009010750437,240.009010750437,273.370091408853,33.3610806584158,0.00593960616531338,1.19396775500181,0.00942554742897171,1.74000544801171,1823.272,20.457,6.603,1
"1081","26B.9.4",8,9,1.43086919004098,"Yes",1823.272,20.457,6.603,"26B.9.4",240.009010750437,240.009010750437,273.370091408853,33.3610806584158,0.0059617311265401,1.19618944571542,0.00944308613645017,1.74590074830346,1823.272,20.457,6.603,1
"1082","26B.9.4",8,9,16.2330312097813,"Yes",1823.272,20.457,6.603,"26B.9.4",240.009010750437,240.009010750437,273.370091408853,33.3610806584158,0.0676350906952428,4.02902360501664,0.031806347300789,17.2941253275325,1823.272,20.457,6.603,1
"1083","26B.9.4",8,9,2.346440466851,"No",1823.272,20.457,6.603,"26B.9.4",240.009010750437,240.009010750437,273.370091408853,33.3610806584158,0.00977646822306536,1.53180954000522,0.0120925740339182,2.74986180456441,1823.272,20.457,6.603,1
"1084","26B.9.4",8,9,2.27286672284755,"No",1823.272,20.457,6.603,"26B.9.4",240.009010750437,240.009010750437,273.370091408853,33.3610806584158,0.0094699224655815,1.50760297255198,0.0119014799707266,2.66991295610548,1823.272,20.457,6.603,1
"1085","26B.9.4",8,9,1.87424295414791,"No",1823.272,20.457,6.603,"26B.9.4",240.009010750437,240.009010750437,273.370091408853,33.3610806584158,0.0078090524530213,1.36902993179401,0.01080754191204,2.23479423159469,1823.272,20.457,6.603,1
"1086","26B.9.4",8,9,1.77531177061114,"No",1823.272,20.457,6.603,"26B.9.4",240.009010750437,240.009010750437,273.370091408853,33.3610806584158,0.00739685466416561,1.33240825973541,0.0105184392076574,2.12621826941844,1823.272,20.457,6.603,1
"1087","26B.9.4",8,9,1.08863970056642,"Yes",1823.272,20.457,6.603,"26B.9.4",240.009010750437,240.009010750437,273.370091408853,33.3610806584158,0.00453582845561742,1.04337898223341,0.00823675349877292,1.36342669840247,1823.272,20.457,6.603,1
"1088","26B.9.4",8,9,12.4438940593366,"Yes",1823.272,20.457,6.603,"26B.9.4",240.009010750437,240.009010750437,273.370091408853,33.3610806584158,0.0518476119726849,3.52759040413376,0.0278478799153985,13.3729294273601,1823.272,20.457,6.603,1
"1089","26B.9.4",8,9,2.05350172717798,"No",1823.272,20.457,6.603,"26B.9.4",240.009010750437,240.009010750437,273.370091408853,33.3610806584158,0.00855593596572599,1.4330044407391,0.0113125762949042,2.43090149740676,1823.272,20.457,6.603,1
"1090","26B.9.4",8,9,1.5488697085313,"No",1823.272,20.457,6.603,"26B.9.4",240.009010750437,240.009010750437,273.370091408853,33.3610806584158,0.00645338149467157,1.24453594103638,0.00982474818951918,1.87663392533047,1823.272,20.457,6.603,1
"1091","26B.9.4",8,9,1.28521275788778,"Yes",1823.272,20.457,6.603,"26B.9.4",240.009010750437,240.009010750437,273.370091408853,33.3610806584158,0.00535485211104911,1.13367224447271,0.00894955618727753,1.58377962370857,1823.272,20.457,6.603,1
"1092","26B.9.4",8,9,9.05005912291892,"Yes",1823.272,20.457,6.603,"26B.9.4",240.009010750437,240.009010750437,273.370091408853,33.3610806584158,0.0377071639711446,3.00833161784384,0.0237486918949661,9.84234114875875,1823.272,20.457,6.603,1
"1093","26B.9.4",8,9,1.85956091784098,"No",1823.272,20.457,6.603,"26B.9.4",240.009010750437,240.009010750437,273.370091408853,33.3610806584158,0.00774787959846461,1.36365718486758,0.0107651278009664,2.21869721470718,1823.272,20.457,6.603,1
"1094","26B.9.4",8,9,1.55695194868133,"No",1823.272,20.457,6.603,"26B.9.4",240.009010750437,240.009010750437,273.370091408853,33.3610806584158,0.00648705623098566,1.2477788059914,0.00985034835946622,1.88557021481497,1823.272,20.457,6.603,1
"1095","26B.9.4",8,9,5.30282581713537,"No",1823.272,20.457,6.603,"26B.9.4",240.009010750437,240.009010750437,273.370091408853,33.3610806584158,0.0220942780462909,2.30278653312359,0.018178902734874,5.909293657555,1823.272,20.457,6.603,1
"1096","26B.9.4",8,9,1.35632844696436,"No",1823.272,20.457,6.603,"26B.9.4",240.009010750437,240.009010750437,273.370091408853,33.3610806584158,0.00565115635751976,1.16461514972301,0.00919382896583889,1.66304451665339,1823.272,20.457,6.603,1
"1097","26B.9.4",8,9,1.31254824104598,"No",1823.272,20.457,6.603,"26B.9.4",240.009010750437,240.009010750437,273.370091408853,33.3610806584158,0.00546874568143103,1.14566497766406,0.00904423049906236,1.61427354421851,1823.272,20.457,6.603,1
"1098","26B.9.4",8,9,1.49549012426468,"No",1823.272,20.457,6.603,"26B.9.4",240.009010750437,240.009010750437,273.370091408853,33.3610806584158,0.00623097491043661,1.22290233635588,0.00965396588311151,1.81755685876476,1823.272,20.457,6.603,1
"1099","26B.9.4",8,9,1.40159702268895,"Yes",1823.272,20.457,6.603,"26B.9.4",240.009010750437,240.009010750437,273.370091408853,33.3610806584158,0.00583976834164089,1.18389062953,0.00934599551169061,1.71338953278765,1823.272,20.457,6.603,1
"1100","26B.9.4",8,9,14.0504372408676,"Yes",1823.272,20.457,6.603,"26B.9.4",240.009010750437,240.009010750437,273.370091408853,33.3610806584158,0.0585412905829496,3.7483912870547,0.0295909497643216,15.0376233027143,1823.272,20.457,6.603,1
"1101","26B.9.4",8,9,2.77588231377035,"No",1823.272,20.457,6.603,"26B.9.4",240.009010750437,240.009010750437,273.370091408853,33.3610806584158,0.0115657420739788,1.66609793042616,0.0131526877495277,3.2146701906573,1823.272,20.457,6.603,1
"1102","26B.9.4",8,9,1.95276776620384,"No",1823.272,20.457,6.603,"26B.9.4",240.009010750437,240.009010750437,273.370091408853,33.3610806584158,0.00813622688622446,1.39741467224437,0.0110316197535505,2.32079452259501,1823.272,20.457,6.603,1
"1103","26B.9.4",8,9,1.00172318601267,"No",1823.272,20.457,6.603,"26B.9.4",240.009010750437,240.009010750437,273.370091408853,33.3610806584158,0.00417368990806046,1.00086122215454,0.00790110526830926,1.26531259615937,1823.272,20.457,6.603,1
"1104","26B.9.4",8,9,2.12620616340394,"No",1823.272,20.457,6.603,"26B.9.4",240.009010750437,240.009010750437,273.370091408853,33.3610806584158,0.00885885974345682,1.45815162565624,0.0115110958806708,2.51022876154576,1823.272,20.457,6.603,1
"1105","26B.9.4",8,9,2.1607775803517,"No",1823.272,20.457,6.603,"26B.9.4",240.009010750437,240.009010750437,273.370091408853,33.3610806584158,0.00900290190603922,1.46995836007409,0.0116043018611259,2.54790963072532,1823.272,20.457,6.603,1
"1106","26B.9.4",8,9,1.93908530032823,"No",1823.272,20.457,6.603,"26B.9.4",240.009010750437,240.009010750437,273.370091408853,33.3610806584158,0.00807921875210138,1.3925104309585,0.0109929041696082,2.30582046300077,1823.272,20.457,6.603,1
"1107","26B.9.4",8,9,1.73079909592926,"No",1823.272,20.457,6.603,"26B.9.4",240.009010750437,240.009010750437,273.370091408853,33.3610806584158,0.00721139214947627,1.31559837941876,0.0103857368599297,2.07727850101046,1823.272,20.457,6.603,1
"1108","26B.9.4",8,9,1.67409828270648,"No",1823.272,20.457,6.603,"26B.9.4",240.009010750437,240.009010750437,273.370091408853,33.3610806584158,0.00697514763079966,1.29386949987488,0.0102142024245472,2.01485511365318,1823.272,20.457,6.603,1
"1109","26B.9.4",8,9,1.07461035536835,"Yes",1823.272,20.457,6.603,"26B.9.4",240.009010750437,240.009010750437,273.370091408853,33.3610806584158,0.00447737504524669,1.03663414730962,0.00818350770448042,1.34762101596629,1823.272,20.457,6.603,1
"1110","26B.9.4",8,9,10.9644241691575,"Yes",1823.272,20.457,6.603,"26B.9.4",240.009010750437,240.009010750437,273.370091408853,33.3610806584158,0.0456833855315474,3.31125718861545,0.026140079202366,11.836485459845,1823.272,20.457,6.603,1
"1111","26B.9.4",8,9,2.38742338573584,"No",1823.272,20.457,6.603,"26B.9.4",240.009010750437,240.009010750437,273.370091408853,33.3610806584158,0.00994722397409611,1.54512892204367,0.012197721318342,2.79435255048592,1823.272,20.457,6.603,1
"1112","26B.9.4",8,9,2.50522441258741,"No",1823.272,20.457,6.603,"26B.9.4",240.009010750437,240.009010750437,273.370091408853,33.3610806584158,0.0104380431582728,1.58279007217869,0.0124950299812771,2.92207211562212,1823.272,20.457,6.603,1
"1113","26B.9.4",8,9,1.40514901423707,"No",1823.272,20.457,6.603,"26B.9.4",240.009010750437,240.009010750437,273.370091408853,33.3610806584158,0.00585456775078399,1.18538981530848,0.0093578305437513,1.71733635379495,1823.272,20.457,6.603,1
"1114","26B.9.4",8,9,1.39065047719784,"No",1823.272,20.457,6.603,"26B.9.4",240.009010750437,240.009010750437,273.370091408853,33.3610806584158,0.00579415944780442,1.17925844376788,0.00930942761744236,1.70122304282701,1823.272,20.457,6.603,1
"1115","26B.9.4",8,9,6.72053807961791,"No",1823.272,20.457,6.603,"26B.9.4",240.009010750437,240.009010750437,273.370091408853,33.3610806584158,0.0280011906994858,2.59240006164518,0.0204652007003897,7.40327929087428,1823.272,20.457,6.603,1
"1116","26B.9.4",8,9,2.47247295123469,"No",1823.272,20.457,6.603,"26B.9.4",240.009010750437,240.009010750437,273.370091408853,33.3610806584158,0.010301583859306,1.57240991832114,0.0124130858650358,2.88658690999799,1823.272,20.457,6.603,1
"1117","26B.9.4",8,9,1.09612070515286,"Yes",1823.272,20.457,6.603,"26B.9.4",240.009010750437,240.009010750437,273.370091408853,33.3610806584158,0.00456699813780165,1.04695783351234,0.00826500604774634,1.37185023855402,1823.272,20.457,6.603,1
"1118","26B.9.4",8,9,1.10528408776186,"Yes",1823.272,20.457,6.603,"26B.9.4",240.009010750437,240.009010750437,273.370091408853,33.3610806584158,0.00460517746523751,1.05132492016591,0.00829948116837433,1.382163748443,1823.272,20.457,6.603,1
"1119","26B.9.4",8,9,1.92831380296087,"No",1823.272,20.457,6.603,"26B.9.4",240.009010750437,240.009010750437,273.370091408853,33.3610806584158,0.0080343391980643,1.38863739073988,0.0109623292029712,2.2940289517053,1823.272,20.457,6.603,1
"1120","26B.9.4",8,9,2.12324328551571,"No",1823.272,20.457,6.603,"26B.9.4",240.009010750437,240.009010750437,273.370091408853,33.3610806584158,0.00884651488240778,1.45713530103272,0.0115030727025723,2.50699822176584,1823.272,20.457,6.603,1
"1121","26B.9.4",8,9,2.13659029343484,"No",1823.272,20.457,6.603,"26B.9.4",240.009010750437,240.009010750437,273.370091408853,33.3610806584158,0.00890212532752149,1.46170800553149,0.0115391710334956,2.52154950901454,1823.272,20.457,6.603,1
"1122","26B.9.4",8,9,1.399303041643,"Yes",1823.272,20.457,6.603,"26B.9.4",240.009010750437,240.009010750437,273.370091408853,33.3610806584158,0.00583021044613197,1.18292140129554,0.00933834412692315,1.71084029327732,1823.272,20.457,6.603,1
"1123","26B.9.4",8,9,13.5038582017352,"Yes",1823.272,20.457,6.603,"26B.9.4",240.009010750437,240.009010750437,273.370091408853,33.3610806584158,0.0562639634216758,3.67475961142157,0.0290096787475397,14.4716524343066,1823.272,20.457,6.603,1
"1124","26B.9.4",8,9,1.45301786968252,"Yes",1823.272,20.457,6.603,"26B.9.4",240.009010750437,240.009010750437,273.370091408853,33.3610806584158,0.00605401382697826,1.20541190871939,0.00951589108624185,1.77047827974733,1823.272,20.457,6.603,1
"1125","26B.9.4",8,9,1.29085708731581,"Yes",1823.272,20.457,6.603,"26B.9.4",240.009010750437,240.009010750437,273.370091408853,33.3610806584158,0.00537836926738576,1.13615891816058,0.00896918675157644,1.59007884997554,1823.272,20.457,6.603,1
"1126","26B.9.4",8,9,2.68652065348044,"No",1823.272,20.457,6.603,"26B.9.4",240.009010750437,240.009010750437,273.370091408853,33.3610806584158,0.0111934158016838,1.63906090597038,0.0129392491911758,3.1181879894066,1823.272,20.457,6.603,1
"1127","26B.9.4",8,9,2.72254529229249,"No",1823.272,20.457,6.603,"26B.9.4",240.009010750437,240.009010750437,273.370091408853,33.3610806584158,0.0113435128280388,1.65001372488004,0.0130257141008699,3.15709719104508,1823.272,20.457,6.603,1
"1128","26B.9.4",8,9,2.33228867792868,"No",1823.272,20.457,6.603,"26B.9.4",240.009010750437,240.009010750437,273.370091408853,33.3610806584158,0.00971750464966421,1.52718324962287,0.012056052679605,2.73449162379509,1823.272,20.457,6.603,1
"1129","26B.9.4",8,9,1.45872528380249,"Yes",1823.272,20.457,6.603,"26B.9.4",240.009010750437,240.009010750437,273.370091408853,33.3610806584158,0.00607779382632963,1.20777700085839,0.00953456184852723,1.77680857067386,1823.272,20.457,6.603,1
"1130","26B.9.4",8,9,2.75536799066757,"Yes",1823.272,20.457,6.603,"26B.9.4",240.009010750437,240.009010750437,273.370091408853,33.3610806584158,0.0114802689367885,1.65993011619995,0.0131039971334883,3.19253149598552,1823.272,20.457,6.603,1
