"","sample.name","start.day","end.day","new.cells","did.it.migrate","asymp","midp","sca","sample","start.sum","model.start.sum","model.end.sum","pop.growth","perc.clust","tsqrt","tsqrtnorm","cells","asymptote","midpoint","scale","Subsample"
"1","26B.1.4",32,33,1.89308831147845,"No",909.0273,13.3691,3.2372,"26B.1.4",906.158302785668,906.158302785668,906.918977241688,0.760674456020752,0.00208913641872376,1.17298570240582,0.00522692524347218,1.89706429999469,909.0273,13.3691,3.2372,1
"2","26B.1.4",32,33,2.16137350339139,"No",909.0273,13.3691,3.2372,"26B.1.4",906.158302785668,906.158302785668,906.918977241688,0.760674456020752,0.00238520520834715,1.21250197804107,0.00540301316868922,2.16548343749436,909.0273,13.3691,3.2372,1
"3","26B.1.4",32,33,2.71305935584918,"No",909.0273,13.3691,3.2372,"26B.1.4",906.158302785668,906.158302785668,906.918977241688,0.760674456020752,0.00299402361321286,1.28340824151053,0.00571897758128918,2.71740963600982,909.0273,13.3691,3.2372,1
"4","26B.1.4",32,33,2.23363373023155,"No",909.0273,13.3691,3.2372,"26B.1.4",906.158302785668,906.158302785668,906.918977241688,0.760674456020752,0.00246494869976363,1.22251160319681,0.00544761691986613,2.23777759326868,909.0273,13.3691,3.2372,1
"5","26B.1.4",32,33,17.2193023103543,"No",909.0273,13.3691,3.2372,"26B.1.4",906.158302785668,906.158302785668,906.918977241688,0.760674456020752,0.0190025321816504,2.03706031287802,0.00907731607471347,17.2262071928216,909.0273,13.3691,3.2372,1
"6","26B.1.4",32,33,1.76563970738668,"No",909.0273,13.3691,3.2372,"26B.1.4",906.158302785668,906.158302785668,906.918977241688,0.760674456020752,0.00194848924515599,1.15272449475082,0.00513663955837136,1.76954701788852,909.0273,13.3691,3.2372,1
"7","26B.1.4",32,33,1.15555013970006,"Yes",909.0273,13.3691,3.2372,"26B.1.4",906.158302785668,906.158302785668,906.918977241688,0.760674456020752,0.00127521883996177,1.03680527616903,0.00462009354373027,1.1590645268432,909.0273,13.3691,3.2372,1
"8","26B.1.4",32,33,14.6329320447895,"Yes",909.0273,13.3691,3.2372,"26B.1.4",906.158302785668,906.158302785668,906.918977241688,0.760674456020752,0.0161483175729954,1.95583781602532,0.00871538163828645,14.6395616129762,909.0273,13.3691,3.2372,1
"9","26B.1.4",32,33,1.2539356812508,"No",909.0273,13.3691,3.2372,"26B.1.4",906.158302785668,906.158302785668,906.918977241688,0.760674456020752,0.00138379318204778,1.05820257779822,0.0047154417613585,1.25752259734752,909.0273,13.3691,3.2372,1
"10","26B.1.4",32,33,15.3252453166145,"No",909.0273,13.3691,3.2372,"26B.1.4",906.158302785668,906.158302785668,906.918977241688,0.760674456020752,0.0169123267639907,1.97857199987978,0.00881668711816986,15.331951945292,909.0273,13.3691,3.2372,1
"11","26B.1.4",32,33,1.76158707513441,"No",909.0273,13.3691,3.2372,"26B.1.4",906.158302785668,906.158302785668,906.918977241688,0.760674456020752,0.00194401692256091,1.15206246914164,0.0051336895152793,1.76549214161382,909.0273,13.3691,3.2372,1
"12","26B.1.4",32,33,1.54124006378453,"No",909.0273,13.3691,3.2372,"26B.1.4",906.158302785668,906.158302785668,906.918977241688,0.760674456020752,0.00170085078848422,1.11421133542768,0.00496502160577476,1.54501682889363,909.0273,13.3691,3.2372,1
"13","26B.1.4",32,33,1.46760788709902,"No",909.0273,13.3691,3.2372,"26B.1.4",906.158302785668,906.158302785668,906.918977241688,0.760674456020752,0.00161959326818213,1.10065829071129,0.0049046280720695,1.47133871238972,909.0273,13.3691,3.2372,1
"14","26B.1.4",32,33,1.28203557292729,"No",909.0273,13.3691,3.2372,"26B.1.4",906.158302785668,906.158302785668,906.918977241688,0.760674456020752,0.00141480309675045,1.06408180943103,0.00474164012351308,1.28564241744889,909.0273,13.3691,3.2372,1
"15","26B.1.4",32,33,1.42301931135528,"No",909.0273,13.3691,3.2372,"26B.1.4",906.158302785668,906.158302785668,906.918977241688,0.760674456020752,0.00157038710232053,1.0922013234597,0.00486694309814367,1.42672147064894,909.0273,13.3691,3.2372,1
"16","26B.1.4",32,33,1.23979140001217,"No",909.0273,13.3691,3.2372,"26B.1.4",906.158302785668,906.158302785668,906.918977241688,0.760674456020752,0.0013681841199279,1.05520576404176,0.00470208770133755,1.24336815801654,909.0273,13.3691,3.2372,1
"17","26B.1.4",32,33,44.9963200641416,"No",909.0273,13.3691,3.2372,"26B.1.4",906.158302785668,906.158302785668,906.918977241688,0.760674456020752,0.0496561361583469,2.58996711188911,0.0115411163572838,45.0050990965486,909.0273,13.3691,3.2372,1
"18","26B.1.4",32,33,4.28446560988649,"No",909.0273,13.3691,3.2372,"26B.1.4",906.158302785668,906.158302785668,906.918977241688,0.760674456020752,0.00472816460072748,1.43871299159785,0.00641102891405271,4.28934231581822,909.0273,13.3691,3.2372,1
"19","26B.1.4",32,33,1.16073964282776,"No",909.0273,13.3691,3.2372,"26B.1.4",906.158302785668,906.158302785668,906.918977241688,0.760674456020752,0.0012809457677091,1.03796737774926,0.00462527196838856,1.16425796906626,909.0273,13.3691,3.2372,1
"20","26B.1.4",32,33,7.87771751313293,"No",909.0273,13.3691,3.2372,"26B.1.4",906.158302785668,906.158302785668,906.918977241688,0.760674456020752,0.00869353344654641,1.67532897931708,0.00746541011979301,7.88339625991477,909.0273,13.3691,3.2372,1
"21","26B.1.4",32,33,2.68715302590907,"No",909.0273,13.3691,3.2372,"26B.1.4",906.158302785668,906.158302785668,906.918977241688,0.760674456020752,0.00296543442536293,1.28033347279291,0.00570527614725206,2.69149288373883,909.0273,13.3691,3.2372,1
"22","26B.1.4",32,33,4.6848806735014,"No",909.0273,13.3691,3.2372,"26B.1.4",906.158302785668,906.158302785668,906.918977241688,0.760674456020752,0.00517004662331004,1.47120988216836,0.00655583785529468,4.68986753189573,909.0273,13.3691,3.2372,1
"23","26B.1.4",32,33,3.02137212706987,"No",909.0273,13.3691,3.2372,"26B.1.4",906.158302785668,906.158302785668,906.918977241688,0.760674456020752,0.00333426523575596,1.31841171872371,0.00587495608834138,3.02584105609652,909.0273,13.3691,3.2372,1
"24","26B.1.4",32,33,1.29371485807614,"No",909.0273,13.3691,3.2372,"26B.1.4",906.158302785668,906.158302785668,906.918977241688,0.760674456020752,0.00142769188793952,1.06649700823329,0.00475240245724114,1.29732988923009,909.0273,13.3691,3.2372,1
"25","26B.1.4",32,33,19.5360356323572,"No",909.0273,13.3691,3.2372,"26B.1.4",906.158302785668,906.158302785668,906.918977241688,0.760674456020752,0.0215591862617166,2.10236980137859,0.00936834077636308,19.543161889881,909.0273,13.3691,3.2372,1
"26","26B.1.4",32,33,4.47685996591671,"No",909.0273,13.3691,3.2372,"26B.1.4",906.158302785668,906.158302785668,906.918977241688,0.760674456020752,0.00494048330424625,1.45459931097909,0.00648181972047887,4.48179052060661,909.0273,13.3691,3.2372,1
"27","26B.1.4",32,33,4.72979344206815,"No",909.0273,13.3691,3.2372,"26B.1.4",906.158302785668,906.158302785668,906.918977241688,0.760674456020752,0.00521961055538314,1.47472330586303,0.00657149397366254,4.7347922096718,909.0273,13.3691,3.2372,1
"28","26B.1.4",32,33,2.52930011355539,"No",909.0273,13.3691,3.2372,"26B.1.4",906.158302785668,906.158302785668,906.918977241688,0.760674456020752,0.0027912342752695,1.26110164119403,0.00561957745045105,2.53357478257558,909.0273,13.3691,3.2372,1
"29","26B.1.4",32,33,1.34772203357964,"No",909.0273,13.3691,3.2372,"26B.1.4",906.158302785668,906.158302785668,906.918977241688,0.760674456020752,0.00148729204316347,1.07745733526583,0.00480124261780371,1.35137421619616,909.0273,13.3691,3.2372,1
"30","26B.1.4",32,33,1.54250030300598,"No",909.0273,13.3691,3.2372,"26B.1.4",906.158302785668,906.158302785668,906.918977241688,0.760674456020752,0.0017022415380007,1.11443903234902,0.0049660362428531,1.54627783992359,909.0273,13.3691,3.2372,1
"31","26B.1.4",32,33,1.07100333591456,"No",909.0273,13.3691,3.2372,"26B.1.4",906.158302785668,906.158302785668,906.918977241688,0.760674456020752,0.00118191637445923,1.01729686442089,0.00453316238198013,1.07445159674353,909.0273,13.3691,3.2372,1
"32","26B.1.4",32,33,1.42874703624751,"Yes",909.0273,13.3691,3.2372,"26B.1.4",906.158302785668,906.158302785668,906.918977241688,0.760674456020752,0.00157670799004471,1.09329870988601,0.00487183314650638,1.43245291527606,909.0273,13.3691,3.2372,1
"33","26B.1.4",32,33,42.5767792438125,"Yes",909.0273,13.3691,3.2372,"26B.1.4",906.158302785668,906.158302785668,906.918977241688,0.760674456020752,0.0469860278418518,2.55442526749214,0.0113827388397258,42.5854378024875,909.0273,13.3691,3.2372,1
"34","26B.1.4",32,33,7.8018004652028,"No",909.0273,13.3691,3.2372,"26B.1.4",906.158302785668,906.158302785668,906.918977241688,0.760674456020752,0.00860975443387638,1.67127805141241,0.00744735883640481,7.80746548083447,909.0273,13.3691,3.2372,1
"35","26B.1.4",32,33,1.99059864741059,"No",909.0273,13.3691,3.2372,"26B.1.4",906.158302785668,906.158302785668,906.918977241688,0.760674456020752,0.00219674491895201,1.18780712531964,0.00529297077958869,1.99462487507909,909.0273,13.3691,3.2372,1
"36","26B.1.4",32,33,6.5478292237924,"No",909.0273,13.3691,3.2372,"26B.1.4",906.158302785668,906.158302785668,906.918977241688,0.760674456020752,0.00722592200906109,1.59964766340731,0.00712816766255195,6.55325143885154,909.0273,13.3691,3.2372,1
"37","26B.1.4",32,33,2.04032029260127,"No",909.0273,13.3691,3.2372,"26B.1.4",906.158302785668,906.158302785668,906.918977241688,0.760674456020752,0.00225161573461173,1.19515597565569,0.0053257178891683,2.04437143015954,909.0273,13.3691,3.2372,1
"38","26B.1.4",32,33,1.23083197252292,"No",909.0273,13.3691,3.2372,"26B.1.4",906.158302785668,906.158302785668,906.918977241688,0.760674456020752,0.0013582968546877,1.05329419889048,0.00469356960250374,1.2344022510271,909.0273,13.3691,3.2372,1
"39","26B.1.4",32,33,33.7205408758666,"No",909.0273,13.3691,3.2372,"26B.1.4",906.158302785668,906.158302785668,906.918977241688,0.760674456020752,0.0372126379819117,2.40975912241917,0.0107380940465226,33.7287090697141,909.0273,13.3691,3.2372,1
"40","26B.1.4",32,33,1.1910774273143,"No",909.0273,13.3691,3.2372,"26B.1.4",906.158302785668,906.158302785668,906.918977241688,0.760674456020752,0.00131442533126138,1.04468413299601,0.00465520240784869,1.19461852087356,909.0273,13.3691,3.2372,1
"41","26B.1.4",32,33,0.251860062078286,"No",909.0273,13.3691,3.2372,"26B.1.4",906.158302785668,906.158302785668,906.918977241688,0.760674456020752,0.000277942674369402,0.708418389836691,0.00315677331546555,0.254261338902809,909.0273,13.3691,3.2372,1
"42","26B.1.4",32,33,4.74298391656197,"No",909.0273,13.3691,3.2372,"26B.1.4",906.158302785668,906.158302785668,906.918977241688,0.760674456020752,0.00523416703459133,1.47575041149481,0.0065760708447561,4.74798616567456,909.0273,13.3691,3.2372,1
"43","26B.1.4",32,33,1.23397313142524,"No",909.0273,13.3691,3.2372,"26B.1.4",906.158302785668,906.158302785668,906.918977241688,0.760674456020752,0.00136176331180966,1.05396557460553,0.00469656131047226,1.23754568564525,909.0273,13.3691,3.2372,1
"44","26B.1.4",32,33,1.51511690553017,"No",909.0273,13.3691,3.2372,"26B.1.4",906.158302785668,906.158302785668,906.918977241688,0.760674456020752,0.00167202231759337,1.10945971139938,0.00494384796015395,1.51887756438791,909.0273,13.3691,3.2372,1
"45","26B.1.4",32,33,1.74546879630004,"No",909.0273,13.3691,3.2372,"26B.1.4",906.158302785668,906.158302785668,906.918977241688,0.760674456020752,0.00192622943577762,1.14941807514185,0.00512190586802529,1.74936489925999,909.0273,13.3691,3.2372,1
"46","26B.1.4",32,33,1.38741157719759,"No",909.0273,13.3691,3.2372,"26B.1.4",906.158302785668,906.158302785668,906.918977241688,0.760674456020752,0.00153109183343846,1.085303812281,0.00483620719469391,1.39109035647462,909.0273,13.3691,3.2372,1
"47","26B.1.4",32,33,1.60758511836483,"No",909.0273,13.3691,3.2372,"26B.1.4",906.158302785668,906.158302785668,906.918977241688,0.760674456020752,0.00177406653277123,1.12601323272534,0.00501761187586883,1.61140188754903,909.0273,13.3691,3.2372,1
"48","26B.1.4",32,33,1.18706350210286,"No",909.0273,13.3691,3.2372,"26B.1.4",906.158302785668,906.158302785668,906.918977241688,0.760674456020752,0.00130999572420585,1.04380287339444,0.00465127543921807,1.19060160851739,909.0273,13.3691,3.2372,1
"49","26B.1.4",32,33,1.44308753522997,"No",909.0273,13.3691,3.2372,"26B.1.4",906.158302785668,906.158302785668,906.918977241688,0.760674456020752,0.00159253359020571,1.09603183537802,0.00488401218892646,1.44680267854498,909.0273,13.3691,3.2372,1
"50","26B.1.4",32,33,1.22119878460905,"No",909.0273,13.3691,3.2372,"26B.1.4",906.158302785668,906.158302785668,906.918977241688,0.760674456020752,0.00134766605443541,1.05122720321152,0.00468435889186136,1.22476205676092,909.0273,13.3691,3.2372,1
"51","26B.1.4",32,33,15.8884649070293,"No",909.0273,13.3691,3.2372,"26B.1.4",906.158302785668,906.158302785668,906.918977241688,0.760674456020752,0.0175338733399956,1.99650537973129,0.00889659980223274,15.8952323232443,909.0273,13.3691,3.2372,1
"52","26B.1.4",32,33,1.60601118245046,"No",909.0273,13.3691,3.2372,"26B.1.4",906.158302785668,906.158302785668,906.918977241688,0.760674456020752,0.00177232960015192,1.12573752046137,0.00501638327829128,1.60982701707187,909.0273,13.3691,3.2372,1
"53","26B.1.4",32,33,1.14926801212598,"Yes",909.0273,13.3691,3.2372,"26B.1.4",906.158302785668,906.158302785668,906.918977241688,0.760674456020752,0.00126828613564865,1.03539325091683,0.00461380143767984,1.15277761302477,909.0273,13.3691,3.2372,1
"54","26B.1.4",32,33,0.024222697255184,"Yes",909.0273,13.3691,3.2372,"26B.1.4",906.158302785668,906.158302785668,906.918977241688,0.760674456020752,2.67311982693529e-05,0.39450782819204,0.00175796083592069,0.0255599331577538,909.0273,13.3691,3.2372,1
"55","26B.1.4",32,33,10.8829467694416,"No",909.0273,13.3691,3.2372,"26B.1.4",906.158302785668,906.158302785668,906.918977241688,0.760674456020752,0.0120099840568539,1.81629599889668,0.00809357129143079,10.889103342381,909.0273,13.3691,3.2372,1
"56","26B.1.4",32,33,1.34887812670935,"No",909.0273,13.3691,3.2372,"26B.1.4",906.158302785668,906.158302785668,906.918977241688,0.760674456020752,0.00148856786122545,1.07768832513145,0.00480227192852515,1.35253109229624,909.0273,13.3691,3.2372,1
"57","26B.1.4",32,33,12.1301787265074,"No",909.0273,13.3691,3.2372,"26B.1.4",906.158302785668,906.158302785668,906.918977241688,0.760674456020752,0.0133863792774589,1.86623701916452,0.00831611277594109,12.1365045810694,909.0273,13.3691,3.2372,1
"58","26B.1.4",32,33,1.42857889890272,"No",909.0273,13.3691,3.2372,"26B.1.4",906.158302785668,906.158302785668,906.918977241688,0.760674456020752,0.00157652244040699,1.09326654316049,0.00487168980880903,1.43228466889794,909.0273,13.3691,3.2372,1
"59","26B.1.4",32,33,4.80532983712399,"No",909.0273,13.3691,3.2372,"26B.1.4",906.158302785668,906.158302785668,906.918977241688,0.760674456020752,0.00530296949479101,1.48057632558836,0.00659757553330144,4.81034844430384,909.0273,13.3691,3.2372,1
"60","26B.1.4",32,33,4.34777844607158,"No",909.0273,13.3691,3.2372,"26B.1.4",906.158302785668,906.158302785668,906.918977241688,0.760674456020752,0.00479803411027173,1.44399886310778,0.00643458321243193,4.35267306915641,909.0273,13.3691,3.2372,1
"61","26B.1.4",32,33,1.56374150558559,"No",909.0273,13.3691,3.2372,"26B.1.4",906.158302785668,906.158302785668,906.918977241688,0.760674456020752,0.00172568247819217,1.11825600987783,0.0049830450232314,1.56753198064796,909.0273,13.3691,3.2372,1
"62","26B.1.4",32,33,3.39513690955696,"No",909.0273,13.3691,3.2372,"26B.1.4",906.158302785668,906.158302785668,906.918977241688,0.760674456020752,0.00374673707576236,1.35742024776344,0.00604878145102937,3.39973806309681,909.0273,13.3691,3.2372,1
"63","26B.1.4",32,33,2.25528888464695,"No",909.0273,13.3691,3.2372,"26B.1.4",906.158302785668,906.158302785668,906.918977241688,0.760674456020752,0.00248884646061715,1.22546396387396,0.00546077289313983,2.25944275509689,909.0273,13.3691,3.2372,1
"64","26B.1.4",32,33,1.20741257712559,"No",909.0273,13.3691,3.2372,"26B.1.4",906.158302785668,906.158302785668,906.918977241688,0.760674456020752,0.00133245214816641,1.04824771370442,0.0046710820301866,1.21096574990793,909.0273,13.3691,3.2372,1
"65","26B.1.4",32,33,1.38434829011559,"Yes",909.0273,13.3691,3.2372,"26B.1.4",906.158302785668,906.158302785668,906.918977241688,0.760674456020752,0.00152771131253766,1.08470425094421,0.00483353549777569,1.38802503710102,909.0273,13.3691,3.2372,1
"66","26B.1.4",32,33,1.44960034282412,"Yes",909.0273,13.3691,3.2372,"26B.1.4",906.158302785668,906.158302785668,906.918977241688,0.760674456020752,0.00159972086374735,1.09726637505803,0.00488951340399182,1.45331967077291,909.0273,13.3691,3.2372,1
"67","26B.1.4",32,33,42.2513464589558,"Yes",909.0273,13.3691,3.2372,"26B.1.4",906.158302785668,906.158302785668,906.918977241688,0.760674456020752,0.0466268932581302,2.5495300690403,0.0113609254141169,42.2599884247151,909.0273,13.3691,3.2372,1
"68","26B.1.4",32,33,1.8832802606764,"No",909.0273,13.3691,3.2372,"26B.1.4",906.158302785668,906.158302785668,906.918977241688,0.760674456020752,0.00207831264679351,1.17146343807268,0.00522014190258933,1.8872510892785,909.0273,13.3691,3.2372,1
"69","26B.1.4",32,33,1.56736234404611,"No",909.0273,13.3691,3.2372,"26B.1.4",906.158302785668,906.158302785668,906.918977241688,0.760674456020752,0.00172967829045742,1.11890277810687,0.00498592707812438,1.57115501141402,909.0273,13.3691,3.2372,1
"70","26B.1.4",32,33,1.89063034093382,"No",909.0273,13.3691,3.2372,"26B.1.4",906.158302785668,906.158302785668,906.918977241688,0.760674456020752,0.00208642390090312,1.17260476809383,0.00522522776739264,1.89460503822337,909.0273,13.3691,3.2372,1
"71","26B.1.4",32,33,1.52656902585546,"No",909.0273,13.3691,3.2372,"26B.1.4",906.158302785668,906.158302785668,906.918977241688,0.760674456020752,0.00168466041878395,1.11155027785585,0.00495316370420952,1.53033677096174,909.0273,13.3691,3.2372,1
"72","26B.1.4",32,33,1.19447000540703,"No",909.0273,13.3691,3.2372,"26B.1.4",906.158302785668,906.158302785668,906.918977241688,0.760674456020752,0.00131816924452941,1.04542724026361,0.004658513757789,1.1980136178256,909.0273,13.3691,3.2372,1
"73","26B.1.4",32,33,17.4926937165177,"No",909.0273,13.3691,3.2372,"26B.1.4",906.158302785668,906.158302785668,906.918977241688,0.760674456020752,0.0193042359847529,2.04509823079455,0.00911313372873662,17.4996258445595,909.0273,13.3691,3.2372,1
"74","26B.1.4",32,33,1.98317415387167,"No",909.0273,13.3691,3.2372,"26B.1.4",906.158302785668,906.158302785668,906.918977241688,0.760674456020752,0.00218855154532612,1.18669800823271,0.00528802845839265,1.98719662204268,909.0273,13.3691,3.2372,1
"75","26B.1.4",32,33,15.4614379893196,"No",909.0273,13.3691,3.2372,"26B.1.4",906.158302785668,906.158302785668,906.918977241688,0.760674456020752,0.0170626235413711,1.98295322863243,0.00883621025056414,15.4681594687452,909.0273,13.3691,3.2372,1
"76","26B.1.4",32,33,1.53981389002109,"No",909.0273,13.3691,3.2372,"26B.1.4",906.158302785668,906.158302785668,906.918977241688,0.760674456020752,0.00169927692025496,1.11395348937288,0.00496387262156291,1.54358978112726,909.0273,13.3691,3.2372,1
"77","26B.1.4",32,33,1.399112057369,"No",909.0273,13.3691,3.2372,"26B.1.4",906.158302785668,906.158302785668,906.918977241688,0.760674456020752,0.0015440040146053,1.08758478881362,0.00484637142243659,1.40279856831444,909.0273,13.3691,3.2372,1
"78","26B.1.4",32,33,7.66381341821115,"No",909.0273,13.3691,3.2372,"26B.1.4",906.158302785668,906.158302785668,906.918977241688,0.760674456020752,0.00845747745692053,1.66383873524502,0.00741420860329479,7.66945321730728,909.0273,13.3691,3.2372,1
"79","26B.1.4",32,33,1.73480387182736,"No",909.0273,13.3691,3.2372,"26B.1.4",906.158302785668,906.158302785668,906.918977241688,0.760674456020752,0.00191446005239296,1.14765828358951,0.00511406408541079,1.73869400974359,909.0273,13.3691,3.2372,1
"80","26B.1.4",32,33,1.57075421264852,"No",909.0273,13.3691,3.2372,"26B.1.4",906.158302785668,906.158302785668,906.918977241688,0.760674456020752,0.00173342142076035,1.11950763109918,0.00498862235511506,1.57454893024479,909.0273,13.3691,3.2372,1
"81","26B.1.4",32,33,1.39868900306023,"No",909.0273,13.3691,3.2372,"26B.1.4",906.158302785668,906.158302785668,906.918977241688,0.760674456020752,0.00154353714881875,1.08750256530454,0.00484600502740348,1.40237523529832,909.0273,13.3691,3.2372,1
"82","26B.1.4",32,33,1.17820692235761,"No",909.0273,13.3691,3.2372,"26B.1.4",906.158302785668,906.158302785668,906.918977241688,0.760674456020752,0.0013002219576156,1.04185047125988,0.00464257536727211,1.18173841084965,909.0273,13.3691,3.2372,1
"83","26B.1.4",32,33,1.31570275704736,"No",909.0273,13.3691,3.2372,"26B.1.4",906.158302785668,906.158302785668,906.918977241688,0.760674456020752,0.00145195685235427,1.07099993922704,0.00477246790529611,1.3193330514751,909.0273,13.3691,3.2372,1
"84","26B.1.4",32,33,42.1619239445729,"No",909.0273,13.3691,3.2372,"26B.1.4",906.158302785668,906.158302785668,906.918977241688,0.760674456020752,0.0465282101537455,2.54818001409364,0.0113549094530815,42.1705613341443,909.0273,13.3691,3.2372,1
"85","26B.1.4",32,33,1.45769259313061,"No",909.0273,13.3691,3.2372,"26B.1.4",906.158302785668,906.158302785668,906.918977241688,0.760674456020752,0.00160865114698993,1.09879452494765,0.0048963229714209,1.4614171009434,909.0273,13.3691,3.2372,1
"86","26B.1.4",32,33,1.35039935404106,"No",909.0273,13.3691,3.2372,"26B.1.4",906.158302785668,906.158302785668,906.918977241688,0.760674456020752,0.00149024662676458,1.07799204346386,0.00480362532355401,1.35405334912098,909.0273,13.3691,3.2372,1
"87","26B.1.4",32,33,1.33597499430653,"No",909.0273,13.3691,3.2372,"26B.1.4",906.158302785668,906.158302785668,906.918977241688,0.760674456020752,0.00147432848123727,1.0751017836103,0.00479074607689502,1.33961919247251,909.0273,13.3691,3.2372,1
"88","26B.1.4",32,33,1.24259182878418,"No",909.0273,13.3691,3.2372,"26B.1.4",906.158302785668,906.158302785668,906.918977241688,0.760674456020752,0.00137127456092855,1.05580113210705,0.00470474071267713,1.24617060486651,909.0273,13.3691,3.2372,1
"89","26B.1.4",32,33,1.24460146875148,"No",909.0273,13.3691,3.2372,"26B.1.4",906.158302785668,906.158302785668,906.918977241688,0.760674456020752,0.0013734923190853,1.05622775943661,0.00470664180077552,1.24818169094297,909.0273,13.3691,3.2372,1
"90","26B.1.4",32,33,1.14491335935492,"No",909.0273,13.3691,3.2372,"26B.1.4",906.158302785668,906.158302785668,906.918977241688,0.760674456020752,0.00126348051530874,1.03441106078338,0.00460942471391258,1.14841963099175,909.0273,13.3691,3.2372,1
"91","26B.1.4",32,33,10.1117834455982,"No",909.0273,13.3691,3.2372,"26B.1.4",906.158302785668,906.158302785668,906.918977241688,0.760674456020752,0.0111589591073801,1.78322826805945,0.0079462186368307,10.1178279311372,909.0273,13.3691,3.2372,1
"92","26B.1.4",32,33,2.37781162168559,"No",909.0273,13.3691,3.2372,"26B.1.4",906.158302785668,906.158302785668,906.918977241688,0.760674456020752,0.00262405764464756,1.24177914358995,0.00553347473812766,2.38202079457192,909.0273,13.3691,3.2372,1
"93","26B.1.4",32,33,1.27409988051716,"No",909.0273,13.3691,3.2372,"26B.1.4",906.158302785668,906.158302785668,906.918977241688,0.760674456020752,0.00140604558453019,1.0624313291152,0.00473428544117636,1.27770113051977,909.0273,13.3691,3.2372,1
"94","26B.1.4",32,33,5.3411621727387,"No",909.0273,13.3691,3.2372,"26B.1.4",906.158302785668,906.158302785668,906.918977241688,0.760674456020752,0.0058942925936,1.52022874878851,0.00677427014378528,5.34631518699526,909.0273,13.3691,3.2372,1
"95","26B.1.4",32,33,4.80810897983927,"No",909.0273,13.3691,3.2372,"26B.1.4",906.158302785668,906.158302785668,906.918977241688,0.760674456020752,0.00530603644535223,1.48079035048092,0.00659852924664287,4.8131283124845,909.0273,13.3691,3.2372,1
"96","26B.1.4",32,33,1.1896215351095,"No",909.0273,13.3691,3.2372,"26B.1.4",906.158302785668,906.158302785668,906.918977241688,0.760674456020752,0.00131281866695082,1.04436474881662,0.00465377920445739,1.19316154607429,909.0273,13.3691,3.2372,1
"97","26B.1.4",32,33,1.73962434822916,"No",909.0273,13.3691,3.2372,"26B.1.4",906.158302785668,906.158302785668,906.918977241688,0.760674456020752,0.00191977973702971,1.14845469989241,0.00511761298500043,1.74351718570265,909.0273,13.3691,3.2372,1
"98","26B.1.4",32,33,1.96801957845555,"No",909.0273,13.3691,3.2372,"26B.1.4",906.158302785668,906.158302785668,906.918977241688,0.760674456020752,0.00217182756302686,1.18442442198806,0.00527789716240924,1.9720343400085,909.0273,13.3691,3.2372,1
"99","26B.1.4",32,33,1.63117182072023,"No",909.0273,13.3691,3.2372,"26B.1.4",906.158302785668,906.158302785668,906.918977241688,0.760674456020752,0.00180009587254872,1.13012095434156,0.00503591623692365,1.63500251356432,909.0273,13.3691,3.2372,1
"100","26B.1.4",32,33,1.6044496114815,"No",909.0273,13.3691,3.2372,"26B.1.4",906.158302785668,906.158302785668,906.918977241688,0.760674456020752,0.00177060631299099,1.1254637738661,0.00501516343990261,1.60826451820301,909.0273,13.3691,3.2372,1
"101","26B.1.4",32,33,1.23430560653816,"No",909.0273,13.3691,3.2372,"26B.1.4",906.158302785668,906.158302785668,906.918977241688,0.760674456020752,0.00136213021802451,1.05403656114378,0.00469687763259617,1.23787840137633,909.0273,13.3691,3.2372,1
"102","26B.1.4",32,33,1.2701743494447,"No",909.0273,13.3691,3.2372,"26B.1.4",906.158302785668,906.158302785668,906.918977241688,0.760674456020752,0.00140171352570516,1.06161203806339,0.00473063460973684,1.2737728223531,909.0273,13.3691,3.2372,1
"103","26B.1.4",32,33,1.29641994133034,"No",909.0273,13.3691,3.2372,"26B.1.4",906.158302785668,906.158302785668,906.918977241688,0.760674456020752,0.00143067710944649,1.06705406758554,0.00475488476165833,1.30003686070985,909.0273,13.3691,3.2372,1
"104","26B.1.4",32,33,1.07510122981538,"No",909.0273,13.3691,3.2372,"26B.1.4",906.158302785668,906.158302785668,906.918977241688,0.760674456020752,0.00118643864599635,1.01826857158072,0.00453749239271479,1.0785527843729,909.0273,13.3691,3.2372,1
"105","26B.1.4",32,33,1.33747221326544,"No",909.0273,13.3691,3.2372,"26B.1.4",906.158302785668,906.158302785668,906.918977241688,0.760674456020752,0.001475980752098,1.07540287209338,0.00479208775308896,1.34111743201022,909.0273,13.3691,3.2372,1
"106","26B.1.4",32,33,1.2211735868291,"Yes",909.0273,13.3691,3.2372,"26B.1.4",906.158302785668,906.158302785668,906.918977241688,0.760674456020752,0.00134763824717494,1.05122178050781,0.00468433472782693,1.22473684060001,909.0273,13.3691,3.2372,1
"107","26B.1.4",32,33,1.09186989084119,"Yes",909.0273,13.3691,3.2372,"26B.1.4",906.158302785668,906.158302785668,906.918977241688,0.760674456020752,0.00120494386851019,1.0222161133811,0.00455508297872425,1.09533482610816,909.0273,13.3691,3.2372,1
"108","26B.1.4",32,33,37.1510891003749,"Yes",909.0273,13.3691,3.2372,"26B.1.4",906.158302785668,906.158302785668,906.918977241688,0.760674456020752,0.0409984535661891,2.46883967178839,0.0110013620593064,37.1594575554749,909.0273,13.3691,3.2372,1
"109","26B.1.4",32,33,1.66633866378948,"No",909.0273,13.3691,3.2372,"26B.1.4",906.158302785668,906.158302785668,906.918977241688,0.760674456020752,0.00183890459168879,1.13616345985819,0.00506284216155675,1.67018983849664,909.0273,13.3691,3.2372,1
"110","26B.1.4",32,33,1.39282962489337,"No",909.0273,13.3691,3.2372,"26B.1.4",906.158302785668,906.158302785668,906.918977241688,0.760674456020752,0.00153707097381507,1.08636183217474,0.0048409218223994,1.39651199046727,909.0273,13.3691,3.2372,1
"111","26B.1.4",32,33,1.4370762971128,"No",909.0273,13.3691,3.2372,"26B.1.4",906.158302785668,906.158302785668,906.918977241688,0.760674456020752,0.00158589982864474,1.09488865711881,0.00487891808821529,1.44078756547552,909.0273,13.3691,3.2372,1
"112","26B.1.4",32,33,16.9166892190472,"No",909.0273,13.3691,3.2372,"26B.1.4",906.158302785668,906.158302785668,906.918977241688,0.760674456020752,0.0186685804975165,2.02805086261559,0.00903716918894162,16.9235635628039,909.0273,13.3691,3.2372,1
"113","26B.1.4",32,33,1.57423530760078,"No",909.0273,13.3691,3.2372,"26B.1.4",906.158302785668,906.158302785668,906.918977241688,0.760674456020752,0.00173726301768834,1.12012737760854,0.00499138399889956,1.57803212590893,909.0273,13.3691,3.2372,1
"114","26B.1.4",32,33,0.363796537569112,"No",909.0273,13.3691,3.2372,"26B.1.4",906.158302785668,906.158302785668,906.918977241688,0.760674456020752,0.000401471284267601,0.776630854230556,0.00346073392754161,0.366429029466877,909.0273,13.3691,3.2372,1
"115","26B.1.4",32,33,1.4000620168075,"Yes",909.0273,13.3691,3.2372,"26B.1.4",906.158302785668,906.158302785668,906.918977241688,0.760674456020752,0.00154505235178389,1.08776935202922,0.00484719385200979,1.4037491533541,909.0273,13.3691,3.2372,1
"116","26B.1.4",32,33,5.56803863492533,"Yes",909.0273,13.3691,3.2372,"26B.1.4",906.158302785668,906.158302785668,906.918977241688,0.760674456020752,0.00614466436803408,1.53612147277737,0.00684508948969424,5.57324551964932,909.0273,13.3691,3.2372,1
"117","26B.1.4",32,33,1.38589887203,"No",909.0273,13.3691,3.2372,"26B.1.4",906.158302785668,906.158302785668,906.918977241688,0.760674456020752,0.00152942247261824,1.08500786254411,0.00483488841719529,1.38957664814668,909.0273,13.3691,3.2372,1
"118","26B.1.4",32,33,4.60465072617797,"No",909.0273,13.3691,3.2372,"26B.1.4",906.158302785668,906.158302785668,906.918977241688,0.760674456020752,0.00508150806765504,1.46487029841598,0.0065275881244749,4.60961609572368,909.0273,13.3691,3.2372,1
"119","26B.1.4",32,33,2.54056132019646,"No",909.0273,13.3691,3.2372,"26B.1.4",906.158302785668,906.158302785668,906.918977241688,0.760674456020752,0.00280366169176665,1.26250300480063,0.00562582204729108,2.54484073932195,909.0273,13.3691,3.2372,1
"120","26B.1.4",32,33,2.16644151235426,"No",909.0273,13.3691,3.2372,"26B.1.4",906.158302785668,906.158302785668,906.918977241688,0.760674456020752,0.00239079806000154,1.2132121254273,0.00540617764656139,2.17055385359471,909.0273,13.3691,3.2372,1
"121","26B.1.4",32,33,1.95464883515299,"No",909.0273,13.3691,3.2372,"26B.1.4",906.158302785668,906.158302785668,906.918977241688,0.760674456020752,0.00215707214638336,1.18240752851054,0.00526890971148858,1.9586567601816,909.0273,13.3691,3.2372,1
"122","26B.1.4",32,33,1.27195230462772,"No",909.0273,13.3691,3.2372,"26B.1.4",906.158302785668,906.158302785668,906.918977241688,0.760674456020752,0.00140367560581583,1.06198334706098,0.00473228919458701,1.27555203613654,909.0273,13.3691,3.2372,1
"123","26B.1.4",32,33,1.53029305920047,"No",909.0273,13.3691,3.2372,"26B.1.4",906.158302785668,906.158302785668,906.918977241688,0.760674456020752,0.00168877011278947,1.11222755952809,0.00495618172963162,1.53406310004159,909.0273,13.3691,3.2372,1
"124","26B.1.4",32,33,1.47000982246599,"No",909.0273,13.3691,3.2372,"26B.1.4",906.158302785668,906.158302785668,906.918977241688,0.760674456020752,0.00162224394782562,1.10110835797761,0.00490663361054349,1.47374217331858,909.0273,13.3691,3.2372,1
"125","26B.1.4",32,33,1.37205653853482,"Yes",909.0273,13.3691,3.2372,"26B.1.4",906.158302785668,906.158302785668,906.918977241688,0.760674456020752,0.00151414662793124,1.08228839564794,0.0048227702386538,1.37572509666262,909.0273,13.3691,3.2372,1
"126","26B.1.4",32,33,43.8535052964189,"Yes",909.0273,13.3691,3.2372,"26B.1.4",906.158302785668,906.158302785668,906.918977241688,0.760674456020752,0.0483949715646886,2.57336315361044,0.0114671276901668,43.8622280475367,909.0273,13.3691,3.2372,1
"127","26B.1.4",32,33,7.75263701277805,"No",909.0273,13.3691,3.2372,"26B.1.4",906.158302785668,906.158302785668,906.918977241688,0.760674456020752,0.00855549961739055,1.66863889521063,0.00743559852922948,7.75829308264446,909.0273,13.3691,3.2372,1
"128","26B.1.4",32,33,3.00967015793498,"No",909.0273,13.3691,3.2372,"26B.1.4",906.158302785668,906.158302785668,906.918977241688,0.760674456020752,0.00332135141142867,1.31713328702246,0.00586925928665183,3.0141347535501,909.0273,13.3691,3.2372,1
"129","26B.1.4",32,33,2.18975274083901,"No",909.0273,13.3691,3.2372,"26B.1.4",906.158302785668,906.158302785668,906.918977241688,0.760674456020752,0.00241652339785154,1.21646262384345,0.00542066214725942,2.19387610006914,909.0273,13.3691,3.2372,1
"130","26B.1.4",32,33,2.36448843986831,"No",909.0273,13.3691,3.2372,"26B.1.4",906.158302785668,906.158302785668,906.918977241688,0.760674456020752,0.00260935471495379,1.24003601495389,0.00552570720690222,2.36869170419205,909.0273,13.3691,3.2372,1
"131","26B.1.4",32,33,1.33112692619874,"No",909.0273,13.3691,3.2372,"26B.1.4",906.158302785668,906.158302785668,906.918977241688,0.760674456020752,0.00146897834749917,1.07412510467163,0.00478639391148598,1.33476781378366,909.0273,13.3691,3.2372,1
"132","26B.1.4",32,33,1.14895958961462,"No",909.0273,13.3691,3.2372,"26B.1.4",906.158302785668,906.158302785668,906.918977241688,0.760674456020752,0.00126794577292129,1.03532377827739,0.00461349186161934,1.15246895502681,909.0273,13.3691,3.2372,1
"133","26B.1.4",32,33,1.0398668619786,"No",909.0273,13.3691,3.2372,"26B.1.4",906.158302785668,906.158302785668,906.918977241688,0.760674456020752,0.00114755540922805,1.00982108531354,0.00449984966687143,1.04328978267612,909.0273,13.3691,3.2372,1
"134","26B.1.4",32,33,1.2951751618757,"No",909.0273,13.3691,3.2372,"26B.1.4",906.158302785668,906.158302785668,906.918977241688,0.760674456020752,0.00142930342070931,1.06679783782194,0.00475374297977919,1.2987912127309,909.0273,13.3691,3.2372,1
"135","26B.1.4",32,33,1.01476352765691,"Yes",909.0273,13.3691,3.2372,"26B.1.4",906.158302785668,906.158302785668,906.918977241688,0.760674456020752,0.0011198523751726,1.0036706222117,0.00447244267394723,1.01816560055499,909.0273,13.3691,3.2372,1
"136","26B.1.4",32,33,46.9369773559481,"Yes",909.0273,13.3691,3.2372,"26B.1.4",906.158302785668,906.158302785668,906.918977241688,0.760674456020752,0.051797767798029,2.6174523223569,0.0116635928206556,46.9458495530722,909.0273,13.3691,3.2372,1
"137","26B.1.4",32,33,4.65431062572871,"No",909.0273,13.3691,3.2372,"26B.1.4",906.158302785668,906.158302785668,906.918977241688,0.760674456020752,0.00513631074330021,1.46880398153092,0.0065451169549893,4.65928932900804,909.0273,13.3691,3.2372,1
"138","26B.1.4",32,33,6.49517400552287,"No",909.0273,13.3691,3.2372,"26B.1.4",906.158302785668,906.158302785668,906.918977241688,0.760674456020752,0.00716781381967778,1.59642197606698,0.00711379372214318,6.5005852866927,909.0273,13.3691,3.2372,1
"139","26B.1.4",32,33,1.27603469676439,"No",909.0273,13.3691,3.2372,"26B.1.4",906.158302785668,906.158302785668,906.918977241688,0.760674456020752,0.00140818077022709,1.06283444504542,0.00473608176045578,1.2796373131812,909.0273,13.3691,3.2372,1
"140","26B.1.4",32,33,4.75273640672688,"No",909.0273,13.3691,3.2372,"26B.1.4",906.158302785668,906.158302785668,906.918977241688,0.760674456020752,0.00524492949202832,1.47650843415836,0.00657944865898445,4.75774122525647,909.0273,13.3691,3.2372,1
"141","26B.1.4",32,33,1.50117899415218,"No",909.0273,13.3691,3.2372,"26B.1.4",906.158302785668,906.158302785668,906.918977241688,0.760674456020752,0.001656640996984,1.10689931755172,0.00493243862480731,1.50493097421996,909.0273,13.3691,3.2372,1
"142","26B.1.4",32,33,1.02314007795119,"No",909.0273,13.3691,3.2372,"26B.1.4",906.158302785668,906.158302785668,906.918977241688,0.760674456020752,0.00112909640049195,1.00573548683002,0.00448164388839997,1.02654914997808,909.0273,13.3691,3.2372,1
"143","26B.1.4",32,33,1.44260928614813,"No",909.0273,13.3691,3.2372,"26B.1.4",906.158302785668,906.158302785668,906.918977241688,0.760674456020752,0.00159200581367884,1.09594101597828,0.00488360748986481,1.4463241216189,909.0273,13.3691,3.2372,1
"144","26B.1.4",32,33,1.99030271854638,"No",909.0273,13.3691,3.2372,"26B.1.4",906.158302785668,906.158302785668,906.918977241688,0.760674456020752,0.00219641834371312,1.18776297704147,0.00529277405106153,1.99432879656852,909.0273,13.3691,3.2372,1
"145","26B.1.4",32,33,2.27071898661839,"No",909.0273,13.3691,3.2372,"26B.1.4",906.158302785668,906.158302785668,906.918977241688,0.760674456020752,0.00250587450298458,1.22755468413064,0.00547008932254239,2.2748799438382,909.0273,13.3691,3.2372,1
"146","26B.1.4",32,33,1.12651574466581,"No",909.0273,13.3691,3.2372,"26B.1.4",906.158302785668,906.158302785668,906.918977241688,0.760674456020752,0.00124317764479201,1.03023029471733,0.00459079486050268,1.13000784504903,909.0273,13.3691,3.2372,1
"147","26B.1.4",32,33,2.79500559778227,"No",909.0273,13.3691,3.2372,"26B.1.4",906.158302785668,906.158302785668,906.918977241688,0.760674456020752,0.00308445620284005,1.29299150185994,0.00576168141419385,2.79938836165777,909.0273,13.3691,3.2372,1
"148","26B.1.4",32,33,3.03077169260644,"No",909.0273,13.3691,3.2372,"26B.1.4",906.158302785668,906.158302785668,906.918977241688,0.760674456020752,0.00334463821971215,1.31943592771711,0.00587952005176502,3.03524409332348,909.0273,13.3691,3.2372,1
"149","26B.1.4",32,33,1.89492418211067,"No",909.0273,13.3691,3.2372,"26B.1.4",906.158302785668,906.158302785668,906.918977241688,0.760674456020752,0.00209116241200394,1.17326998223796,0.00522819201887087,1.8989011342306,909.0273,13.3691,3.2372,1
"150","26B.1.4",32,33,1.42629386444724,"No",909.0273,13.3691,3.2372,"26B.1.4",906.158302785668,906.158302785668,906.918977241688,0.760674456020752,0.00157400076792608,1.09282910642544,0.00486974055306945,1.42999815169341,909.0273,13.3691,3.2372,1
"151","26B.1.4",32,33,1.26813103474938,"No",909.0273,13.3691,3.2372,"26B.1.4",906.158302785668,906.158302785668,906.918977241688,0.760674456020752,0.00139945860546767,1.06118482952692,0.00472873093173046,1.27172805957854,909.0273,13.3691,3.2372,1
"152","26B.1.4",32,33,1.50625456329209,"No",909.0273,13.3691,3.2372,"26B.1.4",906.158302785668,906.158302785668,906.918977241688,0.760674456020752,0.00166224219174689,1.10783375555589,0.00493660256097674,1.51000971075976,909.0273,13.3691,3.2372,1
"153","26B.1.4",32,33,1.48680538954067,"No",909.0273,13.3691,3.2372,"26B.1.4",906.158302785668,906.158302785668,906.918977241688,0.760674456020752,0.00164077886277707,1.1042401441663,0.00492058911933891,1.49054835599232,909.0273,13.3691,3.2372,1
"154","26B.1.4",32,33,38.1887015146038,"No",909.0273,13.3691,3.2372,"26B.1.4",906.158302785668,906.158302785668,906.918977241688,0.760674456020752,0.0421435210571994,2.48590039272401,0.0110773861001343,38.1971277992497,909.0273,13.3691,3.2372,1
"155","26B.1.4",32,33,1.13180698056787,"No",909.0273,13.3691,3.2372,"26B.1.4",906.158302785668,906.158302785668,906.918977241688,0.760674456020752,0.00124901684075345,1.03143791569254,0.00459617612350268,1.13530317434039,909.0273,13.3691,3.2372,1
"156","26B.1.4",32,33,7.0844839331855,"No",909.0273,13.3691,3.2372,"26B.1.4",906.158302785668,906.158302785668,906.918977241688,0.760674456020752,0.00781815264662557,1.63146234661039,0.00726993662905016,7.09001398827611,909.0273,13.3691,3.2372,1
"157","26B.1.4",32,33,2.81420717564021,"No",909.0273,13.3691,3.2372,"26B.1.4",906.158302785668,906.158302785668,906.918977241688,0.760674456020752,0.00310564629490113,1.29520650374693,0.00577155165323741,2.81859744755443,909.0273,13.3691,3.2372,1
"158","26B.1.4",32,33,1.18082621596707,"No",909.0273,13.3691,3.2372,"26B.1.4",906.158302785668,906.158302785668,906.918977241688,0.760674456020752,0.00130311250510758,1.0424290284226,0.00464515346778297,1.1843596655543,909.0273,13.3691,3.2372,1
"159","26B.1.4",32,33,0.356930753088773,"No",909.0273,13.3691,3.2372,"26B.1.4",906.158302785668,906.158302785668,906.918977241688,0.760674456020752,0.000393894479575494,0.772940372427274,0.00344428882300318,0.35955073561559,909.0273,13.3691,3.2372,1
"160","26B.1.4",32,33,9.31967564610124,"No",909.0273,13.3691,3.2372,"26B.1.4",906.158302785668,906.158302785668,906.918977241688,0.760674456020752,0.0102848206736628,1.7472304888613,0.0077858094345584,9.32559811245756,909.0273,13.3691,3.2372,1
"161","26B.1.4",32,33,1.48323333021127,"No",909.0273,13.3691,3.2372,"26B.1.4",906.158302785668,906.158302785668,906.918977241688,0.760674456020752,0.00163683688120672,1.10357630981336,0.00491763101632901,1.48697404650953,909.0273,13.3691,3.2372,1
"162","26B.1.4",32,33,4.25836284529219,"No",909.0273,13.3691,3.2372,"26B.1.4",906.158302785668,906.158302785668,906.918977241688,0.760674456020752,0.00469935863546285,1.43651665633206,0.00640124185507977,4.26323210645816,909.0273,13.3691,3.2372,1
"163","26B.1.4",32,33,1.50201392514038,"No",909.0273,13.3691,3.2372,"26B.1.4",906.158302785668,906.158302785668,906.918977241688,0.760674456020752,0.00165756239337317,1.1070531952457,0.00493312431705523,1.50576642679674,909.0273,13.3691,3.2372,1
"164","26B.1.4",32,33,1.08442566420712,"No",909.0273,13.3691,3.2372,"26B.1.4",906.158302785668,906.158302785668,906.918977241688,0.760674456020752,0.00119672871823106,1.02046930688971,0.00454729905865893,1.08788467844493,909.0273,13.3691,3.2372,1
"165","26B.1.4",32,33,3.53835376314073,"No",909.0273,13.3691,3.2372,"26B.1.4",906.158302785668,906.158302785668,906.918977241688,0.760674456020752,0.00390478545775423,1.37151421386721,0.00611158537699141,3.54300269002279,909.0273,13.3691,3.2372,1
"166","26B.1.4",32,33,4.43132203665851,"No",909.0273,13.3691,3.2372,"26B.1.4",906.158302785668,906.158302785668,906.918977241688,0.760674456020752,0.00489022946987956,1.45088612711108,0.00646527345358616,4.43624000502585,909.0273,13.3691,3.2372,1
"167","26B.1.4",32,33,1.4229338835293,"No",909.0273,13.3691,3.2372,"26B.1.4",906.158302785668,906.158302785668,906.918977241688,0.760674456020752,0.00157029282759424,1.09218493111625,0.00486687005245044,1.42663598725897,909.0273,13.3691,3.2372,1
"168","26B.1.4",32,33,1.31509077141002,"No",909.0273,13.3691,3.2372,"26B.1.4",906.158302785668,906.158302785668,906.918977241688,0.760674456020752,0.00145128148952256,1.07087537633964,0.00477191284234928,1.31872064361555,909.0273,13.3691,3.2372,1
"169","26B.1.4",32,33,1.86119029095535,"No",909.0273,13.3691,3.2372,"26B.1.4",906.158302785668,906.158302785668,906.918977241688,0.760674456020752,0.00205393504118846,1.16801304861838,0.00520476667022162,1.86514942401093,909.0273,13.3691,3.2372,1
"170","26B.1.4",32,33,1.45187478950563,"No",909.0273,13.3691,3.2372,"26B.1.4",906.158302785668,906.158302785668,906.918977241688,0.760674456020752,0.00160223085198508,1.09769652927483,0.00489143020820331,1.45559557551842,909.0273,13.3691,3.2372,1
"171","26B.1.4",32,33,1.34261233846957,"No",909.0273,13.3691,3.2372,"26B.1.4",906.158302785668,906.158302785668,906.918977241688,0.760674456020752,0.00148165318834709,1.07643462376467,0.00479668532733437,1.34626105447165,909.0273,13.3691,3.2372,1
"172","26B.1.4",32,33,1.23445077082375,"Yes",909.0273,13.3691,3.2372,"26B.1.4",906.158302785668,906.158302785668,906.918977241688,0.760674456020752,0.00136229041551444,1.05406755057538,0.00469701572417053,1.23802367070466,909.0273,13.3691,3.2372,1
"173","26B.1.4",32,33,35.9088986623907,"Yes",909.0273,13.3691,3.2372,"26B.1.4",906.158302785668,906.158302785668,906.918977241688,0.760674456020752,0.0396276219640666,2.44793860479681,0.010908225105932,35.9171962705893,909.0273,13.3691,3.2372,1
"174","26B.10.4",32,33,2.02342391752829,"No",1028.765,14.221,7.089,"26B.10.4",951.297625062502,951.297625062502,960.816521303471,9.51889624096839,0.00212701457905495,1.19267391199282,0.00476131018716527,2.06874633517098,1028.765,14.221,7.089,1
"175","26B.10.4",32,33,2.64596810733714,"No",1028.765,14.221,7.089,"26B.10.4",951.297625062502,951.297625062502,960.816521303471,9.51889624096839,0.00278143037218588,1.27539923248473,0.00509156048209839,2.69443414327085,1028.765,14.221,7.089,1
"176","26B.10.4",32,33,1.41244207287542,"No",1028.765,14.221,7.089,"26B.10.4",951.297625062502,951.297625062502,960.816521303471,9.51889624096839,0.00148475307376345,1.09016607084707,0.00435208548341027,1.45386912302383,1028.765,14.221,7.089,1
"177","26B.10.4",32,33,0.865973607644331,"No",1028.765,14.221,7.089,"26B.10.4",951.297625062502,951.297625062502,960.816521303471,9.51889624096839,0.00091030775735137,0.964664205513299,0.00385106562885214,0.902631501782534,1028.765,14.221,7.089,1
"178","26B.10.4",32,33,1.70681795988996,"No",1028.765,14.221,7.089,"26B.10.4",951.297625062502,951.297625062502,960.816521303471,9.51889624096839,0.00179419974876719,1.143001501782,0.00456301143142017,1.75025279225201,1028.765,14.221,7.089,1
"179","26B.10.4",32,33,2.4129098688244,"No",1028.765,14.221,7.089,"26B.10.4",951.297625062502,951.297625062502,960.816521303471,9.51889624096839,0.00253644054736904,1.24633638819556,0.00497553780801237,2.46027149696189,1028.765,14.221,7.089,1
"180","26B.10.4",32,33,7.56527678563234,"No",1028.765,14.221,7.089,"26B.10.4",951.297625062502,951.297625062502,960.816521303471,9.51889624096839,0.00795258664199364,1.65846459828938,0.00662080750445367,7.62829956529865,1028.765,14.221,7.089,1
"181","26B.10.4",32,33,1.92918248443852,"No",1028.765,14.221,7.089,"26B.10.4",951.297625062502,951.297625062502,960.816521303471,9.51889624096839,0.00202794838714305,1.17853728727258,0.00470487493305617,1.97396770075301,1028.765,14.221,7.089,1
"182","26B.10.4",32,33,1.65408378708288,"No",1028.765,14.221,7.089,"26B.10.4",951.297625062502,951.297625062502,960.816521303471,9.51889624096839,0.00173876581156629,1.13406873136799,0.00452735064405475,1.69717916811012,1028.765,14.221,7.089,1
"183","26B.10.4",32,33,3.62767157487223,"No",1028.765,14.221,7.089,"26B.10.4",951.297625062502,951.297625062502,960.816521303471,9.51889624096839,0.00381339286391457,1.38008867004307,0.00550949440395491,3.68011588044367,1028.765,14.221,7.089,1
"184","26B.10.4",32,33,5.75377111456398,"No",1028.765,14.221,7.089,"26B.10.4",951.297625062502,951.297625062502,960.816521303471,9.51889624096839,0.00604833961840906,1.5487743426704,0.00618290966309087,5.81262559011422,1028.765,14.221,7.089,1
"185","26B.10.4",32,33,3.40739382966284,"No",1028.765,14.221,7.089,"26B.10.4",951.297625062502,951.297625062502,960.816521303471,9.51889624096839,0.00358183783906636,1.35864371201552,0.00542388332778967,3.45902321228318,1028.765,14.221,7.089,1
"186","26B.10.4",32,33,3.33354564861527,"No",1028.765,14.221,7.089,"26B.10.4",951.297625062502,951.297625062502,960.816521303471,9.51889624096839,0.0035042089465915,1.35122167032627,0.00539425356700657,3.38489298861708,1028.765,14.221,7.089,1
"187","26B.10.4",32,33,1.09912811873946,"Yes",1028.765,14.221,7.089,"26B.10.4",951.297625062502,951.297625062502,960.816521303471,9.51889624096839,0.00115539878349559,1.02391069566234,0.00408758536342826,1.13803741969004,1028.765,14.221,7.089,1
"188","26B.10.4",32,33,3.86025013358105,"Yes",1028.765,14.221,7.089,"26B.10.4",951.297625062502,951.297625062502,960.816521303471,9.51889624096839,0.00405787845137049,1.40169608928894,0.0055957540465439,3.91351553574008,1028.765,14.221,7.089,1
"189","26B.10.4",32,33,1.28252925502136,"Yes",1028.765,14.221,7.089,"26B.10.4",951.297625062502,951.297625062502,960.816521303471,9.51889624096839,0.00134818927455758,1.06418423293358,0.00424836258958752,1.32296897770566,1028.765,14.221,7.089,1
"190","26B.10.4",32,33,0.629322391825181,"Yes",1028.765,14.221,7.089,"26B.10.4",951.297625062502,951.297625062502,960.816521303471,9.51889624096839,0.000661541010137425,0.89067301825774,0.00355568313570135,0.663168570659683,1028.765,14.221,7.089,1
"191","26B.10.4",32,33,1.43548783583209,"No",1028.765,14.221,7.089,"26B.10.4",951.297625062502,951.297625062502,960.816521303471,9.51889624096839,0.00150897868134357,1.09458597492884,0.00436973031836407,1.47708284533361,1028.765,14.221,7.089,1
"192","26B.10.4",32,33,24.964506961005,"No",1028.765,14.221,7.089,"26B.10.4",951.297625062502,951.297625062502,960.816521303471,9.51889624096839,0.0262425830815722,2.23527390613536,0.00892350567357014,25.0494488856174,1028.765,14.221,7.089,1
"193","26B.10.4",32,33,9.71381711883971,"No",1028.765,14.221,7.089,"26B.10.4",951.297625062502,951.297625062502,960.816521303471,9.51889624096839,0.010211123062776,1.76541771710257,0.00704777833783385,9.7809041895669,1028.765,14.221,7.089,1
"194","26B.10.4",32,33,2.10314551784073,"No",1028.765,14.221,7.089,"26B.10.4",951.297625062502,951.297625062502,960.816521303471,9.51889624096839,0.00221081758477275,1.20425187368598,0.00480753092395003,2.14890790588106,1028.765,14.221,7.089,1
"195","26B.10.4",32,33,1.39080101163235,"No",1028.765,14.221,7.089,"26B.10.4",951.297625062502,951.297625062502,960.816521303471,9.51889624096839,0.00146200408262448,1.08596605284357,0.00433531846242888,1.43206845824777,1028.765,14.221,7.089,1
"196","26B.10.4",32,33,0.246601968947663,"No",1028.765,14.221,7.089,"26B.10.4",951.297625062502,951.297625062502,960.816521303471,9.51889624096839,0.000259226936398018,0.704691665331788,0.00281322125957166,0.273380730220412,1028.765,14.221,7.089,1
"197","26B.10.4",32,33,1.51205532585618,"No",1028.765,14.221,7.089,"26B.10.4",951.297625062502,951.297625062502,960.816521303471,9.51889624096839,0.00158946609979904,1.1088988180115,0.00442686905921481,1.5541942331032,1028.765,14.221,7.089,1
"198","26B.10.4",32,33,4.20224848832325,"No",1028.765,14.221,7.089,"26B.10.4",951.297625062502,951.297625062502,960.816521303471,9.51889624096839,0.00441738566103028,1.43176068348406,0.00571577583722348,4.25665636545442,1028.765,14.221,7.089,1
"199","26B.10.4",32,33,2.06178453156237,"No",1028.765,14.221,7.089,"26B.10.4",951.297625062502,951.297625062502,960.816521303471,9.51889624096839,0.00216733909267029,1.1982869213554,0.00478371805438694,2.10732024736812,1028.765,14.221,7.089,1
"200","26B.10.4",32,33,1.86382772885043,"No",1028.765,14.221,7.089,"26B.10.4",951.297625062502,951.297625062502,960.816521303471,9.51889624096839,0.00195924774723154,1.16842661812659,0.00466451181995392,1.90822873287934,1028.765,14.221,7.089,1
"201","26B.10.4",32,33,5.62422190960078,"No",1028.765,14.221,7.089,"26B.10.4",951.297625062502,951.297625062502,960.816521303471,9.51889624096839,0.00591215804752089,1.53998188417725,0.00614780901925793,5.68274226576439,1028.765,14.221,7.089,1
"202","26B.10.4",32,33,3.29732741951788,"No",1028.765,14.221,7.089,"26B.10.4",951.297625062502,951.297625062502,960.816521303471,9.51889624096839,0.00346613649887042,1.34753644102646,0.00537954164983392,3.34853471830662,1028.765,14.221,7.089,1
"203","26B.10.4",32,33,2.46540205501531,"No",1028.765,14.221,7.089,"26B.10.4",951.297625062502,951.297625062502,960.816521303471,9.51889624096839,0.00259162010927267,1.25306020685018,0.00500238017115538,2.51301919282242,1028.765,14.221,7.089,1
"204","26B.10.4",32,33,2.37059747149462,"No",1028.765,14.221,7.089,"26B.10.4",951.297625062502,951.297625062502,960.816521303471,9.51889624096839,0.00249196193603328,1.24083619762082,0.00495358032814171,2.4177500886595,1028.765,14.221,7.089,1
"205","26B.10.4",32,33,1.94049933850024,"No",1028.765,14.221,7.089,"26B.10.4",951.297625062502,951.297625062502,960.816521303471,9.51889624096839,0.00203984461579282,1.18026186427441,0.00471175966991912,1.98535008991058,1028.765,14.221,7.089,1
"206","26B.10.4",32,33,1.24826311529613,"No",1028.765,14.221,7.089,"26B.10.4",951.297625062502,951.297625062502,960.816521303471,9.51889624096839,0.00131216885484616,1.05700376549987,0.00421969722481604,1.28842997534746,1028.765,14.221,7.089,1
"207","26B.10.4",32,33,1.22101086577401,"Yes",1028.765,14.221,7.089,"26B.10.4",951.297625062502,951.297625062502,960.816521303471,9.51889624096839,0.00128352140655642,1.05118676000229,0.00419647497835293,1.26095667567077,1028.765,14.221,7.089,1
"208","26B.10.4",32,33,25.269480501017,"Yes",1028.765,14.221,7.089,"26B.10.4",951.297625062502,951.297625062502,960.816521303471,9.51889624096839,0.026563169964139,2.2420695393177,0.00895063472969683,25.3546806642998,1028.765,14.221,7.089,1
"209","26B.10.4",32,33,1.78036705642028,"No",1028.765,14.221,7.089,"26B.10.4",951.297625062502,951.297625062502,960.816521303471,9.51889624096839,0.00187151424487506,1.15512075538927,0.00461139307629466,1.82426242863985,1028.765,14.221,7.089,1
"210","26B.10.4",32,33,7.51498822636714,"No",1028.765,14.221,7.089,"26B.10.4",951.297625062502,951.297625062502,960.816521303471,9.51889624096839,0.00789972352330154,1.65570162920697,0.00660977737064544,7.57790601133421,1028.765,14.221,7.089,1
"211","26B.10.4",32,33,1.21803354720426,"No",1028.765,14.221,7.089,"26B.10.4",951.297625062502,951.297625062502,960.816521303471,9.51889624096839,0.00128039166199351,1.05054536854428,0.00419391445979687,1.25795498379056,1028.765,14.221,7.089,1
"212","26B.10.4",32,33,3.57905368824623,"No",1028.765,14.221,7.089,"26B.10.4",951.297625062502,951.297625062502,960.816521303471,9.51889624096839,0.00376228594916452,1.37544127670483,0.00549094140214727,3.63132138971851,1028.765,14.221,7.089,1
"213","26B.10.4",32,33,2.55114090562803,"No",1028.765,14.221,7.089,"26B.10.4",951.297625062502,951.297625062502,960.816521303471,9.51889624096839,0.00268174842280345,1.26381530839262,0.00504531594263751,2.5991667445889,1028.765,14.221,7.089,1
"214","26B.10.4",32,33,0.825020494863486,"No",1028.765,14.221,7.089,"26B.10.4",951.297625062502,951.297625062502,960.816521303471,9.51889624096839,0.000867258020127277,0.953051094228539,0.00380470457030226,0.861237082895732,1028.765,14.221,7.089,1
"215","26B.10.4",32,33,1.42399292037048,"No",1028.765,14.221,7.089,"26B.10.4",951.297625062502,951.297625062502,960.816521303471,9.51889624096839,0.00149689527531084,1.09238809259297,0.0043609560847276,1.46550440885243,1028.765,14.221,7.089,1
"216","26B.10.4",32,33,2.03850102418681,"No",1028.765,14.221,7.089,"26B.10.4",951.297625062502,951.297625062502,960.816521303471,9.51889624096839,0.00214286356917256,1.19488946885636,0.004770154979827,2.08390763449312,1028.765,14.221,7.089,1
"217","26B.10.4",32,33,1.35919510343627,"No",1028.765,14.221,7.089,"26B.10.4",951.297625062502,951.297625062502,960.816521303471,9.51889624096839,0.00142878008693332,1.07974313211021,0.00431047574927507,1.40022607484283,1028.765,14.221,7.089,1
"218","26B.10.4",32,33,1.54389355304022,"No",1028.765,14.221,7.089,"26B.10.4",951.297625062502,951.297625062502,960.816521303471,9.51889624096839,0.00162293430821798,1.1146905990056,0.00444999060616217,1.58625255189356,1028.765,14.221,7.089,1
"219","26B.10.4",32,33,1.26105019281462,"No",1028.765,14.221,7.089,"26B.10.4",951.297625062502,951.297625062502,960.816521303471,9.51889624096839,0.00132561057611362,1.05970038768409,0.0042304624931325,1.30131952633806,1028.765,14.221,7.089,1
"220","26B.10.4",32,33,0.0667251890446758,"No",1028.765,14.221,7.089,"26B.10.4",951.297625062502,951.297625062502,960.816521303471,9.51889624096839,7.01412337072657e-05,0.508244225727076,0.00202897739708154,0.0860388143627651,1028.765,14.221,7.089,1
"221","26B.10.4",32,33,27.0217858178877,"No",1028.765,14.221,7.089,"26B.10.4",951.297625062502,951.297625062502,960.816521303471,9.51889624096839,0.0284051858282652,2.27996674127184,0.00910192531458756,27.1084261005503,1028.765,14.221,7.089,1
"222","26B.10.4",32,33,1.30413591648077,"No",1028.765,14.221,7.089,"26B.10.4",951.297625062502,951.297625062502,960.816521303471,9.51889624096839,0.0013709021047909,1.06863824757133,0.00426614359834044,1.34474489474244,1028.765,14.221,7.089,1
"223","26B.10.4",32,33,4.84290262365814,"No",1028.765,14.221,7.089,"26B.10.4",951.297625062502,951.297625062502,960.816521303471,9.51889624096839,0.00509083855154159,1.4834620279328,0.00592217436370976,4.89927518694722,1028.765,14.221,7.089,1
"224","26B.10.4",32,33,6.05480796999919,"No",1028.765,14.221,7.089,"26B.10.4",951.297625062502,951.297625062502,960.816521303471,9.51889624096839,0.00636478827496429,1.56864653126039,0.00626224203803706,6.1144176021951,1028.765,14.221,7.089,1
"225","26B.10.4",32,33,3.88812396206357,"No",1028.765,14.221,7.089,"26B.10.4",951.297625062502,951.297625062502,960.816521303471,9.51889624096839,0.00408717930080831,1.40421958413929,0.00560582816790884,3.94148525873859,1028.765,14.221,7.089,1
"226","26B.10.4",32,33,3.61085601523766,"No",1028.765,14.221,7.089,"26B.10.4",951.297625062502,951.297625062502,960.816521303471,9.51889624096839,0.00379571641945434,1.37848658093409,0.00550309865477433,3.66323944033627,1028.765,14.221,7.089,1
"227","26B.10.4",32,33,2.02123087915665,"No",1028.765,14.221,7.089,"26B.10.4",951.297625062502,951.297625062502,960.816521303471,9.51889624096839,0.00212470926648624,1.19235061797547,0.00476001955518047,2.0665410114074,1028.765,14.221,7.089,1
"228","26B.10.4",32,33,1.37294121868309,"No",1028.765,14.221,7.089,"26B.10.4",951.297625062502,951.297625062502,960.816521303471,9.51889624096839,0.00144322994456428,1.0824628140494,0.00432133307514825,1.41407553984809,1028.765,14.221,7.089,1
"229","26B.10.4",32,33,0.234637798688356,"No",1028.765,14.221,7.089,"26B.10.4",951.297625062502,951.297625062502,960.816521303471,9.51889624096839,0.000246650251726361,0.695984381687888,0.00277846064487274,0.261085677276513,1028.765,14.221,7.089,1
"230","26B.10.4",32,33,1.46485412573086,"No",1028.765,14.221,7.089,"26B.10.4",951.297625062502,951.297625062502,960.816521303471,9.51889624096839,0.00153984839984712,1.10014161910443,0.00439190917625939,1.50666025347943,1028.765,14.221,7.089,1
"231","26B.10.4",32,33,32.7024640063951,"No",1028.765,14.221,7.089,"26B.10.4",951.297625062502,951.297625062502,960.816521303471,9.51889624096839,0.0343766904750198,2.39136087278843,0.00954662525129882,32.7933373416136,1028.765,14.221,7.089,1
"232","26B.10.4",32,33,2.6785193719359,"No",1028.765,14.221,7.089,"26B.10.4",951.297625062502,951.297625062502,960.816521303471,9.51889624096839,0.00281564812248944,1.27930382361964,0.00510714812039616,2.72713378498121,1028.765,14.221,7.089,1
"233","26B.10.4",32,33,9.85342782277787,"No",1028.765,14.221,7.089,"26B.10.4",951.297625062502,951.297625062502,960.816521303471,9.51889624096839,0.0103578812384089,1.77172712779629,0.00707296633021711,9.92075465539107,1028.765,14.221,7.089,1
"234","26B.10.4",32,33,1.47427888799924,"Yes",1028.765,14.221,7.089,"26B.10.4",951.297625062502,951.297625062502,960.816521303471,9.51889624096839,0.00154975566968579,1.10190692290352,0.00439895649982159,1.51615209848958,1028.765,14.221,7.089,1
"235","26B.10.4",32,33,5.55283941141399,"Yes",1028.765,14.221,7.089,"26B.10.4",951.297625062502,951.297625062502,960.816521303471,9.51889624096839,0.00583712107033712,1.53507210004318,0.00612820851908832,5.61117319245021,1028.765,14.221,7.089,1
"236","26B.10.4",32,33,9.57625330139083,"No",1028.765,14.221,7.089,"26B.10.4",951.297625062502,951.297625062502,960.816521303471,9.51889624096839,0.0100665165654772,1.75913393385256,0.00702269265355638,9.64310158409224,1028.765,14.221,7.089,1
"237","26B.10.4",32,33,7.61706374040067,"No",1028.765,14.221,7.089,"26B.10.4",951.297625062502,951.297625062502,960.816521303471,9.51889624096839,0.00800702486763826,1.66129553355568,0.00663210896815395,7.68019409752733,1028.765,14.221,7.089,1
"238","26B.10.4",32,33,6.07660896629885,"No",1028.765,14.221,7.089,"26B.10.4",951.297625062502,951.297625062502,960.816521303471,9.51889624096839,0.00638770538915159,1.57005664942391,0.00626787141410506,6.13627218394145,1028.765,14.221,7.089,1
"239","26B.10.4",32,33,3.54249170681006,"No",1028.765,14.221,7.089,"26B.10.4",951.297625062502,951.297625062502,960.816521303471,9.51889624096839,0.00372385215045324,1.37191501900009,0.00547686412036612,3.59462540809771,1028.765,14.221,7.089,1
"240","26B.10.4",32,33,2.07260056650129,"No",1028.765,14.221,7.089,"26B.10.4",951.297625062502,951.297625062502,960.816521303471,9.51889624096839,0.00217870886239741,1.19985537989155,0.00478997954592395,2.1181958847953,1028.765,14.221,7.089,1
"241","26B.10.4",32,33,0.952097620009794,"No",1028.765,14.221,7.089,"26B.10.4",951.297625062502,951.297625062502,960.816521303471,9.51889624096839,0.00100084095127142,0.987803066156134,0.00394343898571885,0.989634806547442,1028.765,14.221,7.089,1
"242","26B.10.4",32,33,2.04543621822667,"No",1028.765,14.221,7.089,"26B.10.4",951.297625062502,951.297625062502,960.816521303471,9.51889624096839,0.00215015381552359,1.19590445964597,0.00477420695575927,2.09088139887145,1028.765,14.221,7.089,1
"243","26B.10.4",32,33,1.409889885391,"No",1028.765,14.221,7.089,"26B.10.4",951.297625062502,951.297625062502,960.816521303471,9.51889624096839,0.00148207022518149,1.08967327267569,0.00435011816868156,1.45129820887463,1028.765,14.221,7.089,1
"244","26B.10.4",32,33,1.11246842392205,"No",1028.765,14.221,7.089,"26B.10.4",951.297625062502,951.297625062502,960.816521303471,9.51889624096839,0.00116942205532045,1.02700349896373,0.0040999322385613,1.15149525349592,1028.765,14.221,7.089,1
"245","26B.10.4",32,33,30.3293898994511,"No",1028.765,14.221,7.089,"26B.10.4",951.297625062502,951.297625062502,960.816521303471,9.51889624096839,0.031882125110381,2.34674509362142,0.00936851322778581,30.4185678047985,1028.765,14.221,7.089,1
"246","26B.10.4",32,33,7.44008724271226,"No",1028.765,14.221,7.089,"26B.10.4",951.297625062502,951.297625062502,960.816521303471,9.51889624096839,0.00782098792922292,1.65156057464308,0.00659324573942383,7.50284766479704,1028.765,14.221,7.089,1
"247","26B.10.4",32,33,1.26954420035313,"No",1028.765,14.221,7.089,"26B.10.4",951.297625062502,951.297625062502,960.816521303471,9.51889624096839,0.00133453944055597,1.06148034386821,0.00423756831093145,1.3098811734189,1028.765,14.221,7.089,1
"248","26B.10.4",32,33,5.22211028706552,"No",1028.765,14.221,7.089,"26B.10.4",951.297625062502,951.297625062502,960.816521303471,9.51889624096839,0.00548946002753073,1.511685717625,0.00603484702293338,5.27955536970694,1028.765,14.221,7.089,1
"249","26B.10.4",32,33,4.82264861434403,"No",1028.765,14.221,7.089,"26B.10.4",951.297625062502,951.297625062502,960.816521303471,9.51889624096839,0.00506954762346555,1.4819085540459,0.00591597269285169,4.87896214457169,1028.765,14.221,7.089,1
"250","26B.10.4",32,33,2.79930288374093,"No",1028.765,14.221,7.089,"26B.10.4",951.297625062502,951.297625062502,960.816521303471,9.51889624096839,0.00294261523417238,1.29348820511708,0.00516377402580357,2.84845631290436,1028.765,14.221,7.089,1
"251","26B.10.4",32,33,1.46661644690418,"No",1028.765,14.221,7.089,"26B.10.4",951.297625062502,951.297625062502,960.816521303471,9.51889624096839,0.00154170094433677,1.1004723566085,0.00439322952361632,1.50843514290225,1028.765,14.221,7.089,1
"252","26B.10.4",32,33,0.837107809890361,"No",1028.765,14.221,7.089,"26B.10.4",951.297625062502,951.297625062502,960.816521303471,9.51889624096839,0.000879964154052588,0.956522848366746,0.00381856426672,0.873456326934738,1028.765,14.221,7.089,1
"253","26B.10.4",32,33,2.03402340130883,"No",1028.765,14.221,7.089,"26B.10.4",951.297625062502,951.297625062502,960.816521303471,9.51889624096839,0.00213815671112938,1.19423277589735,0.00476753337567841,2.07940505683727,1028.765,14.221,7.089,1
"254","26B.10.4",32,33,1.65355379524654,"No",1028.765,14.221,7.089,"26B.10.4",951.297625062502,951.297625062502,960.816521303471,9.51889624096839,0.00173820868641178,1.13397787753599,0.00452698794367918,1.69664572376653,1028.765,14.221,7.089,1
"255","26B.10.4",32,33,1.61035729689976,"No",1028.765,14.221,7.089,"26B.10.4",951.297625062502,951.297625062502,960.816521303471,9.51889624096839,0.00169280071186339,1.12649835372131,0.00449712870673611,1.65316499844146,1028.765,14.221,7.089,1
"256","26B.10.4",32,33,1.20868178506016,"No",1028.765,14.221,7.089,"26B.10.4",951.297625062502,951.297625062502,960.816521303471,9.51889624096839,0.00127056112957366,1.04852307943504,0.00418584121727819,1.2485263732886,1028.765,14.221,7.089,1
"257","26B.10.4",32,33,1.53487922957264,"No",1028.765,14.221,7.089,"26B.10.4",951.297625062502,951.297625062502,960.816521303471,9.51889624096839,0.00161345848989352,1.11305993971563,0.0044434808010838,1.57717626226689,1028.765,14.221,7.089,1
"258","26B.10.4",32,33,28.9741970438421,"No",1028.765,14.221,7.089,"26B.10.4",951.297625062502,951.297625062502,960.816521303471,9.51889624096839,0.0304575521692682,2.32007942313508,0.00926206038492782,29.0623616356238,1028.765,14.221,7.089,1
"259","26B.10.4",32,33,1.51217357940585,"No",1028.765,14.221,7.089,"26B.10.4",951.297625062502,951.297625062502,960.816521303471,9.51889624096839,0.00158959040742533,1.10892049833193,0.00442695560988844,1.55431331051975,1028.765,14.221,7.089,1
"260","26B.10.4",32,33,15.7531342672582,"No",1028.765,14.221,7.089,"26B.10.4",951.297625062502,951.297625062502,960.816521303471,9.51889624096839,0.0165596274522636,1.99224040404539,0.00795328415896521,15.8288407539423,1028.765,14.221,7.089,1
"261","26B.10.4",32,33,1.95294331780293,"No",1028.765,14.221,7.089,"26B.10.4",951.297625062502,951.297625062502,960.816521303471,9.51889624096839,0.00205292567368138,1.18214951838878,0.00471929543193605,1.99786580135001,1028.765,14.221,7.089,1
"262","26B.10.4",32,33,2.16919326681796,"No",1028.765,14.221,7.089,"26B.10.4",951.297625062502,951.297625062502,960.816521303471,9.51889624096839,0.00228024669637479,1.2135971892383,0.00484483864544382,2.21531078318817,1028.765,14.221,7.089,1
"263","26B.10.4",32,33,13.2959810773304,"No",1028.765,14.221,7.089,"26B.10.4",951.297625062502,951.297625062502,960.816521303471,9.51889624096839,0.0139766785147359,1.90954587829037,0.00762315680064789,13.3685451159444,1028.765,14.221,7.089,1
"264","26B.10.4",32,33,2.17371689580228,"No",1028.765,14.221,7.089,"26B.10.4",951.297625062502,951.297625062502,960.816521303471,9.51889624096839,0.00228500191584044,1.21422940301052,0.0048473625254783,2.21985843672466,1028.765,14.221,7.089,1
"265","26B.10.4",32,33,4.7409384216588,"No",1028.765,14.221,7.089,"26B.10.4",951.297625062502,951.297625062502,960.816521303471,9.51889624096839,0.00498365421793974,1.47559127495168,0.00589075328878489,4.79701189099589,1028.765,14.221,7.089,1
"266","26B.10.4",32,33,2.87028705293677,"No",1028.765,14.221,7.089,"26B.10.4",951.297625062502,951.297625062502,960.816521303471,9.51889624096839,0.00301723348962233,1.30161136806919,0.00519620275433281,2.9197491678023,1028.765,14.221,7.089,1
"267","26B.10.4",32,33,2.32275531540772,"No",1028.765,14.221,7.089,"26B.10.4",951.297625062502,951.297625062502,960.816521303471,9.51889624096839,0.0024416704659124,1.23452777586366,0.00492839628372246,2.36966820826684,1028.765,14.221,7.089,1
"268","26B.10.4",32,33,3.01986578398463,"No",1028.765,14.221,7.089,"26B.10.4",951.297625062502,951.297625062502,960.816521303471,9.51889624096839,0.00317447001277462,1.31824736030464,0.00526261581033057,3.06996007783925,1028.765,14.221,7.089,1
"269","26B.10.4",32,33,1.95678857007032,"No",1028.765,14.221,7.089,"26B.10.4",951.297625062502,951.297625062502,960.816521303471,9.51889624096839,0.00205696778643986,1.18273098824015,0.00472161673560424,2.00173314986615,1028.765,14.221,7.089,1
"270","26B.10.4",32,33,1.0920717882365,"Yes",1028.765,14.221,7.089,"26B.10.4",951.297625062502,951.297625062502,960.816521303471,9.51889624096839,0.00114798119901198,1.02226336453785,0.00408100900220681,1.13091848948696,1028.765,14.221,7.089,1
"271","26B.10.4",32,33,0.834212390352906,"Yes",1028.765,14.221,7.089,"26B.10.4",951.297625062502,951.297625062502,960.816521303471,9.51889624096839,0.000876920501402593,0.955694659201784,0.00381525802729581,0.870529435647256,1028.765,14.221,7.089,1
"272","26B.10.4",32,33,1.52575011133421,"No",1028.765,14.221,7.089,"26B.10.4",951.297625062502,951.297625062502,960.816521303471,9.51889624096839,0.0016038619997963,1.11140117751722,0.00443685880552076,1.56798410993979,1028.765,14.221,7.089,1
"273","26B.10.4",32,33,28.665444567253,"No",1028.765,14.221,7.089,"26B.10.4",951.297625062502,951.297625062502,960.816521303471,9.51889624096839,0.0301329928847132,2.31387380957578,0.0092372867642756,28.7533733415102,1028.765,14.221,7.089,1
"274","26B.10.4",32,33,4.19667618348732,"No",1028.765,14.221,7.089,"26B.10.4",951.297625062502,951.297625062502,960.816521303471,9.51889624096839,0.00441152807798883,1.43128580810928,0.00571388007264203,4.25106601503214,1028.765,14.221,7.089,1
"275","26B.10.4",32,33,3.33230816622275,"No",1028.765,14.221,7.089,"26B.10.4",951.297625062502,951.297625062502,960.816521303471,9.51889624096839,0.00350290811038639,1.35109625237617,0.00539375288215262,3.38365074025739,1028.765,14.221,7.089,1
"276","26B.10.4",32,33,1.94953168696525,"No",1028.765,14.221,7.089,"26B.10.4",951.297625062502,951.297625062502,960.816521303471,9.51889624096839,0.00204933938191758,1.18163290041494,0.00471723302544174,1.99443453867889,1028.765,14.221,7.089,1
"277","26B.10.4",32,33,1.18667493445378,"No",1028.765,14.221,7.089,"26B.10.4",951.297625062502,951.297625062502,960.816521303471,9.51889624096839,0.00124742762221845,1.04371744455604,0.0041666564945513,1.22633690529717,1028.765,14.221,7.089,1
"278","26B.10.4",32,33,9.41405307375467,"No",1028.765,14.221,7.089,"26B.10.4",951.297625062502,951.297625062502,960.816521303471,9.51889624096839,0.00989601237902401,1.75163720303477,0.00699276472400728,9.4806164756,1028.765,14.221,7.089,1
"279","26B.10.4",32,33,1.51378443318499,"No",1028.765,14.221,7.089,"26B.10.4",951.297625062502,951.297625062502,960.816521303471,9.51889624096839,0.0015912837300372,1.10921570181643,0.00442813410079354,1.55593538223153,1028.765,14.221,7.089,1
"280","26B.10.4",32,33,4.3776592103522,"No",1028.765,14.221,7.089,"26B.10.4",951.297625062502,951.297625062502,960.816521303471,9.51889624096839,0.00460177666276059,1.446473519505,0.00577451140217899,4.43262618523183,1028.765,14.221,7.089,1
"281","26B.10.4",32,33,2.69493312116774,"No",1028.765,14.221,7.089,"26B.10.4",951.297625062502,951.297625062502,960.816521303471,9.51889624096839,0.00283290218557066,1.28125920342525,0.00511495425222702,2.74362183997199,1028.765,14.221,7.089,1
"282","26B.10.4",32,33,2.20041098329889,"No",1028.765,14.221,7.089,"26B.10.4",951.297625062502,951.297625062502,960.816521303471,9.51889624096839,0.00231306262659314,1.21794016002069,0.00486217635260822,2.24669353550465,1028.765,14.221,7.089,1
"283","26B.10.4",32,33,11.3373062510336,"No",1028.765,14.221,7.089,"26B.10.4",951.297625062502,951.297625062502,960.816521303471,9.51889624096839,0.0119177279038079,1.83496366738486,0.00732541486381593,11.4070361150443,1028.765,14.221,7.089,1
"284","26B.10.4",32,33,2.44420446953928,"No",1028.765,14.221,7.089,"26B.10.4",951.297625062502,951.297625062502,960.816521303471,9.51889624096839,0.0025693372979657,1.25035801825917,0.00499159268101523,2.49171892234704,1028.765,14.221,7.089,1
"285","26B.10.4",32,33,1.27484302717023,"No",1028.765,14.221,7.089,"26B.10.4",951.297625062502,951.297625062502,960.816521303471,9.51889624096839,0.00134010954467218,1.06258621682513,0.00424198310035759,1.31522202415848,1028.765,14.221,7.089,1
"286","26B.10.4",32,33,1.52966663542182,"No",1028.765,14.221,7.089,"26B.10.4",951.297625062502,951.297625062502,960.816521303471,9.51889624096839,0.00160797903318776,1.11211371976985,0.00443970336735122,1.57192771111631,1028.765,14.221,7.089,1
"287","26B.10.4",32,33,11.3911452582652,"No",1028.765,14.221,7.089,"26B.10.4",951.297625062502,951.297625062502,960.816521303471,9.51889624096839,0.0119743232382366,1.83713828396735,0.00733409621752313,11.4609577591811,1028.765,14.221,7.089,1
"288","26B.10.4",32,33,2.83348065439502,"No",1028.765,14.221,7.089,"26B.10.4",951.297625062502,951.297625062502,960.816521303471,9.51889624096839,0.00297854276069369,1.29741843033298,0.00517946399870411,2.88278343478252,1028.765,14.221,7.089,1
"289","26B.10.4",32,33,7.37219473864705,"No",1028.765,14.221,7.089,"26B.10.4",951.297625062502,951.297625062502,960.816521303471,9.51889624096839,0.00774961961895226,1.64777989525184,0.00657815277300702,7.43481149235055,1028.765,14.221,7.089,1
"290","26B.10.4",32,33,3.85488454664117,"No",1028.765,14.221,7.089,"26B.10.4",951.297625062502,951.297625062502,960.816521303471,9.51889624096839,0.00405223816929838,1.40120876040384,0.00559380856592109,3.90813142997202,1028.765,14.221,7.089,1
"291","26B.10.4",32,33,1.81628565977236,"No",1028.765,14.221,7.089,"26B.10.4",951.297625062502,951.297625062502,960.816521303471,9.51889624096839,0.00190927172729253,1.16090328070741,0.00463447767337353,1.86040077187629,1028.765,14.221,7.089,1
"292","26B.10.4",32,33,9.53815978975834,"No",1028.765,14.221,7.089,"26B.10.4",951.297625062502,951.297625062502,960.816521303471,9.51889624096839,0.0100264728287655,1.75738189728279,0.00701569829450814,9.6049414938817,1028.765,14.221,7.089,1
"293","26B.10.4",32,33,2.35786182835645,"No",1028.765,14.221,7.089,"26B.10.4",951.297625062502,951.297625062502,960.816521303471,9.51889624096839,0.00247857428236671,1.23916628274099,0.00494691380961633,2.4049509876232,1028.765,14.221,7.089,1
"294","26B.10.4",32,33,1.5229651903694,"No",1028.765,14.221,7.089,"26B.10.4",951.297625062502,951.297625062502,960.816521303471,9.51889624096839,0.00160093450277386,1.11089367546083,0.00443483279096069,1.56517990355259,1028.765,14.221,7.089,1
"295","26B.10.4",32,33,1.33380854109596,"No",1028.765,14.221,7.089,"26B.10.4",951.297625062502,951.297625062502,960.816521303471,9.51889624096839,0.00140209384103984,1.07466566477453,0.00429020583584167,1.37464656529974,1028.765,14.221,7.089,1
"296","26B.10.4",32,33,1.40477123725633,"No",1028.765,14.221,7.089,"26B.10.4",951.297625062502,951.297625062502,960.816521303471,9.51889624096839,0.00147668952412662,1.08868290031829,0.00434616447274929,1.44614192591861,1028.765,14.221,7.089,1
"297","26B.10.4",32,33,1.14007586056999,"No",1028.765,14.221,7.089,"26B.10.4",951.297625062502,951.297625062502,960.816521303471,9.51889624096839,0.00119844287479965,1.03331667439314,0.00412513526026168,1.17934259509238,1028.765,14.221,7.089,1
"298","26B.10.4",32,33,1.2228950770199,"No",1028.765,14.221,7.089,"26B.10.4",951.297625062502,951.297625062502,960.816521303471,9.51889624096839,0.0012855020813697,1.05159206204059,0.00419809299707911,1.26285628866903,1028.765,14.221,7.089,1
"299","26B.10.4",32,33,29.8993526472472,"No",1028.765,14.221,7.089,"26B.10.4",951.297625062502,951.297625062502,960.816521303471,9.51889624096839,0.0314300717877675,2.33838193026441,0.00933512638626256,29.9882127467143,1028.765,14.221,7.089,1
"300","26B.10.4",32,33,2.47520241080403,"No",1028.765,14.221,7.089,"26B.10.4",951.297625062502,951.297625062502,960.816521303471,9.51889624096839,0.00260192220141557,1.25430363202713,0.00500734408702748,2.52286679961127,1028.765,14.221,7.089,1
"301","26B.10.4",32,33,1.12640407605847,"No",1028.765,14.221,7.089,"26B.10.4",951.297625062502,951.297625062502,960.816521303471,9.51889624096839,0.00118407115332014,1.03020476274861,0.00411271210212457,1.16555255582757,1028.765,14.221,7.089,1
"302","26B.10.4",32,33,8.14342157467235,"No",1028.765,14.221,7.089,"26B.10.4",951.297625062502,951.297625062502,960.816521303471,9.51889624096839,0.00856032997468832,1.68928034712695,0.0067438280026721,8.20761537369673,1028.765,14.221,7.089,1
"303","26B.10.4",32,33,6.03500192311725,"No",1028.765,14.221,7.089,"26B.10.4",951.297625062502,951.297625062502,960.816521303471,9.51889624096839,0.00634396824308348,1.5673621440887,0.00625711459652657,6.09456274772943,1028.765,14.221,7.089,1
"304","26B.10.4",32,33,5.81017789501218,"No",1028.765,14.221,7.089,"26B.10.4",951.297625062502,951.297625062502,960.816521303471,9.51889624096839,0.00610763418507477,1.55255629849609,0.00619800772520088,5.86917608744908,1028.765,14.221,7.089,1
"305","26B.10.4",32,33,2.30389226236412,"No",1028.765,14.221,7.089,"26B.10.4",951.297625062502,951.297625062502,960.816521303471,9.51889624096839,0.00242184170512645,1.23201371228815,0.00491835981323971,2.35070961910209,1028.765,14.221,7.089,1
"306","26B.10.4",32,33,1.66976058040007,"No",1028.765,14.221,7.089,"26B.10.4",951.297625062502,951.297625062502,960.816521303471,9.51889624096839,0.00175524518973793,1.13674630449686,0.00453803986605181,1.7129577110224,1028.765,14.221,7.089,1
"307","26B.10.4",32,33,24.0493082343419,"No",1028.765,14.221,7.089,"26B.10.4",951.297625062502,951.297625062502,960.816521303471,9.51889624096839,0.0252805300893732,2.21449980898211,0.00884057276172361,24.1334607291714,1028.765,14.221,7.089,1
"308","26B.10.4",32,33,1.23961648351211,"No",1028.765,14.221,7.089,"26B.10.4",951.297625062502,951.297625062502,960.816521303471,9.51889624096839,0.00130307955244886,1.05516854353331,0.00421237077878815,1.27971360388388,1028.765,14.221,7.089,1
"309","26B.10.4",32,33,1.51054002312723,"No",1028.765,14.221,7.089,"26B.10.4",951.297625062502,951.297625062502,960.816521303471,9.51889624096839,0.00158787322004298,1.10862089345113,0.00442575954803388,1.55266836905244,1028.765,14.221,7.089,1
"310","26B.10.4",32,33,11.7108780767501,"No",1028.765,14.221,7.089,"26B.10.4",951.297625062502,951.297625062502,960.816521303471,9.51889624096839,0.0123104250112898,1.84989621959563,0.00738502756452699,11.7811753878735,1028.765,14.221,7.089,1
"311","26B.10.4",32,33,1.34699317112565,"Yes",1028.765,14.221,7.089,"26B.10.4",951.297625062502,951.297625062502,960.816521303471,9.51889624096839,0.00141595346780893,1.07731163060756,0.00430076887738139,1.38793174382583,1028.765,14.221,7.089,1
"312","26B.10.4",32,33,7.84234241811355,"Yes",1028.765,14.221,7.089,"26B.10.4",951.297625062502,951.297625062502,960.816521303471,9.51889624096839,0.00824383685137266,1.67344502679641,0.00668061133359879,7.90593446422431,1028.765,14.221,7.089,1
"313","26B.10.4",32,33,4.0539410069475,"No",1028.765,14.221,7.089,"26B.10.4",951.297625062502,951.297625062502,960.816521303471,9.51889624096839,0.00426148547010316,1.41895739637025,0.00566466344116015,4.10786235048391,1028.765,14.221,7.089,1
"314","26B.10.4",32,33,2.53927489770742,"No",1028.765,14.221,7.089,"26B.10.4",951.297625062502,951.297625062502,960.816521303471,9.51889624096839,0.00266927492596293,1.26234315619486,0.00503943891859448,2.58724479388622,1028.765,14.221,7.089,1
"315","26B.10.4",32,33,2.44574519355391,"No",1028.765,14.221,7.089,"26B.10.4",951.297625062502,951.297625062502,960.816521303471,9.51889624096839,0.00257095690046868,1.25055501501547,0.00499237911782179,2.49326713237203,1028.765,14.221,7.089,1
"316","26B.10.4",32,33,1.94864478976606,"No",1028.765,14.221,7.089,"26B.10.4",951.297625062502,951.297625062502,960.816521303471,9.51889624096839,0.00204840707937017,1.18149848791104,0.00471669643315304,1.99354253371339,1028.765,14.221,7.089,1
"317","26B.10.4",32,33,1.18604991983607,"No",1028.765,14.221,7.089,"26B.10.4",951.297625062502,951.297625062502,960.816521303471,9.51889624096839,0.00124677060952207,1.04357998746399,0.00416610774786867,1.22570666721673,1028.765,14.221,7.089,1
"318","26B.10.4",32,33,1.37759201050169,"No",1028.765,14.221,7.089,"26B.10.4",951.297625062502,951.297625062502,960.816521303471,9.51889624096839,0.00144811883705814,1.0833783533778,0.00432498802784503,1.41876112278217,1028.765,14.221,7.089,1
"319","26B.10.4",32,33,30.1419897384501,"No",1028.765,14.221,7.089,"26B.10.4",951.297625062502,951.297625062502,960.816521303471,9.51889624096839,0.0316851308616162,2.34311162871711,0.00935400796084768,30.2310295696666,1028.765,14.221,7.089,1
"320","26B.10.4",32,33,1.01328651984921,"Yes",1028.765,14.221,7.089,"26B.10.4",951.297625062502,951.297625062502,960.816521303471,9.51889624096839,0.00106516246141436,1.0033052072328,0.00400532555965076,1.05141279826282,1028.765,14.221,7.089,1
"321","26B.10.4",32,33,1.55415209964937,"Yes",1028.765,14.221,7.089,"26B.10.4",951.297625062502,951.297625062502,960.816521303471,9.51889624096839,0.00163371804859416,1.11653766972258,0.00445736435395083,1.59658128844282,1028.765,14.221,7.089,1
"322","26B.10.4",32,33,1.89395084031531,"No",1028.765,14.221,7.089,"26B.10.4",951.297625062502,951.297625062502,960.816521303471,9.51889624096839,0.00199091303333263,1.173119288511,0.00468324557364942,1.93853016900186,1028.765,14.221,7.089,1
"323","26B.10.4",32,33,1.51339317443086,"No",1028.765,14.221,7.089,"26B.10.4",951.297625062502,951.297625062502,960.816521303471,9.51889624096839,0.00159087244050612,1.10914402179144,0.00442784794476234,1.55554139958784,1028.765,14.221,7.089,1
"324","26B.10.4",32,33,9.52620644971366,"No",1028.765,14.221,7.089,"26B.10.4",951.297625062502,951.297625062502,960.816521303471,9.51889624096839,0.0100139075287692,1.75683104514688,0.00701349922076305,9.59296722108222,1028.765,14.221,7.089,1
"325","26B.10.4",32,33,1.63960335839401,"No",1028.765,14.221,7.089,"26B.10.4",951.297625062502,951.297625062502,960.816521303471,9.51889624096839,0.00172354404678166,1.13157853266689,0.00451740944527078,1.68260411018151,1028.765,14.221,7.089,1
"326","26B.10.4",32,33,0.980776124449207,"No",1028.765,14.221,7.089,"26B.10.4",951.297625062502,951.297625062502,960.816521303471,9.51889624096839,0.00103098767263796,0.995158991379098,0.00397280480092445,1.01859284113483,1028.765,14.221,7.089,1
"327","26B.10.4",32,33,1.58035260220104,"No",1028.765,14.221,7.089,"26B.10.4",951.297625062502,951.297625062502,960.816521303471,9.51889624096839,0.00166125990496108,1.12121396655503,0.00447603274228623,1.62295949344604,1028.765,14.221,7.089,1
"328","26B.10.4",32,33,1.17838682295763,"No",1028.765,14.221,7.089,"26B.10.4",951.297625062502,951.297625062502,960.816521303471,9.51889624096839,0.00123871519481635,1.04189023906091,0.00415936205132545,1.21797935875282,1028.765,14.221,7.089,1
"329","26B.10.4",32,33,1.46710589968693,"No",1028.765,14.221,7.089,"26B.10.4",951.297625062502,951.297625062502,960.816521303471,9.51889624096839,0.0015422154550113,1.10056416006927,0.00439359601503411,1.50892808427878,1028.765,14.221,7.089,1
"330","26B.10.4",32,33,6.26415425285763,"No",1028.765,14.221,7.089,"26B.10.4",951.297625062502,951.297625062502,960.816521303471,9.51889624096839,0.0065848521932829,1.58203326439137,0.00631568362688084,6.32427258999269,1028.765,14.221,7.089,1
"331","26B.10.4",32,33,8.52997841967238,"No",1028.765,14.221,7.089,"26B.10.4",951.297625062502,951.297625062502,960.816521303471,9.51889624096839,0.00896667687897564,1.70898001124003,0.0068224716373506,8.59492081929527,1028.765,14.221,7.089,1
"332","26B.10.4",32,33,1.26052484126296,"Yes",1028.765,14.221,7.089,"26B.10.4",951.297625062502,951.297625062502,960.816521303471,9.51889624096839,0.00132505832880655,1.05959000305392,0.00423002182325716,1.30078998009558,1028.765,14.221,7.089,1
"333","26B.10.4",32,33,33.9713389396242,"Yes",1028.765,14.221,7.089,"26B.10.4",951.297625062502,951.297625062502,960.816521303471,9.51889624096839,0.0357105263848337,2.41422735280654,0.0096379112291005,34.0630812165936,1028.765,14.221,7.089,1
"334","26B.10.4",32,33,1.26107153520856,"No",1028.765,14.221,7.089,"26B.10.4",951.297625062502,951.297625062502,960.816521303471,9.51889624096839,0.00132563301114696,1.0597048713279,0.00423048039242481,1.3013410391135,1028.765,14.221,7.089,1
"335","26B.10.4",32,33,1.32834435488783,"No",1028.765,14.221,7.089,"26B.10.4",951.297625062502,951.297625062502,960.816521303471,9.51889624096839,0.00139634991183811,1.07356332963866,0.00428580516985969,1.36914048960873,1028.765,14.221,7.089,1
"336","26B.10.4",32,33,11.7962681146358,"No",1028.765,14.221,7.089,"26B.10.4",951.297625062502,951.297625062502,960.816521303471,9.51889624096839,0.012400186654372,1.85325917442569,0.00739845291988214,11.8666932203239,1028.765,14.221,7.089,1
"337","26B.10.4",32,33,7.76408328044565,"No",1028.765,14.221,7.089,"26B.10.4",951.297625062502,951.297625062502,960.816521303471,9.51889624096839,0.00816157118013989,1.66925446387799,0.00666388205855318,7.82751608232306,1028.765,14.221,7.089,1
"338","26B.10.4",32,33,3.88440859421919,"No",1028.765,14.221,7.089,"26B.10.4",951.297625062502,951.297625062502,960.816521303471,9.51889624096839,0.00408327372200049,1.4038840069495,0.00560448849989377,3.93775713873338,1028.765,14.221,7.089,1
"339","26B.10.4",32,33,2.82530208567637,"No",1028.765,14.221,7.089,"26B.10.4",951.297625062502,951.297625062502,960.816521303471,9.51889624096839,0.00296994548419138,1.29648119695729,0.00517572244053421,2.87456925055986,1028.765,14.221,7.089,1
"340","26B.10.4",32,33,1.346735961519,"No",1028.765,14.221,7.089,"26B.10.4",951.297625062502,951.297625062502,960.816521303471,9.51889624096839,0.00141568309016909,1.07726019850851,0.00430056355371774,1.38767257976453,1028.765,14.221,7.089,1
"341","26B.10.4",32,33,1.52940297710091,"No",1028.765,14.221,7.089,"26B.10.4",951.297625062502,951.297625062502,960.816521303471,9.51889624096839,0.00160770187668704,1.11206579478678,0.00443951204455308,1.57166223161354,1028.765,14.221,7.089,1
"342","26B.10.4",32,33,1.37391131250248,"No",1028.765,14.221,7.089,"26B.10.4",951.297625062502,951.297625062502,960.816521303471,9.51889624096839,0.00144424970304347,1.08265397524877,0.0043220962156486,1.41505289792272,1028.765,14.221,7.089,1
"343","26B.10.4",32,33,1.53151919756407,"No",1028.765,14.221,7.089,"26B.10.4",951.297625062502,951.297625062502,960.816521303471,9.51889624096839,0.00160992643859848,1.11245028407475,0.00444104697605889,1.57379306293044,1028.765,14.221,7.089,1
"344","26B.10.4",32,33,29.0258430729773,"No",1028.765,14.221,7.089,"26B.10.4",951.297625062502,951.297625062502,960.816521303471,9.51889624096839,0.0305118422544892,2.32111260861997,0.00926618499646244,29.1140469265083,1028.765,14.221,7.089,1
"345","26B.10.4",32,33,6.01685047873887,"No",1028.765,14.221,7.089,"26B.10.4",951.297625062502,951.297625062502,960.816521303471,9.51889624096839,0.00632488752228678,1.56618227572353,0.00625240440775652,6.07636646755288,1028.765,14.221,7.089,1
"346","26B.10.4",32,33,4.71000930944942,"No",1028.765,14.221,7.089,"26B.10.4",951.297625062502,951.297625062502,960.816521303471,9.51889624096839,0.00495114166729888,1.47317873532167,0.00588112211516582,4.76599110064415,1028.765,14.221,7.089,1
"347","26B.10.4",32,33,4.03587194258122,"No",1028.765,14.221,7.089,"26B.10.4",951.297625062502,951.297625062502,960.816521303471,9.51889624096839,0.0042424913468233,1.41737361662602,0.00565834078535741,4.08973310141307,1028.765,14.221,7.089,1
"348","26B.10.4",32,33,4.40220699538104,"No",1028.765,14.221,7.089,"26B.10.4",951.297625062502,951.297625062502,960.816521303471,9.51889624096839,0.0046275811895271,1.44849704945208,0.00578258959828455,4.45725086577121,1028.765,14.221,7.089,1
"349","26B.10.4",32,33,3.46803392317417,"No",1028.765,14.221,7.089,"26B.10.4",951.297625062502,951.297625062502,960.816521303471,9.51889624096839,0.00364558244634145,1.3646486007678,0.00544785562876944,3.5198914956402,1028.765,14.221,7.089,1
"350","26B.10.4",32,33,2.81793589483252,"No",1028.765,14.221,7.089,"26B.10.4",951.297625062502,951.297625062502,960.816521303471,9.51889624096839,0.002962202175841,1.29563531578256,0.00517234557229396,2.86717091565762,1028.765,14.221,7.089,1
"351","26B.10.4",32,33,1.60928410412062,"No",1028.765,14.221,7.089,"26B.10.4",951.297625062502,951.297625062502,960.816521303471,9.51889624096839,0.0016916725761981,1.12631062331054,0.00449637926239243,1.65208467177938,1028.765,14.221,7.089,1
"352","26B.10.4",32,33,27.6311933457916,"No",1028.765,14.221,7.089,"26B.10.4",951.297625062502,951.297625062502,960.816521303471,9.51889624096839,0.0290457924185148,2.29271414533615,0.00915281461821114,27.7183180384551,1028.765,14.221,7.089,1
"353","26B.10.4",32,33,5.41430463292704,"No",1028.765,14.221,7.089,"26B.10.4",951.297625062502,951.297625062502,960.816521303471,9.51889624096839,0.00569149390294264,1.52540677822267,0.00608962329073422,5.47227112517813,1028.765,14.221,7.089,1
"354","26B.10.4",32,33,2.61957654760192,"No",1028.765,14.221,7.089,"26B.10.4",951.297625062502,951.297625062502,960.816521303471,9.51889624096839,0.00275368767732371,1.27220697822939,0.00507881658575494,2.66792127570864,1028.765,14.221,7.089,1
"355","26B.10.4",32,33,2.4042904303761,"No",1028.765,14.221,7.089,"26B.10.4",951.297625062502,951.297625062502,960.816521303471,9.51889624096839,0.0025273798304901,1.24522184795384,0.00497108841765215,2.45160970522841,1028.765,14.221,7.089,1
"356","26B.10.4",32,33,1.70661018576939,"No",1028.765,14.221,7.089,"26B.10.4",951.297625062502,951.297625062502,960.816521303471,9.51889624096839,0.00179398133749915,1.14296671527001,0.0045628725591163,1.75004369622038,1028.765,14.221,7.089,1
"357","26B.10.4",32,33,1.18362909923489,"No",1028.765,14.221,7.089,"26B.10.4",951.297625062502,951.297625062502,960.816521303471,9.51889624096839,0.00124422585324664,1.04304707231177,0.00416398028090752,1.22326559547829,1028.765,14.221,7.089,1
"358","26B.10.4",32,33,1.44409412697423,"Yes",1028.765,14.221,7.089,"26B.10.4",951.297625062502,951.297625062502,960.816521303471,9.51889624096839,0.00151802557783044,1.09622291320696,0.00437626518998405,1.48575134124065,1028.765,14.221,7.089,1
"359","26B.10.4",32,33,1.12355864558835,"Yes",1028.765,14.221,7.089,"26B.10.4",951.297625062502,951.297625062502,960.816521303471,9.51889624096839,0.0011810800489642,1.02955354062941,0.0041101123382838,1.16268237847519,1028.765,14.221,7.089,1
"360","26B.10.4",32,33,25.7001603527849,"Yes",1028.765,14.221,7.089,"26B.10.4",951.297625062502,951.297625062502,960.816521303471,9.51889624096839,0.0270158987846694,2.25156224822268,0.00898853086472467,25.785721245445,1028.765,14.221,7.089,1
"361","26B.11.4",32,33,2.76209703120712,"No",1439.063,16.83,9.348,"26B.11.4",1201.87935345407,1201.87935345407,1222.31781292416,20.4384594700848,0.00229814833183476,1.28916864101388,0.0041128469373733,2.84615728664328,1439.063,16.83,9.348,1
"362","26B.11.4",32,33,1.39093109641457,"Yes",1439.063,16.83,9.348,"26B.11.4",1201.87935345407,1201.87935345407,1222.31781292416,20.4384594700848,0.00115729677227351,1.08599144517174,0.00346464880325933,1.46174318055806,1439.063,16.83,9.348,1
"363","26B.11.4",32,33,8.38763783423692,"Yes",1439.063,16.83,9.348,"26B.11.4",1201.87935345407,1201.87935345407,1222.31781292416,20.4384594700848,0.00697876855121254,1.70180547883544,0.00542928615307367,8.49860407922801,1439.063,16.83,9.348,1
"364","26B.11.4",32,33,1.96086065552019,"No",1439.063,16.83,9.348,"26B.11.4",1201.87935345407,1201.87935345407,1222.31781292416,20.4384594700848,0.00163149541581265,1.18334582571446,0.00377523940647171,2.03802073311923,1439.063,16.83,9.348,1
"365","26B.11.4",32,33,5.90542050168457,"No",1439.063,16.83,9.348,"26B.11.4",1201.87935345407,1201.87935345407,1222.31781292416,20.4384594700848,0.0049134885999273,1.55888007773274,0.00497330989093328,6.00706729432258,1439.063,16.83,9.348,1
"366","26B.11.4",32,33,6.97168029996901,"No",1439.063,16.83,9.348,"26B.11.4",1201.87935345407,1201.87935345407,1222.31781292416,20.4384594700848,0.00580064902515645,1.6249289113098,0.00518402611086929,7.07763380752788,1439.063,16.83,9.348,1
"367","26B.11.4",32,33,3.95925911658774,"No",1439.063,16.83,9.348,"26B.11.4",1201.87935345407,1201.87935345407,1222.31781292416,20.4384594700848,0.00329422342201758,1.41059870677098,0.00450024642737434,4.05123722079902,1439.063,16.83,9.348,1
"368","26B.11.4",32,33,3.21915271885182,"No",1439.063,16.83,9.348,"26B.11.4",1201.87935345407,1201.87935345407,1222.31781292416,20.4384594700848,0.00267843249790449,1.33947741425466,0.00427334749359502,3.30649335840125,1439.063,16.83,9.348,1
"369","26B.11.4",32,33,1.55693641505953,"No",1439.063,16.83,9.348,"26B.11.4",1201.87935345407,1201.87935345407,1222.31781292416,20.4384594700848,0.00129541822195802,1.11703741274251,0.00356369504793126,1.62977285186042,1439.063,16.83,9.348,1
"370","26B.11.4",32,33,2.16995890583951,"No",1439.063,16.83,9.348,"26B.11.4",1201.87935345407,1201.87935345407,1222.31781292416,20.4384594700848,0.00180547148896708,1.21370426296221,0.00387209221663601,2.24909850567366,1439.063,16.83,9.348,1
"371","26B.11.4",32,33,2.11293933868082,"No",1439.063,16.83,9.348,"26B.11.4",1201.87935345407,1201.87935345407,1222.31781292416,20.4384594700848,0.00175802948324926,1.20565140675839,0.00384640111314395,2.1915538519375,1439.063,16.83,9.348,1
"372","26B.11.4",32,33,1.49064861801245,"No",1439.063,16.83,9.348,"26B.11.4",1201.87935345407,1201.87935345407,1222.31781292416,20.4384594700848,0.00124026476844659,1.10495303834853,0.00352514215373638,1.56269709304788,1439.063,16.83,9.348,1
"373","26B.11.4",32,33,18.8320571900701,"No",1439.063,16.83,9.348,"26B.11.4",1201.87935345407,1201.87935345407,1222.31781292416,20.4384594700848,0.0156688415821012,2.08316869767656,0.00664595284565157,18.967890227946,1439.063,16.83,9.348,1
"374","26B.11.4",32,33,2.41017268618662,"No",1439.063,16.83,9.348,"26B.11.4",1201.87935345407,1201.87935345407,1222.31781292416,20.4384594700848,0.00200533662489504,1.24598277961833,0.00397507067434007,2.49141700705484,1439.063,16.83,9.348,1
"375","26B.11.4",32,33,1.64553860203148,"No",1439.063,16.83,9.348,"26B.11.4",1201.87935345407,1201.87935345407,1222.31781292416,20.4384594700848,0.00136913792328854,1.13260120324258,0.00361334835631593,1.71938987596334,1439.063,16.83,9.348,1
"376","26B.11.4",32,33,4.94725483328747,"No",1439.063,16.83,9.348,"26B.11.4",1201.87935345407,1201.87935345407,1222.31781292416,20.4384594700848,0.00411626576250735,1.4913894629609,0.00475799394278277,5.04450089964594,1439.063,16.83,9.348,1
"377","26B.11.4",32,33,1.69308618822411,"No",1439.063,16.83,9.348,"26B.11.4",1201.87935345407,1201.87935345407,1222.31781292416,20.4384594700848,0.00140869895414907,1.14069560096374,0.0036391719901046,1.76746525744853,1439.063,16.83,9.348,1
"378","26B.11.4",32,33,1.33769097921521,"No",1439.063,16.83,9.348,"26B.11.4",1201.87935345407,1201.87935345407,1222.31781292416,20.4384594700848,0.0011129993833165,1.0754468444278,0.00343100826353798,1.40781550255106,1439.063,16.83,9.348,1
"379","26B.11.4",32,33,3.50541830048128,"No",1439.063,16.83,9.348,"26B.11.4",1201.87935345407,1201.87935345407,1222.31781292416,20.4384594700848,0.00291661412637391,1.36831145397881,0.00436533700388773,3.5946390639085,1439.063,16.83,9.348,1
"380","26B.11.4",32,33,2.93031241590473,"No",1439.063,16.83,9.348,"26B.11.4",1201.87935345407,1201.87935345407,1222.31781292416,20.4384594700848,0.00243810862336834,1.30836368494775,0.00417408506801388,3.01562428439202,1439.063,16.83,9.348,1
"381","26B.11.4",32,33,2.25655569880126,"No",1439.063,16.83,9.348,"26B.11.4",1201.87935345407,1201.87935345407,1222.31781292416,20.4384594700848,0.00187752264178278,1.22563601591205,0.00391015820119071,2.33647330871792,1439.063,16.83,9.348,1
"382","26B.11.4",32,33,20.1763674477097,"No",1439.063,16.83,9.348,"26B.11.4",1201.87935345407,1201.87935345407,1222.31781292416,20.4384594700848,0.0167873484054161,2.11938933528083,0.00676150788918977,20.3145622526596,1439.063,16.83,9.348,1
"383","26B.11.4",32,33,1.72971979941925,"No",1439.063,16.83,9.348,"26B.11.4",1201.87935345407,1201.87935345407,1222.31781292416,20.4384594700848,0.00143917922747256,1.14681651679984,0.00365869960592575,1.80449798302817,1439.063,16.83,9.348,1
"384","26B.11.4",32,33,1.40128244761502,"No",1439.063,16.83,9.348,"26B.11.4",1201.87935345407,1201.87935345407,1222.31781292416,20.4384594700848,0.00116590940978218,1.08800632608391,0.00347107689693548,1.47222591209058,1439.063,16.83,9.348,1
"385","26B.11.4",32,33,4.97355426191135,"No",1439.063,16.83,9.348,"26B.11.4",1201.87935345407,1201.87935345407,1222.31781292416,20.4384594700848,0.00413814768314132,1.49336756716862,0.00476430470739006,5.07092931057648,1439.063,16.83,9.348,1
"386","26B.11.4",32,33,1.46681114534382,"Yes",1439.063,16.83,9.348,"26B.11.4",1201.87935345407,1201.87935345407,1222.31781292416,20.4384594700848,0.00122043126968473,1.10050887767465,0.00351096390580569,1.53856983883356,1439.063,16.83,9.348,1
"387","26B.11.4",32,33,5.24754672687989,"Yes",1439.063,16.83,9.348,"26B.11.4",1201.87935345407,1201.87935345407,1222.31781292416,20.4384594700848,0.00436611770707186,1.51352318675273,0.00482860737163434,5.34623602294199,1439.063,16.83,9.348,1
"388","26B.11.4",32,33,1.46179168301596,"No",1439.063,16.83,9.348,"26B.11.4",1201.87935345407,1201.87935345407,1222.31781292416,20.4384594700848,0.0012162549251012,1.09956617524695,0.00350795639331331,1.53348890758352,1439.063,16.83,9.348,1
"389","26B.11.4",32,33,3.72214672788191,"No",1439.063,16.83,9.348,"26B.11.4",1201.87935345407,1201.87935345407,1222.31781292416,20.4384594700848,0.00309693873780664,1.38898761161241,0.00443130034560627,3.81271568039536,1439.063,16.83,9.348,1
"390","26B.11.4",32,33,1.75849729727999,"No",1439.063,16.83,9.348,"26B.11.4",1201.87935345407,1201.87935345407,1222.31781292416,20.4384594700848,0.00146312297671664,1.15155696463719,0.003673823101603,1.83358458184236,1439.063,16.83,9.348,1
"391","26B.11.4",32,33,3.49946554785469,"No",1439.063,16.83,9.348,"26B.11.4",1201.87935345407,1201.87935345407,1222.31781292416,20.4384594700848,0.00291166125601343,1.36773018157441,0.00436348256502525,3.58864840940838,1439.063,16.83,9.348,1
"392","26B.11.4",32,33,3.96722446957776,"No",1439.063,16.83,9.348,"26B.11.4",1201.87935345407,1201.87935345407,1222.31781292416,20.4384594700848,0.00330085083679688,1.41130764305496,0.00450250815352218,4.05924879998725,1439.063,16.83,9.348,1
"393","26B.11.4",32,33,2.07416771258867,"No",1439.063,16.83,9.348,"26B.11.4",1201.87935345407,1201.87935345407,1222.31781292416,20.4384594700848,0.00172577031681902,1.20008212591321,0.00382863338366407,2.1524190808265,1439.063,16.83,9.348,1
"394","26B.11.4",32,33,1.15258651627666,"No",1439.063,16.83,9.348,"26B.11.4",1201.87935345407,1201.87935345407,1222.31781292416,20.4384594700848,0.000958986867495686,1.03613986583388,0.00330560683708049,1.22014802764036,1439.063,16.83,9.348,1
"395","26B.11.4",32,33,1.13558725189711,"No",1439.063,16.83,9.348,"26B.11.4",1201.87935345407,1201.87935345407,1222.31781292416,20.4384594700848,0.000944842965006061,1.03229809791718,0.00329335040847403,1.20289826074149,1439.063,16.83,9.348,1
"396","26B.11.4",32,33,2.56801289670549,"No",1439.063,16.83,9.348,"26B.11.4",1201.87935345407,1201.87935345407,1222.31781292416,20.4384594700848,0.00213666445748094,1.26589970923992,0.00403861184373404,2.65055590118905,1439.063,16.83,9.348,1
"397","26B.11.4",32,33,1.05627261853777,"Yes",1439.063,16.83,9.348,"26B.11.4",1201.87935345407,1201.87935345407,1222.31781292416,20.4384594700848,0.000878850789392593,1.01378066834532,0.00323427407735667,1.12237619818297,1439.063,16.83,9.348,1
"398","26B.11.4",32,33,28.3134688077183,"Yes",1439.063,16.83,9.348,"26B.11.4",1201.87935345407,1201.87935345407,1222.31781292416,20.4384594700848,0.023557663026949,2.30673799981361,0.00735920810980529,28.4638796844025,1439.063,16.83,9.348,1
"399","26B.11.4",32,33,1.52799008055288,"No",1439.063,16.83,9.348,"26B.11.4",1201.87935345407,1201.87935345407,1222.31781292416,20.4384594700848,0.00127133399551428,1.11180886797163,0.00354701437197955,1.6004855900344,1439.063,16.83,9.348,1
"400","26B.11.4",32,33,1.09513099465867,"No",1439.063,16.83,9.348,"26B.11.4",1201.87935345407,1201.87935345407,1222.31781292416,20.4384594700848,0.000911182134472468,1.02297852695939,0.00326361809289331,1.1618343207761,1439.063,16.83,9.348,1
"401","26B.11.4",32,33,4.66895963950837,"No",1439.063,16.83,9.348,"26B.11.4",1201.87935345407,1201.87935345407,1222.31781292416,20.4384594700848,0.00388471573797344,1.46995835123961,0.00468962206388096,4.76480828999101,1439.063,16.83,9.348,1
"402","26B.11.4",32,33,4.18622816671324,"No",1439.063,16.83,9.348,"26B.11.4",1201.87935345407,1201.87935345407,1222.31781292416,20.4384594700848,0.00348306854151581,1.43039414534478,0.00456340000272675,4.27949703271475,1439.063,16.83,9.348,1
"403","26B.11.4",32,33,3.94709909346472,"No",1439.063,16.83,9.348,"26B.11.4",1201.87935345407,1201.87935345407,1222.31781292416,20.4384594700848,0.00328410591472529,1.40951436855091,0.00449678705287081,4.03900649339043,1439.063,16.83,9.348,1
"404","26B.11.4",32,33,2.48567476161311,"No",1439.063,16.83,9.348,"26B.11.4",1201.87935345407,1201.87935345407,1222.31781292416,20.4384594700848,0.00206815663691164,1.2556282427154,0.00400584268670235,2.56754801500881,1439.063,16.83,9.348,1
"405","26B.11.4",32,33,1.75602150235761,"No",1439.063,16.83,9.348,"26B.11.4",1201.87935345407,1201.87935345407,1222.31781292416,20.4384594700848,0.00146106304040501,1.1511514301273,0.00367252932101145,1.8310823440378,1439.063,16.83,9.348,1
"406","26B.11.4",32,33,1.29287068818827,"No",1439.063,16.83,9.348,"26B.11.4",1201.87935345407,1201.87935345407,1222.31781292416,20.4384594700848,0.00107570754458232,1.06632298900547,0.00340190034108553,1.36240029043081,1439.063,16.83,9.348,1
"407","26B.11.4",32,33,17.6716494445624,"No",1439.063,16.83,9.348,"26B.11.4",1201.87935345407,1201.87935345407,1222.31781292416,20.4384594700848,0.014703347215156,2.05030878223357,0.00654111954588578,17.80533985129,1439.063,16.83,9.348,1
"408","26B.11.4",32,33,1.46631779763842,"No",1439.063,16.83,9.348,"26B.11.4",1201.87935345407,1201.87935345407,1222.31781292416,20.4384594700848,0.00122002078946142,1.10041632962856,0.00351066864889686,1.5380704565318,1439.063,16.83,9.348,1
"409","26B.11.4",32,33,7.40307202767469,"No",1439.063,16.83,9.348,"26B.11.4",1201.87935345407,1201.87935345407,1222.31781292416,20.4384594700848,0.00615957999977208,1.64950255928073,0.00526242365296112,7.51062786022015,1439.063,16.83,9.348,1
"410","26B.11.4",32,33,1.87318581569042,"No",1439.063,16.83,9.348,"26B.11.4",1201.87935345407,1201.87935345407,1222.31781292416,20.4384594700848,0.00155854729537294,1.16989050214061,0.00373231276011104,1.94946853876763,1439.063,16.83,9.348,1
"411","26B.11.4",32,33,6.04943241433826,"No",1439.063,16.83,9.348,"26B.11.4",1201.87935345407,1201.87935345407,1222.31781292416,20.4384594700848,0.00503331087014088,1.56829824789502,0.00500335676849085,6.15169331886544,1439.063,16.83,9.348,1
"412","26B.11.4",32,33,4.77089723225903,"No",1439.063,16.83,9.348,"26B.11.4",1201.87935345407,1201.87935345407,1222.31781292416,20.4384594700848,0.00396953090054172,1.47791690035029,0.00471501229855968,4.8672648200241,1439.063,16.83,9.348,1
"413","26B.11.4",32,33,2.27722931416563,"No",1439.063,16.83,9.348,"26B.11.4",1201.87935345407,1201.87935345407,1222.31781292416,20.4384594700848,0.00189472371550532,1.228433613345,0.00391908340280361,2.35732934145371,1439.063,16.83,9.348,1
"414","26B.11.4",32,33,1.22634347556327,"No",1439.063,16.83,9.348,"26B.11.4",1201.87935345407,1201.87935345407,1222.31781292416,20.4384594700848,0.00102035489006354,1.05233261621023,0.00335726672212133,1.29496083539361,1439.063,16.83,9.348,1
"415","26B.11.4",32,33,1.21996322116495,"No",1439.063,16.83,9.348,"26B.11.4",1201.87935345407,1201.87935345407,1222.31781292416,20.4384594700848,0.00101504632528956,1.050961204135,0.00335289149317608,1.28849115805582,1439.063,16.83,9.348,1
"416","26B.11.4",32,33,1.93781410368281,"No",1439.063,16.83,9.348,"26B.11.4",1201.87935345407,1201.87935345407,1222.31781292416,20.4384594700848,0.00161231998712162,1.17985334491563,0.00376409731186878,2.01474645403289,1439.063,16.83,9.348,1
"417","26B.11.4",32,33,28.1684698009487,"No",1439.063,16.83,9.348,"26B.11.4",1201.87935345407,1201.87935345407,1222.31781292416,20.4384594700848,0.0234370194645541,2.30377899301452,0.00734976796236134,28.318687735562,1439.063,16.83,9.348,1
"418","26B.11.4",32,33,10.0770502562771,"No",1439.063,16.83,9.348,"26B.11.4",1201.87935345407,1201.87935345407,1222.31781292416,20.4384594700848,0.00838441082070069,1.78169497903427,0.00568415838294936,10.1932256970085,1439.063,16.83,9.348,1
"419","26B.11.4",32,33,6.07077387479986,"No",1439.063,16.83,9.348,"26B.11.4",1201.87935345407,1201.87935345407,1222.31781292416,20.4384594700848,0.00505106761119834,1.5696796001068,0.00500776370954798,6.17312485041322,1439.063,16.83,9.348,1
"420","26B.11.4",32,33,3.4359731123036,"No",1439.063,16.83,9.348,"26B.11.4",1201.87935345407,1201.87935345407,1222.31781292416,20.4384594700848,0.00285883362787537,1.36148367784859,0.00434355428496885,3.52474867051305,1439.063,16.83,9.348,1
"421","26B.11.4",32,33,1.31818656869698,"Yes",1439.063,16.83,9.348,"26B.11.4",1201.87935345407,1201.87935345407,1222.31781292416,20.4384594700848,0.00109677112341489,1.07150504590221,0.00341843270633162,1.38805406701655,1439.063,16.83,9.348,1
"422","26B.11.4",32,33,23.8347689688979,"Yes",1439.063,16.83,9.348,"26B.11.4",1201.87935345407,1201.87935345407,1222.31781292416,20.4384594700848,0.0198312492018432,2.2095444187543,0.00704913050670929,23.9788423370586,1439.063,16.83,9.348,1
"423","26B.11.4",32,33,2.23999000940625,"No",1439.063,16.83,9.348,"26B.11.4",1201.87935345407,1201.87935345407,1222.31781292416,20.4384594700848,0.00186373948680353,1.2233804057131,0.00390296210658869,2.31976054223504,1439.063,16.83,9.348,1
"424","26B.11.4",32,33,2.45320060991142,"No",1439.063,16.83,9.348,"26B.11.4",1201.87935345407,1201.87935345407,1222.31781292416,20.4384594700848,0.00204113715978329,1.25150695079699,0.00399269449002318,2.53480513442219,1439.063,16.83,9.348,1
"425","26B.11.4",32,33,3.18992272028481,"No",1439.063,16.83,9.348,"26B.11.4",1201.87935345407,1201.87935345407,1222.31781292416,20.4384594700848,0.00265411225437671,1.33642638242862,0.00426361375783516,3.27706441727042,1439.063,16.83,9.348,1
"426","26B.11.4",32,33,2.21406864648584,"No",1439.063,16.83,9.348,"26B.11.4",1201.87935345407,1201.87935345407,1222.31781292416,20.4384594700848,0.00184217212827797,1.21982567581737,0.00389162141810178,2.29360739311263,1439.063,16.83,9.348,1
"427","26B.11.4",32,33,4.9625643382943,"No",1439.063,16.83,9.348,"26B.11.4",1201.87935345407,1201.87935345407,1222.31781292416,20.4384594700848,0.00412900373405403,1.49254191957291,0.00476167063603791,5.05988555059886,1439.063,16.83,9.348,1
"428","26B.11.4",32,33,3.58312426565909,"No",1439.063,16.83,9.348,"26B.11.4",1201.87935345407,1201.87935345407,1222.31781292416,20.4384594700848,0.00298126784136992,1.37583219385491,0.00438933049161473,3.67283541901276,1439.063,16.83,9.348,1
"429","26B.11.4",32,33,3.6582530160618,"No",1439.063,16.83,9.348,"26B.11.4",1201.87935345407,1201.87935345407,1222.31781292416,20.4384594700848,0.00304377723566711,1.38298807330642,0.00441215996167013,3.74843076861393,1439.063,16.83,9.348,1
"430","26B.11.4",32,33,3.55616551015912,"No",1439.063,16.83,9.348,"26B.11.4",1201.87935345407,1201.87935345407,1222.31781292416,20.4384594700848,0.00295883734081885,1.37323698423354,0.00438105096975581,3.64570744284085,1439.063,16.83,9.348,1
"431","26B.11.4",32,33,2.92291209626863,"No",1439.063,16.83,9.348,"26B.11.4",1201.87935345407,1201.87935345407,1222.31781292416,20.4384594700848,0.00243195133344167,1.30753685395254,0.00417144722125112,3.00817005123177,1439.063,16.83,9.348,1
"432","26B.11.4",32,33,19.6363593879672,"No",1439.063,16.83,9.348,"26B.11.4",1201.87935345407,1201.87935345407,1222.31781292416,20.4384594700848,0.0163380453549971,2.10506370352371,0.00671580469038105,19.7736200899406,1439.063,16.83,9.348,1
"433","26B.11.4",32,33,13.0770237176362,"No",1439.063,16.83,9.348,"26B.11.4",1201.87935345407,1201.87935345407,1222.31781292416,20.4384594700848,0.0108804795423553,1.90163528801353,0.00606680508777845,13.2010198675356,1439.063,16.83,9.348,1
"434","26B.11.4",32,33,9.99331061351787,"No",1439.063,16.83,9.348,"26B.11.4",1201.87935345407,1201.87935345407,1222.31781292416,20.4384594700848,0.00831473690333242,1.77798194545276,0.00567231265671291,10.1092439458537,1439.063,16.83,9.348,1
"435","26B.11.4",32,33,3.2273653403514,"No",1439.063,16.83,9.348,"26B.11.4",1201.87935345407,1201.87935345407,1222.31781292416,20.4384594700848,0.00268526564756796,1.34033090843577,0.00427607040417257,3.31476163199831,1439.063,16.83,9.348,1
"436","26B.11.4",32,33,2.12135992786396,"No",1439.063,16.83,9.348,"26B.11.4",1201.87935345407,1201.87935345407,1222.31781292416,20.4384594700848,0.00176503566832012,1.20685082099383,0.00385022761575031,2.20005264893908,1439.063,16.83,9.348,1
"437","26B.11.4",32,33,1.98286868438055,"No",1439.063,16.83,9.348,"26B.11.4",1201.87935345407,1201.87935345407,1222.31781292416,20.4384594700848,0.00164980676195327,1.18665230864344,0.00378578811030711,2.06024436123539,1439.063,16.83,9.348,1
"438","26B.11.4",32,33,1.5212872718158,"No",1439.063,16.83,9.348,"26B.11.4",1201.87935345407,1201.87935345407,1222.31781292416,20.4384594700848,0.00126575705576753,1.11058756870751,0.00354311804935873,1.59370314646535,1439.063,16.83,9.348,1
"439","26B.11.4",32,33,1.44286336278635,"No",1439.063,16.83,9.348,"26B.11.4",1201.87935345407,1201.87935345407,1222.31781292416,20.4384594700848,0.00120050598975656,1.09598926788939,0.00349654495185968,1.51432735507026,1439.063,16.83,9.348,1
"440","26B.11.4",32,33,1.46623690569308,"Yes",1439.063,16.83,9.348,"26B.11.4",1201.87935345407,1201.87935345407,1222.31781292416,20.4384594700848,0.0012199534849145,1.10040115272433,0.00351062022987541,1.53798857497624,1439.063,16.83,9.348,1
"441","26B.11.4",32,33,22.3520182294853,"Yes",1439.063,16.83,9.348,"26B.11.4",1201.87935345407,1201.87935345407,1222.31781292416,20.4384594700848,0.018597555707441,2.17434866324993,0.0069368451542508,22.4937966580207,1439.063,16.83,9.348,1
"442","26B.11.4",32,33,3.60963588609916,"No",1439.063,16.83,9.348,"26B.11.4",1201.87935345407,1201.87935345407,1222.31781292416,20.4384594700848,0.00300332631201747,1.37837011652754,0.00439742725037796,3.69951252472866,1439.063,16.83,9.348,1
"443","26B.11.4",32,33,2.0514218536456,"No",1439.063,16.83,9.348,"26B.11.4",1201.87935345407,1201.87935345407,1222.31781292416,20.4384594700848,0.00170684507371728,1.19677840600982,0.00381809349473541,2.12945780279074,1439.063,16.83,9.348,1
"444","26B.11.4",32,33,1.09103357910882,"No",1439.063,16.83,9.348,"26B.11.4",1201.87935345407,1201.87935345407,1222.31781292416,20.4384594700848,0.000907772960716318,1.02202031693243,0.00326056110635998,1.15767442513089,1439.063,16.83,9.348,1
"445","26B.11.4",32,33,29.847984036842,"No",1439.063,16.83,9.348,"26B.11.4",1201.87935345407,1201.87935345407,1222.31781292416,20.4384594700848,0.0248344261435743,2.33737691772568,0.00745695574009204,30.0003927245061,1439.063,16.83,9.348,1
"446","26B.11.4",32,33,1.45776638562175,"No",1439.063,16.83,9.348,"26B.11.4",1201.87935345407,1201.87935345407,1222.31781292416,20.4384594700848,0.00121290575583339,1.09880843069953,0.00350553895369991,1.52941420144775,1439.063,16.83,9.348,1
"447","26B.11.4",32,33,7.336315584986,"No",1439.063,16.83,9.348,"26B.11.4",1201.87935345407,1201.87935345407,1222.31781292416,20.4384594700848,0.00610403661890207,1.64577136330614,0.00525051998306982,7.44362812485684,1439.063,16.83,9.348,1
"448","26B.11.4",32,33,4.79528264565808,"No",1439.063,16.83,9.348,"26B.11.4",1201.87935345407,1201.87935345407,1222.31781292416,20.4384594700848,0.00398982030257609,1.47980180479293,0.00472102572707285,4.89177313863809,1439.063,16.83,9.348,1
"449","26B.11.4",32,33,3.68072235478352,"No",1439.063,16.83,9.348,"26B.11.4",1201.87935345407,1201.87935345407,1222.31781292416,20.4384594700848,0.00306247240557509,1.38510681061686,0.00441891938939828,3.77103825962531,1439.063,16.83,9.348,1
"450","26B.11.4",32,33,2.25546897641307,"No",1439.063,16.83,9.348,"26B.11.4",1201.87935345407,1201.87935345407,1222.31781292416,20.4384594700848,0.00187661845586339,1.22548842740973,0.00390968734819253,2.33537696281981,1439.063,16.83,9.348,1
"451","26B.11.4",32,33,1.37858048690987,"No",1439.063,16.83,9.348,"26B.11.4",1201.87935345407,1201.87935345407,1222.31781292416,20.4384594700848,0.00114702069134308,1.08357264274334,0.00345693207494059,1.44923485301437,1439.063,16.83,9.348,1
"452","26B.11.4",32,33,0.73342190695818,"No",1439.063,16.83,9.348,"26B.11.4",1201.87935345407,1201.87935345407,1222.31781292416,20.4384594700848,0.000610229225462943,0.925419122814765,0.00295237340094003,0.793763871053849,1439.063,16.83,9.348,1
"453","26B.11.4",32,33,1.43010109380656,"No",1439.063,16.83,9.348,"26B.11.4",1201.87935345407,1201.87935345407,1222.31781292416,20.4384594700848,0.00118988739568294,1.09355765417609,0.00348878735157725,1.50140653269152,1439.063,16.83,9.348,1
"454","26B.11.4",32,33,21.6356455422302,"No",1439.063,16.83,9.348,"26B.11.4",1201.87935345407,1201.87935345407,1222.31781292416,20.4384594700848,0.0180015119488089,2.15671353786108,0.00688058364653317,21.7762740722204,1439.063,16.83,9.348,1
"455","26B.11.4",32,33,2.10912341198437,"No",1439.063,16.83,9.348,"26B.11.4",1201.87935345407,1201.87935345407,1222.31781292416,20.4384594700848,0.00175485451673912,1.20510669206089,0.00384466330468034,2.1877024071132,1439.063,16.83,9.348,1
"456","26B.11.4",32,33,2.25752910360854,"No",1439.063,16.83,9.348,"26B.11.4",1201.87935345407,1201.87935345407,1222.31781292416,20.4384594700848,0.001878332544045,1.22576816942477,0.0039105798117952,2.33745533059645,1439.063,16.83,9.348,1
"457","26B.11.4",32,33,1.70087332746031,"No",1439.063,16.83,9.348,"26B.11.4",1201.87935345407,1201.87935345407,1222.31781292416,20.4384594700848,0.0014151780896911,1.14200496664086,0.00364334927183772,1.77533777388813,1439.063,16.83,9.348,1
"458","26B.11.4",32,33,0.569630194660721,"No",1439.063,16.83,9.348,"26B.11.4",1201.87935345407,1201.87935345407,1222.31781292416,20.4384594700848,0.000473949563259961,0.868756867151075,0.00277160326951038,0.626277495751763,1439.063,16.83,9.348,1
"459","26B.11.4",32,33,1.15269412026741,"Yes",1439.063,16.83,9.348,"26B.11.4",1201.87935345407,1201.87935345407,1222.31781292416,20.4384594700848,0.000959076397272895,1.03616404815769,0.00330568398617741,1.2202572084398,1439.063,16.83,9.348,1
"460","26B.11.4",32,33,0.382856145671169,"Yes",1439.063,16.83,9.348,"26B.11.4",1201.87935345407,1201.87935345407,1222.31781292416,20.4384594700848,0.000318547901310462,0.786608990262365,0.00250952611907044,0.434146993544909,1439.063,16.83,9.348,1
"461","26B.11.4",32,33,6.75865241720473,"No",1439.063,16.83,9.348,"26B.11.4",1201.87935345407,1201.87935345407,1222.31781292416,20.4384594700848,0.00562340337886752,1.61237118448141,0.0051439630759153,6.86378709804744,1439.063,16.83,9.348,1
"462","26B.11.4",32,33,3.21589469799031,"No",1439.063,16.83,9.348,"26B.11.4",1201.87935345407,1201.87935345407,1222.31781292416,20.4384594700848,0.00267572172593545,1.33913837297615,0.00427226584698993,3.30321323034944,1439.063,16.83,9.348,1
"463","26B.11.4",32,33,1.47571380018687,"No",1439.063,16.83,9.348,"26B.11.4",1201.87935345407,1201.87935345407,1222.31781292416,20.4384594700848,0.00122783854797558,1.10217494595512,0.00351627917923602,1.54758112967719,1439.063,16.83,9.348,1
"464","26B.11.4",32,33,1.32295440005501,"No",1439.063,16.83,9.348,"26B.11.4",1201.87935345407,1201.87935345407,1222.31781292416,20.4384594700848,0.00110073810341527,1.0724726328787,0.00342151960823593,1.39288498989404,1439.063,16.83,9.348,1
"465","26B.11.4",32,33,5.43249060884472,"No",1439.063,16.83,9.348,"26B.11.4",1201.87935345407,1201.87935345407,1222.31781292416,20.4384594700848,0.00451999661466214,1.52668608088203,0.0048706010775657,5.5320381915635,1439.063,16.83,9.348,1
"466","26B.11.4",32,33,2.2185751472288,"No",1439.063,16.83,9.348,"26B.11.4",1201.87935345407,1201.87935345407,1222.31781292416,20.4384594700848,0.00184592167329679,1.22044590889797,0.00389360015357895,2.29815433616044,1439.063,16.83,9.348,1
"467","26B.11.4",32,33,4.10983000225763,"No",1439.063,16.83,9.348,"26B.11.4",1201.87935345407,1201.87935345407,1222.31781292416,20.4384594700848,0.00341950295630458,1.42382287029903,0.0045424356016494,4.20267038819742,1439.063,16.83,9.348,1
"468","26B.11.4",32,33,5.4670800123159,"No",1439.063,16.83,9.348,"26B.11.4",1201.87935345407,1201.87935345407,1222.31781292416,20.4384594700848,0.00454877604528617,1.52911045418078,0.00487833557868493,5.56678567632233,1439.063,16.83,9.348,1
"469","26B.11.4",32,33,3.05094839019643,"No",1439.063,16.83,9.348,"26B.11.4",1201.87935345407,1201.87935345407,1222.31781292416,20.4384594700848,0.00253848140533269,1.32162643053042,0.00421639733098357,3.13712505615551,1439.063,16.83,9.348,1
"470","26B.11.4",32,33,1.52296734889548,"No",1439.063,16.83,9.348,"26B.11.4",1201.87935345407,1201.87935345407,1222.31781292416,20.4384594700848,0.00126715493074961,1.11089406908304,0.00354409588041255,1.59540320890539,1439.063,16.83,9.348,1
"471","26B.11.4",32,33,21.4206516339885,"No",1439.063,16.83,9.348,"26B.11.4",1201.87935345407,1201.87935345407,1222.31781292416,20.4384594700848,0.0178226305098161,2.15133562798168,0.00686342644965971,21.5609294973058,1439.063,16.83,9.348,1
"472","26B.11.4",32,33,22.391081287197,"No",1439.063,16.83,9.348,"26B.11.4",1201.87935345407,1201.87935345407,1222.31781292416,20.4384594700848,0.0186300573537997,2.17529803053859,0.00693987392971226,22.5329216192369,1439.063,16.83,9.348,1
"473","26B.11.4",32,33,1.83274044402367,"No",1439.063,16.83,9.348,"26B.11.4",1201.87935345407,1201.87935345407,1222.31781292416,20.4384594700848,0.00152489552196448,1.16352371878771,0.00371200075082007,1.90860802092223,1439.063,16.83,9.348,1
"474","26B.11.4",32,33,1.58879544522646,"No",1439.063,16.83,9.348,"26B.11.4",1201.87935345407,1201.87935345407,1222.31781292416,20.4384594700848,0.00132192589935124,1.12270846338606,0.00358178745456369,1.66200166294702,1439.063,16.83,9.348,1
"475","26B.11.4",32,33,5.87336838859642,"No",1439.063,16.83,9.348,"26B.11.4",1201.87935345407,1201.87935345407,1222.31781292416,20.4384594700848,0.00488682027169949,1.55676052416642,0.00496654785909626,5.9748769757208,1439.063,16.83,9.348,1
"476","26B.11.4",32,33,5.75532211936922,"No",1439.063,16.83,9.348,"26B.11.4",1201.87935345407,1201.87935345407,1222.31781292416,20.4384594700848,0.00478860220273278,1.54887870525336,0.00494140241749443,5.85631677240456,1439.063,16.83,9.348,1
"477","26B.11.4",32,33,1.16904721752404,"No",1439.063,16.83,9.348,"26B.11.4",1201.87935345407,1201.87935345407,1222.31781292416,20.4384594700848,0.000972682669158368,1.03981963295719,0.00331734643301998,1.23684866814355,1439.063,16.83,9.348,1
"478","26B.11.4",32,33,1.72558947011557,"No",1439.063,16.83,9.348,"26B.11.4",1201.87935345407,1201.87935345407,1222.31781292416,20.4384594700848,0.00143574266847701,1.14613129349399,0.00365651353151687,1.80032297373129,1439.063,16.83,9.348,1
"479","26B.11.4",32,33,8.73957475042356,"No",1439.063,16.83,9.348,"26B.11.4",1201.87935345407,1201.87935345407,1222.31781292416,20.4384594700848,0.00727159071774299,1.71938278970582,0.0054853632145849,8.85168712416355,1439.063,16.83,9.348,1
"480","26B.11.4",32,33,1.46381001574605,"No",1439.063,16.83,9.348,"26B.11.4",1201.87935345407,1201.87935345407,1222.31781292416,20.4384594700848,0.0012179342390226,1.09994552858854,0.00350916664787544,1.53553197605243,1439.063,16.83,9.348,1
"481","26B.11.4",32,33,3.80602105160011,"No",1439.063,16.83,9.348,"26B.11.4",1201.87935345407,1201.87935345407,1222.31781292416,20.4384594700848,0.00316672471380927,1.39674715852157,0.00445605570167484,3.89709596545524,1439.063,16.83,9.348,1
"482","26B.11.4",32,33,2.52030544528069,"No",1439.063,16.83,9.348,"26B.11.4",1201.87935345407,1201.87935345407,1222.31781292416,20.4384594700848,0.00209697041390852,1.25997896408795,0.00401972283434414,2.6024623875114,1439.063,16.83,9.348,1
"483","26B.11.4",32,33,2.38819860410717,"No",1439.063,16.83,9.348,"26B.11.4",1201.87935345407,1201.87935345407,1222.31781292416,20.4384594700848,0.00198705352350363,1.24313304214872,0.00396597912987387,2.4692571078123,1439.063,16.83,9.348,1
"484","26B.11.4",32,33,2.12895465713548,"No",1439.063,16.83,9.348,"26B.11.4",1201.87935345407,1201.87935345407,1222.31781292416,20.4384594700848,0.00177135471294776,1.20792954240623,0.00385366907089908,2.20771771625217,1439.063,16.83,9.348,1
"485","26B.11.4",32,33,5.96021054718144,"No",1439.063,16.83,9.348,"26B.11.4",1201.87935345407,1201.87935345407,1222.31781292416,20.4384594700848,0.00495907557614035,1.56248335815421,0.00498480547062276,6.06209229175902,1439.063,16.83,9.348,1
"486","26B.11.4",32,33,5.99171552840713,"No",1439.063,16.83,9.348,"26B.11.4",1201.87935345407,1201.87935345407,1222.31781292416,20.4384594700848,0.00498528867409827,1.56454405433859,0.00499137972919619,6.09373164070211,1439.063,16.83,9.348,1
"487","26B.11.4",32,33,2.93336901639466,"No",1439.063,16.83,9.348,"26B.11.4",1201.87935345407,1201.87935345407,1222.31781292416,20.4384594700848,0.00244065180749172,1.30870473917277,0.00417517313654132,3.01870312332644,1439.063,16.83,9.348,1
"488","26B.11.4",32,33,5.45882750913378,"No",1439.063,16.83,9.348,"26B.11.4",1201.87935345407,1201.87935345407,1222.31781292416,20.4384594700848,0.00454190971285571,1.52853308297685,0.00487649358585927,5.55849552564449,1439.063,16.83,9.348,1
"489","26B.11.4",32,33,3.03746790010602,"No",1439.063,16.83,9.348,"26B.11.4",1201.87935345407,1201.87935345407,1222.31781292416,20.4384594700848,0.00252726522955625,1.32016411733757,0.00421173209934099,3.12354921591726,1439.063,16.83,9.348,1
"490","26B.11.4",32,33,2.43631161397982,"No",1439.063,16.83,9.348,"26B.11.4",1201.87935345407,1201.87935345407,1222.31781292416,20.4384594700848,0.00202708500397992,1.24934737566506,0.00398580477700598,2.51777532337033,1439.063,16.83,9.348,1
"491","26B.11.4",32,33,1.94462299134744,"No",1439.063,16.83,9.348,"26B.11.4",1201.87935345407,1201.87935345407,1222.31781292416,20.4384594700848,0.00161798518774684,1.18088839328582,0.00376739943649696,2.0216228320379,1439.063,16.83,9.348,1
"492","26B.11.4",32,33,1.5742854666032,"No",1439.063,16.83,9.348,"26B.11.4",1201.87935345407,1201.87935345407,1222.31781292416,20.4384594700848,0.00130985315795539,1.12013630000411,0.00357358145734091,1.6473239663821,1439.063,16.83,9.348,1
"493","26B.11.4",32,33,20.2506193252986,"No",1439.063,16.83,9.348,"26B.11.4",1201.87935345407,1201.87935345407,1222.31781292416,20.4384594700848,0.0168491282149914,2.1213365629706,0.00676772014814911,20.3889410992514,1439.063,16.83,9.348,1
"494","26B.11.4",32,33,3.04903075767067,"No",1439.063,16.83,9.348,"26B.11.4",1201.87935345407,1201.87935345407,1222.31781292416,20.4384594700848,0.00253688587702925,1.32141870893989,0.00421573463482402,3.13519387914116,1439.063,16.83,9.348,1
"495","26B.11.4",32,33,2.24021508834136,"No",1439.063,16.83,9.348,"26B.11.4",1201.87935345407,1201.87935345407,1222.31781292416,20.4384594700848,0.00186392675929013,1.223411136518,0.00390306014736693,2.31998762497263,1439.063,16.83,9.348,1
"496","26B.11.4",32,33,1.38295347726001,"No",1439.063,16.83,9.348,"26B.11.4",1201.87935345407,1201.87935345407,1222.31781292416,20.4384594700848,0.00115065915167404,1.08443092171245,0.00345967025047264,1.45366380745415,1439.063,16.83,9.348,1
"497","26B.11.4",32,33,25.8692432550505,"No",1439.063,16.83,9.348,"26B.11.4",1201.87935345407,1201.87935345407,1222.31781292416,20.4384594700848,0.0215239933864452,2.25525643746103,0.00719496599336158,26.0162972758944,1439.063,16.83,9.348,1
"498","26B.11.4",32,33,11.4154927372724,"No",1439.063,16.83,9.348,"26B.11.4",1201.87935345407,1201.87935345407,1222.31781292416,20.4384594700848,0.00949803547624432,1.83811917476885,0.00586416902953025,11.5353473183081,1439.063,16.83,9.348,1
"499","26B.11.4",32,33,5.01451911988878,"No",1439.063,16.83,9.348,"26B.11.4",1201.87935345407,1201.87935345407,1222.31781292416,20.4384594700848,0.00417223168488384,1.49643315853073,0.00477408489257589,5.11209406047244,1439.063,16.83,9.348,1
"500","26B.11.4",32,33,4.99329637476424,"No",1439.063,16.83,9.348,"26B.11.4",1201.87935345407,1201.87935345407,1222.31781292416,20.4384594700848,0.00415457371858003,1.4948473161369,0.0047690255645523,5.09076791047714,1439.063,16.83,9.348,1
"501","26B.11.4",32,33,3.9882053121592,"No",1439.063,16.83,9.348,"26B.11.4",1201.87935345407,1201.87935345407,1222.31781292416,20.4384594700848,0.00331830753286304,1.41316989465619,0.00450844931246065,4.08035107070486,1439.063,16.83,9.348,1
"502","26B.11.4",32,33,2.57166050187638,"No",1439.063,16.83,9.348,"26B.11.4",1201.87935345407,1201.87935345407,1222.31781292416,20.4384594700848,0.00213969937538714,1.26634899094473,0.00404004519141628,2.65423280177845,1439.063,16.83,9.348,1
"503","26B.11.4",32,33,1.73149290154513,"No",1439.063,16.83,9.348,"26B.11.4",1201.87935345407,1201.87935345407,1222.31781292416,20.4384594700848,0.00144065450210872,1.14711029871951,0.00365963686116929,1.80629024120736,1439.063,16.83,9.348,1
"504","26B.11.4",32,33,15.0532492256808,"No",1439.063,16.83,9.348,"26B.11.4",1201.87935345407,1201.87935345407,1222.31781292416,20.4384594700848,0.0125247589805244,1.96973391642278,0.00628406078760066,15.1816857473957,1439.063,16.83,9.348,1
"505","26B.11.4",32,33,1.75759297660331,"No",1439.063,16.83,9.348,"26B.11.4",1201.87935345407,1201.87935345407,1222.31781292416,20.4384594700848,0.00146237055454208,1.151408886835,0.00367335068758683,1.83267060575096,1439.063,16.83,9.348,1
"506","26B.11.4",32,33,1.45927427095875,"No",1439.063,16.83,9.348,"26B.11.4",1201.87935345407,1201.87935345407,1222.31781292416,20.4384594700848,0.00121416036207374,1.09909246709145,0.00350644511769385,1.53094060738081,1439.063,16.83,9.348,1
"507","26B.11.4",32,33,29.8524092009858,"No",1439.063,16.83,9.348,"26B.11.4",1201.87935345407,1201.87935345407,1222.31781292416,20.4384594700848,0.0248381080140808,2.3374635458671,0.0074572321106729,30.0048235372388,1439.063,16.83,9.348,1
"508","26B.11.4",32,33,4.25765873202548,"No",1439.063,16.83,9.348,"26B.11.4",1201.87935345407,1201.87935345407,1222.31781292416,20.4384594700848,0.00354250093388279,1.4364572712353,0.00458274325073665,4.35132294421747,1439.063,16.83,9.348,1
"509","26B.11.4",32,33,1.29482339853732,"No",1439.063,16.83,9.348,"26B.11.4",1201.87935345407,1201.87935345407,1222.31781292416,20.4384594700848,0.00107733225869647,1.0667253961543,0.00340318414442746,1.36437923974244,1439.063,16.83,9.348,1
"510","26B.11.4",32,33,6.53701820774727,"No",1439.063,16.83,9.348,"26B.11.4",1201.87935345407,1201.87935345407,1222.31781292416,20.4384594700848,0.00543899700827757,1.59898696602702,0.00510126327689136,6.64128017047825,1439.063,16.83,9.348,1
"511","26B.11.4",32,33,6.889645594258,"No",1439.063,16.83,9.348,"26B.11.4",1201.87935345407,1201.87935345407,1222.31781292416,20.4384594700848,0.0057323936670165,1.62012759988091,0.00516870844149893,6.99528603225226,1439.063,16.83,9.348,1
"512","26B.11.4",32,33,3.12267118456368,"No",1439.063,16.83,9.348,"26B.11.4",1201.87935345407,1201.87935345407,1222.31781292416,20.4384594700848,0.00259815694111848,1.32932619839099,0.00424096197338671,3.20934991397092,1439.063,16.83,9.348,1
"513","26B.11.4",32,33,2.83674718307576,"No",1439.063,16.83,9.348,"26B.11.4",1201.87935345407,1201.87935345407,1222.31781292416,20.4384594700848,0.00236025951766561,1.29779219533253,0.00414035874447158,2.92136973746625,1439.063,16.83,9.348,1
"514","26B.11.4",32,33,1.49475925254063,"No",1439.063,16.83,9.348,"26B.11.4",1201.87935345407,1201.87935345407,1222.31781292416,20.4384594700848,0.00124368494079281,1.1057140105573,0.00352756989058842,1.56685734677731,1439.063,16.83,9.348,1
"515","26B.11.4",32,33,21.0197507860991,"No",1439.063,16.83,9.348,"26B.11.4",1201.87935345407,1201.87935345407,1222.31781292416,20.4384594700848,0.0174890688700914,2.14119830373829,0.00683108524801926,21.1593676450775,1439.063,16.83,9.348,1
"516","26B.11.4",32,33,1.36873036491452,"Yes",1439.063,16.83,9.348,"26B.11.4",1201.87935345407,1201.87935345407,1222.31781292416,20.4384594700848,0.00113882509170403,1.08163187089126,0.00345074041210142,1.43925818296904,1439.063,16.83,9.348,1
"517","26B.11.4",32,33,5.41149796438768,"Yes",1439.063,16.83,9.348,"26B.11.4",1201.87935345407,1201.87935345407,1222.31781292416,20.4384594700848,0.00450253009907827,1.52520905459926,0.00486588890661285,5.51094923759142,1439.063,16.83,9.348,1
"518","26B.11.4",32,33,5.04345950752298,"No",1439.063,16.83,9.348,"26B.11.4",1201.87935345407,1201.87935345407,1222.31781292416,20.4384594700848,0.00419631096334971,1.49858759952671,0.00478095822611052,5.1411749284555,1439.063,16.83,9.348,1
"519","26B.11.4",32,33,3.255854336585,"No",1439.063,16.83,9.348,"26B.11.4",1201.87935345407,1201.87935345407,1222.31781292416,20.4384594700848,0.00270896935472602,1.34327905068495,0.00428547589033994,3.34344286187974,1439.063,16.83,9.348,1
"520","26B.11.4",32,33,2.09968097748353,"No",1439.063,16.83,9.348,"26B.11.4",1201.87935345407,1201.87935345407,1222.31781292416,20.4384594700848,0.0017469981254352,1.20375562188201,0.00384035297267985,2.17817187606647,1439.063,16.83,9.348,1
"521","26B.11.4",32,33,1.77459274154603,"No",1439.063,16.83,9.348,"26B.11.4",1201.87935345407,1201.87935345407,1222.31781292416,20.4384594700848,0.00147651487351542,1.15418300511883,0.00368220098344775,1.84985125710693,1439.063,16.83,9.348,1
"522","26B.11.4",32,33,23.4355672437475,"No",1439.063,16.83,9.348,"26B.11.4",1201.87935345407,1201.87935345407,1222.31781292416,20.4384594700848,0.0194991012836656,2.20023397947501,0.00701942732400905,23.5790335246124,1439.063,16.83,9.348,1
"523","26B.11.4",32,33,2.56905357637599,"No",1439.063,16.83,9.348,"26B.11.4",1201.87935345407,1201.87935345407,1222.31781292416,20.4384594700848,0.00213753033446561,1.26602794028772,0.00403902094046153,2.65160494216644,1439.063,16.83,9.348,1
"524","26B.11.4",32,33,1.8927404533784,"No",1439.063,16.83,9.348,"26B.11.4",1201.87935345407,1201.87935345407,1222.31781292416,20.4384594700848,0.00157481734580003,1.17293181417797,0.00374201548673696,1.9692214852405,1439.063,16.83,9.348,1
"525","26B.11.4",32,33,1.30528086755469,"No",1439.063,16.83,9.348,"26B.11.4",1201.87935345407,1201.87935345407,1222.31781292416,20.4384594700848,0.00108603318944074,1.06887272004427,0.00341003477219131,1.37497672503771,1439.063,16.83,9.348,1
"526","26B.11.4",32,33,10.0319801310205,"No",1439.063,16.83,9.348,"26B.11.4",1201.87935345407,1201.87935345407,1222.31781292416,20.4384594700848,0.00834691111232564,1.77969944839686,0.00567779202263823,10.1480254531548,1439.063,16.83,9.348,1
"527","26B.11.4",32,33,10.2813983266143,"No",1439.063,16.83,9.348,"26B.11.4",1201.87935345407,1201.87935345407,1222.31781292416,20.4384594700848,0.00855443460033378,1.7906596449369,0.00571275844156792,10.3981583084847,1439.063,16.83,9.348,1
"528","26B.11.4",32,33,5.00991526244675,"No",1439.063,16.83,9.348,"26B.11.4",1201.87935345407,1201.87935345407,1222.31781292416,20.4384594700848,0.00416840113614465,1.4960895693462,0.00477298873674309,5.10746779929384,1439.063,16.83,9.348,1
"529","26B.11.4",32,33,1.5914739429013,"No",1439.063,16.83,9.348,"26B.11.4",1201.87935345407,1201.87935345407,1222.31781292416,20.4384594700848,0.00132415449048823,1.123181348796,0.00358329610537022,1.66471099512022,1439.063,16.83,9.348,1
"530","26B.11.4",32,33,1.2272506484163,"No",1439.063,16.83,9.348,"26B.11.4",1201.87935345407,1201.87935345407,1222.31781292416,20.4384594700848,0.00102110968533515,1.05252717485023,0.00335788742439502,1.29588069444491,1439.063,16.83,9.348,1
"531","26B.11.4",32,33,17.9101943705937,"No",1439.063,16.83,9.348,"26B.11.4",1201.87935345407,1201.87935345407,1222.31781292416,20.4384594700848,0.0149018238137811,2.05719317471992,0.0065630828885024,18.0443336742091,1439.063,16.83,9.348,1
"532","26B.11.4",32,33,2.78467417473712,"No",1439.063,16.83,9.348,"26B.11.4",1201.87935345407,1201.87935345407,1222.31781292416,20.4384594700848,0.00231693319860623,1.29179499272067,0.00412122581212257,2.86890568146526,1439.063,16.83,9.348,1
"533","26B.11.4",32,33,2.31522490549183,"No",1439.063,16.83,9.348,"26B.11.4",1201.87935345407,1201.87935345407,1222.31781292416,20.4384594700848,0.00192633719752164,1.23352596738201,0.0039353295881659,2.39565697978099,1439.063,16.83,9.348,1
"534","26B.11.4",32,33,22.7482338656781,"No",1439.063,16.83,9.348,"26B.11.4",1201.87935345407,1201.87935345407,1222.31781292416,20.4384594700848,0.0189272191092243,2.18392098353132,0.00696738381839478,22.8906364574629,1439.063,16.83,9.348,1
"535","26B.11.4",32,33,5.45279239208093,"No",1439.063,16.83,9.348,"26B.11.4",1201.87935345407,1201.87935345407,1222.31781292416,20.4384594700848,0.00453688831279962,1.52811043255153,0.00487514520020045,5.55243284966601,1439.063,16.83,9.348,1
"536","26B.11.4",32,33,6.31320219303758,"No",1439.063,16.83,9.348,"26B.11.4",1201.87935345407,1201.87935345407,1222.31781292416,20.4384594700848,0.00525277530967989,1.58512101841837,0.00505702661277956,6.41656002650201,1439.063,16.83,9.348,1
"537","26B.11.4",32,33,7.78513465607599,"No",1439.063,16.83,9.348,"26B.11.4",1201.87935345407,1201.87935345407,1222.31781292416,20.4384594700848,0.0064774676706962,1.67038481077706,0.00532904449788376,7.89405211606026,1439.063,16.83,9.348,1
"538","26B.11.4",32,33,1.29048168710206,"No",1439.063,16.83,9.348,"26B.11.4",1201.87935345407,1201.87935345407,1222.31781292416,20.4384594700848,0.00107371982336942,1.06583005225577,0.00340032772029968,1.35997914739841,1439.063,16.83,9.348,1
"539","26B.11.4",32,33,8.21404422269113,"No",1439.063,16.83,9.348,"26B.11.4",1201.87935345407,1201.87935345407,1222.31781292416,20.4384594700848,0.00683433341215561,1.69293100604151,0.00540097383838486,8.32443180758595,1439.063,16.83,9.348,1
"540","26B.11.4",32,33,3.65504931565008,"No",1439.063,16.83,9.348,"26B.11.4",1201.87935345407,1201.87935345407,1222.31781292416,20.4384594700848,0.00304111165995644,1.38268518725396,0.00441119366142544,3.74520731851382,1439.063,16.83,9.348,1
"541","26B.11.4",32,33,2.82607160020589,"No",1439.063,16.83,9.348,"26B.11.4",1201.87935345407,1201.87935345407,1222.31781292416,20.4384594700848,0.00235137710959429,1.29656946709674,0.00413645786298888,2.9106144265883,1439.063,16.83,9.348,1
"542","26B.11.4",32,33,1.38812375269492,"No",1439.063,16.83,9.348,"26B.11.4",1201.87935345407,1201.87935345407,1222.31781292416,20.4384594700848,0.00115496097732739,1.08544306044232,0.0034628992862581,1.45890007940609,1439.063,16.83,9.348,1
"543","26B.11.4",32,33,1.21954114072685,"No",1439.063,16.83,9.348,"26B.11.4",1201.87935345407,1201.87935345407,1222.31781292416,20.4384594700848,0.00101469514158973,1.05087028997432,0.00335260144886735,1.28806314955887,1439.063,16.83,9.348,1
"544","26B.11.4",32,33,17.0222342611365,"No",1439.063,16.83,9.348,"26B.11.4",1201.87935345407,1201.87935345407,1222.31781292416,20.4384594700848,0.0141630141263484,2.03120679517953,0.00648017829549114,17.1546791225878,1439.063,16.83,9.348,1
"545","26B.11.4",32,33,5.27726880535213,"No",1439.063,16.83,9.348,"26B.11.4",1201.87935345407,1201.87935345407,1222.31781292416,20.4384594700848,0.00439084737597483,1.51566179663831,0.00483543019902736,5.37609754949538,1439.063,16.83,9.348,1
"546","26B.11.4",32,33,6.15309297028332,"No",1439.063,16.83,9.348,"26B.11.4",1201.87935345407,1201.87935345407,1222.31781292416,20.4384594700848,0.00511955959023674,1.57497392935199,0.00502465425833172,6.25578916269343,1439.063,16.83,9.348,1
"547","26B.11.4",32,33,3.45240131709524,"No",1439.063,16.83,9.348,"26B.11.4",1201.87935345407,1201.87935345407,1222.31781292416,20.4384594700848,0.00287250239150329,1.36310816243285,0.00434873689353894,3.5412827998399,1439.063,16.83,9.348,1
"548","26B.11.4",32,33,3.04470516971416,"No",1439.063,16.83,9.348,"26B.11.4",1201.87935345407,1201.87935345407,1222.31781292416,20.4384594700848,0.00253328685692454,1.32094979301932,0.00421423864791706,3.13083771551688,1439.063,16.83,9.348,1
"549","26B.11.4",32,33,2.05070201681851,"No",1439.063,16.83,9.348,"26B.11.4",1201.87935345407,1201.87935345407,1222.31781292416,20.4384594700848,0.00170624614768946,1.19667340584228,0.00381775851170546,2.12873111942657,1439.063,16.83,9.348,1
"550","26B.11.4",32,33,1.98327769873305,"No",1439.063,16.83,9.348,"26B.11.4",1201.87935345407,1201.87935345407,1222.31781292416,20.4384594700848,0.00165014707427441,1.18671349780466,0.00378598332266825,2.06065736542783,1439.063,16.83,9.348,1
"551","26B.11.4",32,33,1.62297925387431,"No",1439.063,16.83,9.348,"26B.11.4",1201.87935345407,1201.87935345407,1222.31781292416,20.4384594700848,0.0013503678628059,1.12869926463921,0.00360089996459733,1.69657610185657,1439.063,16.83,9.348,1
"552","26B.11.4",32,33,21.5298322087564,"No",1439.063,16.83,9.348,"26B.11.4",1201.87935345407,1201.87935345407,1222.31781292416,20.4384594700848,0.0179134720526499,2.15407173103122,0.00687215546515824,21.6702884797032,1439.063,16.83,9.348,1
"553","26B.11.4",32,33,6.06072684593948,"No",1439.063,16.83,9.348,"26B.11.4",1201.87935345407,1201.87935345407,1222.31781292416,20.4384594700848,0.0050427081790877,1.56902974830996,0.00500569048119961,6.16303544795927,1439.063,16.83,9.348,1
"554","26B.11.4",32,33,1.67373658372776,"No",1439.063,16.83,9.348,"26B.11.4",1201.87935345407,1201.87935345407,1222.31781292416,20.4384594700848,0.00139259949754326,1.1374224009531,0.00362872946907912,1.74790222390944,1439.063,16.83,9.348,1
"555","26B.11.4",32,33,1.80928030844803,"No",1439.063,16.83,9.348,"26B.11.4",1201.87935345407,1201.87935345407,1222.31781292416,20.4384594700848,0.00150537597908505,1.15978226700329,0.00370006436172145,1.88490392394178,1439.063,16.83,9.348,1
"556","26B.11.4",32,33,6.81408014688178,"No",1439.063,16.83,9.348,"26B.11.4",1201.87935345407,1201.87935345407,1222.31781292416,20.4384594700848,0.00566952092761961,1.61566683165822,0.00515447721034782,6.91942972043495,1439.063,16.83,9.348,1
"557","26B.11.4",32,33,1.35471434257362,"No",1439.063,16.83,9.348,"26B.11.4",1201.87935345407,1201.87935345407,1222.31781292416,20.4384594700848,0.00112716333688595,1.07885215198551,0.00344187224852332,1.42506090902627,1439.063,16.83,9.348,1
"558","26B.11.4",32,33,2.42266469574255,"No",1439.063,16.83,9.348,"26B.11.4",1201.87935345407,1201.87935345407,1222.31781292416,20.4384594700848,0.00201573035494792,1.24759414419244,0.00398021142601737,2.50401408565558,1439.063,16.83,9.348,1
"559","26B.11.4",32,33,2.05667924665973,"No",1439.063,16.83,9.348,"26B.11.4",1201.87935345407,1201.87935345407,1222.31781292416,20.4384594700848,0.00171121938383337,1.19754444744713,0.0038205374039953,2.13476514554523,1439.063,16.83,9.348,1
"560","26B.11.4",32,33,21.1455817438858,"No",1439.063,16.83,9.348,"26B.11.4",1201.87935345407,1201.87935345407,1222.31781292416,20.4384594700848,0.0175937640355629,2.14439560976695,0.00684128564375449,21.285407083239,1439.063,16.83,9.348,1
"561","26B.11.4",32,33,6.04376298356001,"No",1439.063,16.83,9.348,"26B.11.4",1201.87935345407,1201.87935345407,1222.31781292416,20.4384594700848,0.00502859373213367,1.56793067271315,0.00500218408990332,6.1459999203434,1439.063,16.83,9.348,1
"562","26B.11.4",32,33,3.61858012878486,"No",1439.063,16.83,9.348,"26B.11.4",1201.87935345407,1201.87935345407,1222.31781292416,20.4384594700848,0.00301076819265217,1.379223183019,0.00440014879649317,3.70851239162433,1439.063,16.83,9.348,1
"563","26B.11.4",32,33,1.63691521435732,"No",1439.063,16.83,9.348,"26B.11.4",1201.87935345407,1201.87935345407,1222.31781292416,20.4384594700848,0.00136196300373495,1.1311144390136,0.00360860511830097,1.71066954381126,1439.063,16.83,9.348,1
"564","26B.11.4",32,33,2.03045094167824,"No",1439.063,16.83,9.348,"26B.11.4",1201.87935345407,1201.87935345407,1222.31781292416,20.4384594700848,0.00168939664022261,1.19370805710435,0.00380829813151389,2.10828668868918,1439.063,16.83,9.348,1
"565","26B.11.4",32,33,1.17713155791357,"No",1439.063,16.83,9.348,"26B.11.4",1201.87935345407,1201.87935345407,1222.31781292416,20.4384594700848,0.000979409085055523,1.04161266230598,0.00332306675155022,1.24504992303152,1439.063,16.83,9.348,1
"566","26B.11.4",32,33,2.0151765175583,"No",1439.063,16.83,9.348,"26B.11.4",1201.87935345407,1201.87935345407,1222.31781292416,20.4384594700848,0.00167668785703565,1.19145672642958,0.00380111568991845,2.0928654665278,1439.063,16.83,9.348,1
"567","26B.11.4",32,33,2.33534932451406,"No",1439.063,16.83,9.348,"26B.11.4",1201.87935345407,1201.87935345407,1222.31781292416,20.4384594700848,0.0019430813232647,1.2361977904816,0.0039438535307307,2.41595561505785,1439.063,16.83,9.348,1
"568","26B.11.4",32,33,3.28093115746349,"No",1439.063,16.83,9.348,"26B.11.4",1201.87935345407,1201.87935345407,1222.31781292416,20.4384594700848,0.0027298340287105,1.34585812113843,0.00429370392325855,3.36868785107556,1439.063,16.83,9.348,1
"569","26B.11.4",32,33,2.68833289921085,"No",1439.063,16.83,9.348,"26B.11.4",1201.87935345407,1201.87935345407,1222.31781292416,20.4384594700848,0.00223677434135537,1.28047399164301,0.00408510831505591,2.77182621993903,1439.063,16.83,9.348,1
"570","26B.11.4",32,33,2.17629762679173,"No",1439.063,16.83,9.348,"26B.11.4",1201.87935345407,1201.87935345407,1222.31781292416,20.4384594700848,0.00181074549665679,1.21458963912161,0.00387491684059113,2.2554949575881,1439.063,16.83,9.348,1
"571","26B.11.4",32,33,2.19377877134951,"No",1439.063,16.83,9.348,"26B.11.4",1201.87935345407,1201.87935345407,1222.31781292416,20.4384594700848,0.00182529033804003,1.21702137900454,0.00388267484339372,2.27313466377173,1439.063,16.83,9.348,1
"572","26B.11.4",32,33,21.7659489899325,"No",1439.063,16.83,9.348,"26B.11.4",1201.87935345407,1201.87935345407,1222.31781292416,20.4384594700848,0.0181099283612615,2.15995350051752,0.00689092013011241,21.9067887817234,1439.063,16.83,9.348,1
"573","26B.11.4",32,33,1.75028185639621,"No",1439.063,16.83,9.348,"26B.11.4",1201.87935345407,1201.87935345407,1222.31781292416,20.4384594700848,0.00145628748124019,1.15020962565411,0.00366952467327188,1.82528128770536,1439.063,16.83,9.348,1
"574","26B.11.4",32,33,3.10873290672204,"No",1439.063,16.83,9.348,"26B.11.4",1201.87935345407,1201.87935345407,1222.31781292416,20.4384594700848,0.00258655987207691,1.32784032207013,0.00423622156807342,3.19531474954741,1439.063,16.83,9.348,1
"575","26B.11.4",32,33,8.60299130352843,"No",1439.063,16.83,9.348,"26B.11.4",1201.87935345407,1201.87935345407,1222.31781292416,20.4384594700848,0.00715794915588188,1.71262536136784,0.00546380492689451,8.71466305907921,1439.063,16.83,9.348,1
"576","26B.11.4",32,33,6.60491282526176,"No",1439.063,16.83,9.348,"26B.11.4",1201.87935345407,1201.87935345407,1222.31781292416,20.4384594700848,0.00549548738505238,1.60312273241505,0.00511445765160818,6.70944446068562,1439.063,16.83,9.348,1
"577","26B.11.4",32,33,2.73899130875625,"No",1439.063,16.83,9.348,"26B.11.4",1201.87935345407,1201.87935345407,1222.31781292416,20.4384594700848,0.00227892367140237,1.28646407697425,0.00410421854107709,2.82287521306443,1439.063,16.83,9.348,1
"578","26B.11.4",32,33,2.65230268283859,"No",1439.063,16.83,9.348,"26B.11.4",1201.87935345407,1201.87935345407,1222.31781292416,20.4384594700848,0.00220679611078779,1.27616188998361,0.0040713513762511,2.73551483293057,1439.063,16.83,9.348,1
"579","26B.11.4",32,33,1.23053146645427,"Yes",1439.063,16.83,9.348,"26B.11.4",1201.87935345407,1201.87935345407,1222.31781292416,20.4384594700848,0.00102383942524502,1.05322990289205,0.00336012934432904,1.29920733387258,1439.063,16.83,9.348,1
"580","26B.11.4",32,33,1.2688540164333,"Yes",1439.063,16.83,9.348,"26B.11.4",1201.87935345407,1201.87935345407,1222.31781292416,20.4384594700848,0.00105572494675672,1.06133604679125,0.00338599045206085,1.33805844505384,1439.063,16.83,9.348,1
"581","26B.11.4",32,33,3.55648544943743,"No",1439.063,16.83,9.348,"26B.11.4",1201.87935345407,1201.87935345407,1222.31781292416,20.4384594700848,0.00295910353998218,1.37326786986206,0.00438114950446931,3.64602939601691,1439.063,16.83,9.348,1
"582","26B.11.4",32,33,2.81347576835439,"No",1439.063,16.83,9.348,"26B.11.4",1201.87935345407,1201.87935345407,1222.31781292416,20.4384594700848,0.00234089699624906,1.29512234009477,0.00413184107999504,2.8979242348047,1439.063,16.83,9.348,1
"583","26B.11.4",32,33,2.21540673286398,"No",1439.063,16.83,9.348,"26B.11.4",1201.87935345407,1201.87935345407,1222.31781292416,20.4384594700848,0.00184328545664516,1.22000993640193,0.00389220926639157,2.29495749420421,1439.063,16.83,9.348,1
"584","26B.11.4",32,33,1.34360959853884,"No",1439.063,16.83,9.348,"26B.11.4",1201.87935345407,1201.87935345407,1222.31781292416,20.4384594700848,0.00111792385373578,1.07663445553229,0.00343479711050378,1.41381156006983,1439.063,16.83,9.348,1
"585","26B.11.4",32,33,1.32250992130065,"No",1439.063,16.83,9.348,"26B.11.4",1201.87935345407,1201.87935345407,1222.31781292416,20.4384594700848,0.00110036828363837,1.07238254070126,0.00342123218630811,1.39243463667826,1439.063,16.83,9.348,1
"586","26B.11.4",32,33,19.2465060429745,"No",1439.063,16.83,9.348,"26B.11.4",1201.87935345407,1201.87935345407,1222.31781292416,20.4384594700848,0.0160136755720632,2.09453670349081,0.00668222030237499,19.3830803317948,1439.063,16.83,9.348,1
"587","26B.12.4",32,33,1.71081694741526,"No",1504.436,14.75,4.604,"26B.12.4",1469.75781038955,1469.75781038955,1476.40197605435,6.64416566479576,0.00116401282940746,1.14367041293122,0.00339970844963495,1.73340517356664,1504.436,14.75,4.604,1
"588","26B.12.4",32,33,1.01614936430939,"Yes",1504.436,14.75,4.604,"26B.12.4",1469.75781038955,1469.75781038955,1476.40197605435,6.64416566479576,0.000691371977836308,1.00401311869821,0.0029845590517938,1.03597926908587,1504.436,14.75,4.604,1
"589","26B.12.4",32,33,1.025374044606,"Yes",1504.436,14.75,4.604,"26B.12.4",1469.75781038955,1469.75781038955,1476.40197605435,6.64416566479576,0.000697648304610286,1.00628402907929,0.00299130962706762,1.04524880132293,1504.436,14.75,4.604,1
"590","26B.12.4",32,33,0.166181189294279,"Yes",1504.436,14.75,4.604,"26B.12.4",1469.75781038955,1469.75781038955,1476.40197605435,6.64416566479576,0.000113067056435804,0.638477306505933,0.00189795649977956,0.17879152670339,1504.436,14.75,4.604,1
"591","26B.12.4",32,33,6.61674376287458,"No",1504.436,14.75,4.604,"26B.12.4",1469.75781038955,1469.75781038955,1476.40197605435,6.64416566479576,0.00450192794765339,1.60384014227473,0.00476762257893878,6.64842063711627,1504.436,14.75,4.604,1
"592","26B.12.4",32,33,1.22839327056206,"No",1504.436,14.75,4.604,"26B.12.4",1469.75781038955,1469.75781038955,1476.40197605435,6.64416566479576,0.00083577937934991,1.05277207616632,0.00312950136893818,1.24918619610549,1504.436,14.75,4.604,1
"593","26B.12.4",32,33,6.90998652367079,"No",1504.436,14.75,4.604,"26B.12.4",1469.75781038955,1469.75781038955,1476.40197605435,6.64416566479576,0.00470144569045654,1.62132209085644,0.0048195899356504,6.94200867763963,1504.436,14.75,4.604,1
"594","26B.12.4",32,33,2.20647302424314,"No",1504.436,14.75,4.604,"26B.12.4",1469.75781038955,1469.75781038955,1476.40197605435,6.64416566479576,0.00150124939540776,1.21877813844288,0.00362297589291907,2.23054467627526,1504.436,14.75,4.604,1
"595","26B.12.4",32,33,29.8833054800749,"No",1504.436,14.75,4.604,"26B.12.4",1469.75781038955,1469.75781038955,1476.40197605435,6.64416566479576,0.0203321290547553,2.33806811109165,0.00695021032565467,29.9294838288837,1504.436,14.75,4.604,1
"596","26B.12.4",32,33,4.53375061709461,"No",1504.436,14.75,4.604,"26B.12.4",1469.75781038955,1469.75781038955,1476.40197605435,6.64416566479576,0.0030846923112407,1.4591986087901,0.00433765688428069,4.56257072803082,1504.436,14.75,4.604,1
"597","26B.12.4",32,33,4.69051225832901,"No",1504.436,14.75,4.604,"26B.12.4",1469.75781038955,1469.75781038955,1476.40197605435,6.64416566479576,0.00319135045595425,1.47165180970257,0.00437467563713853,4.71957832799191,1504.436,14.75,4.604,1
"598","26B.12.4",32,33,1.55882736919235,"No",1504.436,14.75,4.604,"26B.12.4",1469.75781038955,1469.75781038955,1476.40197605435,6.64416566479576,0.00106060152099426,1.1173764287003,0.00332154617547475,1.58089627224547,1504.436,14.75,4.604,1
"599","26B.12.4",32,33,16.3864136932162,"No",1504.436,14.75,4.604,"26B.12.4",1469.75781038955,1469.75781038955,1476.40197605435,6.64416566479576,0.011149057060546,2.01196758150836,0.00598083425950874,16.4261513468501,1504.436,14.75,4.604,1
"600","26B.12.4",32,33,8.00649981088453,"No",1504.436,14.75,4.604,"26B.12.4",1469.75781038955,1469.75781038955,1476.40197605435,6.64416566479576,0.00544749601212356,1.68213433070676,0.00500036219601731,8.03972304569885,1504.436,14.75,4.604,1
"601","26B.12.4",32,33,1.31771378405612,"No",1504.436,14.75,4.604,"26B.12.4",1469.75781038955,1469.75781038955,1476.40197605435,6.64416566479576,0.000896551645952382,1.07140895569571,0.00318490190749764,1.33887479995566,1504.436,14.75,4.604,1
"602","26B.12.4",32,33,1.40152463433051,"No",1504.436,14.75,4.604,"26B.12.4",1469.75781038955,1469.75781038955,1476.40197605435,6.64416566479576,0.000953575224722938,1.08805333366663,0.00323437947707261,1.423014387399,1504.436,14.75,4.604,1
"603","26B.12.4",32,33,5.00501715582275,"No",1504.436,14.75,4.604,"26B.12.4",1469.75781038955,1469.75781038955,1476.40197605435,6.64416566479576,0.00340533462074013,1.4957237600434,0.00444623262772568,5.03455866198558,1504.436,14.75,4.604,1
"604","26B.12.4",32,33,1.29300185639871,"No",1504.436,14.75,4.604,"26B.12.4",1469.75781038955,1469.75781038955,1476.40197605435,6.64416566479576,0.000879738040688489,1.06635003392931,0.0031698636072314,1.31406295533996,1504.436,14.75,4.604,1
"605","26B.12.4",32,33,5.96881108950822,"No",1504.436,14.75,4.604,"26B.12.4",1469.75781038955,1469.75781038955,1476.40197605435,6.64416566479576,0.00406108479051131,1.56304671655204,0.00464635883673569,5.99968226735758,1504.436,14.75,4.604,1
"606","26B.12.4",32,33,4.3454673651818,"No",1504.436,14.75,4.604,"26B.12.4",1469.75781038955,1469.75781038955,1476.40197605435,6.64416566479576,0.00295658736049176,1.4438069338479,0.00429190313672949,4.37398348063949,1504.436,14.75,4.604,1
"607","26B.12.4",32,33,2.6176099330579,"No",1504.436,14.75,4.604,"26B.12.4",1469.75781038955,1469.75781038955,1476.40197605435,6.64416566479576,0.00178098045443563,1.27196813758355,0.00378109005541728,2.64273212177961,1504.436,14.75,4.604,1
"608","26B.12.4",32,33,2.45157285668414,"No",1504.436,14.75,4.604,"26B.12.4",1469.75781038955,1469.75781038955,1476.40197605435,6.64416566479576,0.00166801145015475,1.25129929843968,0.00371964925369062,2.4762868225406,1504.436,14.75,4.604,1
"609","26B.12.4",32,33,2.07641396391071,"No",1504.436,14.75,4.604,"26B.12.4",1469.75781038955,1469.75781038955,1476.40197605435,6.64416566479576,0.00141275926498419,1.20040690582208,0.0035683650242064,2.100122772284,1504.436,14.75,4.604,1
"610","26B.12.4",32,33,1.2332722787531,"No",1504.436,14.75,4.604,"26B.12.4",1469.75781038955,1469.75781038955,1476.40197605435,6.64416566479576,0.000839098979461266,1.0538158890187,0.00313260423785388,1.25408582027164,1504.436,14.75,4.604,1
"611","26B.12.4",32,33,1.37871863959781,"No",1504.436,14.75,4.604,"26B.12.4",1469.75781038955,1469.75781038955,1476.40197605435,6.64416566479576,0.000938058386117636,1.08359978893634,0.00322114073846471,1.4001204322938,1504.436,14.75,4.604,1
"612","26B.12.4",32,33,1.37675753941061,"Yes",1504.436,14.75,4.604,"26B.12.4",1469.75781038955,1469.75781038955,1476.40197605435,6.64416566479576,0.000936724084524993,1.0832142530235,0.00321999468302277,1.39815171752437,1504.436,14.75,4.604,1
"613","26B.12.4",32,33,1.18677628289443,"Yes",1504.436,14.75,4.604,"26B.12.4",1469.75781038955,1469.75781038955,1476.40197605435,6.64416566479576,0.000807463838263174,1.04373972861733,0.00310265154582906,1.20739081376505,1504.436,14.75,4.604,1
"614","26B.12.4",32,33,56.1179794670947,"Yes",1504.436,14.75,4.604,"26B.12.4",1469.75781038955,1469.75781038955,1476.40197605435,6.64416566479576,0.0381817868701925,2.73700446853809,0.00813610032503056,56.1720370655196,1504.436,14.75,4.604,1
"615","26B.12.4",32,33,3.04190221126833,"No",1504.436,14.75,4.604,"26B.12.4",1469.75781038955,1469.75781038955,1476.40197605435,6.64416566479576,0.00206966221901695,1.3206456711028,0.00392579032932629,3.06798581258163,1504.436,14.75,4.604,1
"616","26B.12.4",32,33,1.83935878754512,"No",1504.436,14.75,4.604,"26B.12.4",1469.75781038955,1469.75781038955,1476.40197605435,6.64416566479576,0.00125147066716904,1.16457272077932,0.00346184326732769,1.86235984771881,1504.436,14.75,4.604,1
"617","26B.12.4",32,33,1.23145390627841,"No",1504.436,14.75,4.604,"26B.12.4",1469.75781038955,1469.75781038955,1476.40197605435,6.64416566479576,0.000837861787549895,1.05342722986866,0.0031314488981848,1.25225977152879,1504.436,14.75,4.604,1
"618","26B.12.4",32,33,1.7581649767354,"No",1504.436,14.75,4.604,"26B.12.4",1469.75781038955,1469.75781038955,1476.40197605435,6.64416566479576,0.00119622768071524,1.15150255551737,0.00342299050802152,1.78090789273972,1504.436,14.75,4.604,1
"619","26B.12.4",32,33,0.387764279274329,"No",1504.436,14.75,4.604,"26B.12.4",1469.75781038955,1469.75781038955,1476.40197605435,6.64416566479576,0.000263828691049142,0.789118000010013,0.00234575547470634,0.403349867257379,1504.436,14.75,4.604,1
"620","26B.12.4",32,33,1.48706260395032,"No",1504.436,14.75,4.604,"26B.12.4",1469.75781038955,1469.75781038955,1476.40197605435,6.64416566479576,0.00101177390821702,1.10428789891192,0.00328263882523492,1.50887300012288,1504.436,14.75,4.604,1
"621","26B.12.4",32,33,1.56738793137838,"No",1504.436,14.75,4.604,"26B.12.4",1469.75781038955,1469.75781038955,1476.40197605435,6.64416566479576,0.00106642599229525,1.11890734462622,0.00332609702137421,1.58948707100557,1504.436,14.75,4.604,1
"622","26B.12.4",32,33,1.526627995576,"No",1504.436,14.75,4.604,"26B.12.4",1469.75781038955,1469.75781038955,1476.40197605435,6.64416566479576,0.00103869357576088,1.11156101219846,0.00330425909661364,1.54858204041331,1504.436,14.75,4.604,1
"623","26B.12.4",32,33,16.3936912922265,"No",1504.436,14.75,4.604,"26B.12.4",1469.75781038955,1469.75781038955,1476.40197605435,6.64416566479576,0.011154008623966,2.01219093506764,0.00598149820689617,16.4334333572368,1504.436,14.75,4.604,1
"624","26B.12.4",32,33,1.52995744219255,"No",1504.436,14.75,4.604,"26B.12.4",1469.75781038955,1469.75781038955,1476.40197605435,6.64416566479576,0.00104095887865161,1.11216657232252,0.00330605920252462,1.55192344723174,1504.436,14.75,4.604,1
"625","26B.12.4",32,33,1.26767960959794,"No",1504.436,14.75,4.604,"26B.12.4",1469.75781038955,1469.75781038955,1476.40197605435,6.64416566479576,0.000862509183919183,1.06109037763849,0.00315422859758885,1.28863682694495,1504.436,14.75,4.604,1
"626","26B.12.4",32,33,1.12676496540244,"No",1504.436,14.75,4.604,"26B.12.4",1469.75781038955,1469.75781038955,1476.40197605435,6.64416566479576,0.000766633085694439,1.03028726983198,0.00306266236950362,1.14711380156076,1504.436,14.75,4.604,1
"627","26B.12.4",32,33,11.577669003831,"No",1504.436,14.75,4.604,"26B.12.4",1469.75781038955,1469.75781038955,1476.40197605435,6.64416566479576,0.00787726312593119,1.84461307346363,0.00548335130580889,11.6141012983051,1504.436,14.75,4.604,1
"628","26B.12.4",32,33,7.95678247756552,"No",1504.436,14.75,4.604,"26B.12.4",1469.75781038955,1469.75781038955,1476.40197605435,6.64416566479576,0.00541366912379708,1.67951687339099,0.00499258146508962,7.98995401591456,1504.436,14.75,4.604,1
"629","26B.12.4",32,33,2.26697823126862,"No",1504.436,14.75,4.604,"26B.12.4",1469.75781038955,1469.75781038955,1476.40197605435,6.64416566479576,0.00154241618261431,1.22704880677428,0.00364756152588857,2.29121323431916,1504.436,14.75,4.604,1
"630","26B.12.4",32,33,3.99490725597509,"No",1504.436,14.75,4.604,"26B.12.4",1469.75781038955,1469.75781038955,1476.40197605435,6.64416566479576,0.00271807179913286,1.41376320806737,0.00420259427008425,4.02282998852745,1504.436,14.75,4.604,1
"631","26B.12.4",32,33,2.4497732638789,"No",1504.436,14.75,4.604,"26B.12.4",1469.75781038955,1469.75781038955,1476.40197605435,6.64416566479576,0.00166678703563385,1.25106960412958,0.00371896645760003,2.47448269312502,1504.436,14.75,4.604,1
"632","26B.12.4",32,33,2.57890644491614,"No",1504.436,14.75,4.604,"26B.12.4",1469.75781038955,1469.75781038955,1476.40197605435,6.64416566479576,0.00175464721240884,1.26724007019713,0.00376703526265329,2.60393525126634,1504.436,14.75,4.604,1
"633","26B.12.4",32,33,1.63808643050068,"No",1504.436,14.75,4.604,"26B.12.4",1469.75781038955,1469.75781038955,1476.40197605435,6.64416566479576,0.00111452813444585,1.13131671341543,0.00336298547756781,1.66043066314195,1504.436,14.75,4.604,1
"634","26B.12.4",32,33,1.68302870353356,"No",1504.436,14.75,4.604,"26B.12.4",1469.75781038955,1469.75781038955,1476.40197605435,6.64416566479576,0.00114510614717365,1.13899778811665,0.00338581846709762,1.70552464233989,1504.436,14.75,4.604,1
"635","26B.12.4",32,33,1.37520679541935,"No",1504.436,14.75,4.604,"26B.12.4",1469.75781038955,1469.75781038955,1476.40197605435,6.64416566479576,0.00093566898280667,1.08290909798735,0.00321908757014908,1.39659494652491,1504.436,14.75,4.604,1
"636","26B.12.4",32,33,1.50550259088484,"No",1504.436,14.75,4.604,"26B.12.4",1469.75781038955,1469.75781038955,1476.40197605435,6.64416566479576,0.00102432018407565,1.107695462793,0.00329276825027571,1.52738028863546,1504.436,14.75,4.604,1
"637","26B.12.4",32,33,59.8733808468865,"No",1504.436,14.75,4.604,"26B.12.4",1469.75781038955,1469.75781038955,1476.40197605435,6.64416566479576,0.040736902654062,2.78168818249612,0.00826892845294798,59.9283209773982,1504.436,14.75,4.604,1
"638","26B.12.4",32,33,14.2106536050222,"No",1504.436,14.75,4.604,"26B.12.4",1469.75781038955,1469.75781038955,1476.40197605435,6.64416566479576,0.00966870426172847,1.94157205837395,0.00577157444819374,14.2490009018027,1504.436,14.75,4.604,1
"639","26B.12.4",32,33,2.97992977533715,"No",1504.436,14.75,4.604,"26B.12.4",1469.75781038955,1469.75781038955,1476.40197605435,6.64416566479576,0.0020274971524372,1.31386731065808,0.0039056407748585,3.00587949967249,1504.436,14.75,4.604,1
"640","26B.12.4",32,33,3.62697924945833,"No",1504.436,14.75,4.604,"26B.12.4",1469.75781038955,1469.75781038955,1476.40197605435,6.64416566479576,0.00246773939476261,1.38002281934326,0.004102296593986,3.6542355876349,1504.436,14.75,4.604,1
"641","26B.12.4",32,33,2.00401905004412,"No",1504.436,14.75,4.604,"26B.12.4",1469.75781038955,1469.75781038955,1476.40197605435,6.64416566479576,0.00136350290903572,1.18980410068275,0.00353684681247824,2.02751844619723,1504.436,14.75,4.604,1
"642","26B.12.4",32,33,1.75499074296151,"No",1504.436,14.75,4.604,"26B.12.4",1469.75781038955,1469.75781038955,1476.40197605435,6.64416566479576,0.00119406798219114,1.15098246559213,0.00342144447334807,1.77772338685534,1504.436,14.75,4.604,1
"643","26B.12.4",32,33,1.53091786978718,"No",1504.436,14.75,4.604,"26B.12.4",1469.75781038955,1469.75781038955,1476.40197605435,6.64416566479576,0.00104161233841746,1.11234107131165,0.00330657792337381,1.55288732129363,1504.436,14.75,4.604,1
"644","26B.12.4",32,33,1.4159780083166,"No",1504.436,14.75,4.604,"26B.12.4",1469.75781038955,1469.75781038955,1476.40197605435,6.64416566479576,0.000963409072098284,1.09084771709264,0.00324268614378141,1.43752295225482,1504.436,14.75,4.604,1
"645","26B.12.4",32,33,1.49583036643385,"No",1504.436,14.75,4.604,"26B.12.4",1469.75781038955,1469.75781038955,1476.40197605435,6.64416566479576,0.00101773935532779,1.10591204035966,0.00328746679607411,1.51767284044448,1504.436,14.75,4.604,1
"646","26B.12.4",32,33,31.9659516745589,"No",1504.436,14.75,4.604,"26B.12.4",1469.75781038955,1469.75781038955,1476.40197605435,6.64416566479576,0.0217491286309862,2.37778131318089,0.00706826296317878,32.0129143846486,1504.436,14.75,4.604,1
"647","26B.12.4",32,33,1.18475527275875,"No",1504.436,14.75,4.604,"26B.12.4",1469.75781038955,1469.75781038955,1476.40197605435,6.64416566479576,0.00080608877488784,1.0432950877412,0.00310132979322751,1.20536102168612,1504.436,14.75,4.604,1
"648","26B.12.4",32,33,5.5543124594658,"No",1504.436,14.75,4.604,"26B.12.4",1469.75781038955,1469.75781038955,1476.40197605435,6.64416566479576,0.00377906646945707,1.53517389526394,0.00456350326490582,5.58463313116967,1504.436,14.75,4.604,1
"649","26B.12.4",32,33,1.89659660961205,"No",1504.436,14.75,4.604,"26B.12.4",1469.75781038955,1469.75781038955,1476.40197605435,6.64416566479576,0.00129041437725673,1.17352877358012,0.00348846629441486,1.9197745575882,1504.436,14.75,4.604,1
"650","26B.12.4",32,33,1.33216804951203,"No",1504.436,14.75,4.604,"26B.12.4",1469.75781038955,1469.75781038955,1476.40197605435,6.64416566479576,0.000906386099869707,1.07433507128292,0.00319360016511974,1.3533868580762,1504.436,14.75,4.604,1
"651","26B.12.4",32,33,1.09964375554118,"Yes",1504.436,14.75,4.604,"26B.12.4",1469.75781038955,1469.75781038955,1476.40197605435,6.64416566479576,0.000748180242872619,1.0240307620064,0.00304406408954521,1.11986902164638,1504.436,14.75,4.604,1
"652","26B.12.4",32,33,31.8267539415705,"Yes",1504.436,14.75,4.604,"26B.12.4",1469.75781038955,1469.75781038955,1476.40197605435,6.64416566479576,0.0216544206920288,2.37518852610359,0.00706055556773066,31.873665442448,1504.436,14.75,4.604,1
"653","26B.12.4",32,33,9.81283250172375,"No",1504.436,14.75,4.604,"26B.12.4",1469.75781038955,1469.75781038955,1476.40197605435,6.64416566479576,0.00667649624472682,1.7698994587656,0.00526125540797006,9.84778915425911,1504.436,14.75,4.604,1
"654","26B.12.4",32,33,5.60361153577801,"No",1504.436,14.75,4.604,"26B.12.4",1469.75781038955,1469.75781038955,1476.40197605435,6.64416566479576,0.00381260878232231,1.53856909706925,0.00457359594207507,5.633999264901,1504.436,14.75,4.604,1
"655","26B.12.4",32,33,2.07521780772137,"No",1504.436,14.75,4.604,"26B.12.4",1469.75781038955,1469.75781038955,1476.40197605435,6.64416566479576,0.00141194541920573,1.20023398938237,0.00356785100769037,2.09892320088377,1504.436,14.75,4.604,1
"656","26B.12.4",32,33,2.15302464926167,"No",1504.436,14.75,4.604,"26B.12.4",1469.75781038955,1469.75781038955,1476.40197605435,6.64416566479576,0.00146488396526433,1.21132937890912,0.00360083349031784,2.17694918350269,1504.436,14.75,4.604,1
"657","26B.12.4",32,33,3.75432842620368,"No",1504.436,14.75,4.604,"26B.12.4",1469.75781038955,1469.75781038955,1476.40197605435,6.64416566479576,0.00255438576319497,1.39198022458464,0.00413784152998785,3.78182093082359,1504.436,14.75,4.604,1
"658","26B.12.4",32,33,1.65051273248548,"No",1504.436,14.75,4.604,"26B.12.4",1469.75781038955,1469.75781038955,1476.40197605435,6.64416566479576,0.00112298279404824,1.13345614084244,0.00336934520272878,1.6728992201943,1504.436,14.75,4.604,1
"659","26B.12.4",32,33,4.26835437396671,"No",1504.436,14.75,4.604,"26B.12.4",1469.75781038955,1469.75781038955,1476.40197605435,6.64416566479576,0.00290412089923537,1.43735855181575,0.00427273448583733,4.2967431297323,1504.436,14.75,4.604,1
"660","26B.12.4",32,33,3.33955260982074,"No",1504.436,14.75,4.604,"26B.12.4",1469.75781038955,1469.75781038955,1476.40197605435,6.64416566479576,0.00227217884893267,1.35182997586359,0.0040184897147371,3.36625212120773,1504.436,14.75,4.604,1
"661","26B.12.4",32,33,1.42395079403623,"No",1504.436,14.75,4.604,"26B.12.4",1469.75781038955,1469.75781038955,1476.40197605435,6.64416566479576,0.000968833629575215,1.09238001340666,0.00324724109306332,1.44552600181207,1504.436,14.75,4.604,1
"662","26B.12.4",32,33,1.65959014807656,"No",1504.436,14.75,4.604,"26B.12.4",1469.75781038955,1469.75781038955,1476.40197605435,6.64416566479576,0.00112915892424256,1.1350113697496,0.00337396832211441,1.68200735255646,1504.436,14.75,4.604,1
"663","26B.12.4",32,33,1.55814063578236,"No",1504.436,14.75,4.604,"26B.12.4",1469.75781038955,1469.75781038955,1476.40197605435,6.64416566479576,0.00106013427842876,1.11725334474939,0.00332118029248679,1.5802071078483,1504.436,14.75,4.604,1
"664","26B.12.4",32,33,1.62812839186705,"No",1504.436,14.75,4.604,"26B.12.4",1469.75781038955,1469.75781038955,1476.40197605435,6.64416566479576,0.00110775284224244,1.12959344219021,0.0033578628306241,1.65043858879338,1504.436,14.75,4.604,1
"665","26B.12.4",32,33,1.14183282457069,"No",1504.436,14.75,4.604,"26B.12.4",1469.75781038955,1469.75781038955,1476.40197605435,6.64416566479576,0.000776885019082192,1.03371455404463,0.00307285041578452,1.1622493517963,1504.436,14.75,4.604,1
"666","26B.12.4",32,33,56.8799393615178,"No",1504.436,14.75,4.604,"26B.12.4",1469.75781038955,1469.75781038955,1476.40197605435,6.64416566479576,0.038700212347531,2.74624817412217,0.00816357843727759,56.9341795290726,1504.436,14.75,4.604,1
"667","26B.12.4",32,33,1.9872512764334,"No",1504.436,14.75,4.604,"26B.12.4",1469.75781038955,1469.75781038955,1476.40197605435,6.64416566479576,0.00135209438071071,1.18730745894594,0.00352942522150904,2.01070136230661,1504.436,14.75,4.604,1
"668","26B.12.4",32,33,2.0195480388835,"No",1504.436,14.75,4.604,"26B.12.4",1469.75781038955,1469.75781038955,1476.40197605435,6.64416566479576,0.00137406858776837,1.19210235806096,0.00354367868024345,2.04309282709784,1504.436,14.75,4.604,1
"669","26B.12.4",32,33,1.52928475391586,"No",1504.436,14.75,4.604,"26B.12.4",1469.75781038955,1469.75781038955,1476.40197605435,6.64416566479576,0.00104050119217297,1.11204430343142,0.00330569574240755,1.55124834406582,1504.436,14.75,4.604,1
"670","26B.12.4",32,33,1.36854438146062,"No",1504.436,14.75,4.604,"26B.12.4",1469.75781038955,1469.75781038955,1476.40197605435,6.64416566479576,0.000931135981579096,1.08159512591073,0.00321518161794382,1.38990658077264,1504.436,14.75,4.604,1
"671","26B.12.4",32,33,1.48920612447662,"Yes",1504.436,14.75,4.604,"26B.12.4",1469.75781038955,1469.75781038955,1476.40197605435,6.64416566479576,0.00101323232572713,1.10468562684697,0.00328382112304218,1.51102437603167,1504.436,14.75,4.604,1
"672","26B.12.4",32,33,22.7172401984487,"Yes",1504.436,14.75,4.604,"26B.12.4",1469.75781038955,1469.75781038955,1476.40197605435,6.64416566479576,0.0154564514220391,2.18317672431289,0.00648977561434845,22.7603593427577,1504.436,14.75,4.604,1
"673","26B.12.4",32,33,9.4860191481881,"No",1504.436,14.75,4.604,"26B.12.4",1469.75781038955,1469.75781038955,1476.40197605435,6.64416566479576,0.00645413760085676,1.75497526272783,0.0052168913020179,9.52068103825394,1504.436,14.75,4.604,1
"674","26B.12.4",32,33,10.3528860973497,"No",1504.436,14.75,4.604,"26B.12.4",1469.75781038955,1469.75781038955,1476.40197605435,6.64416566479576,0.00704394018127769,1.79376422840531,0.00533219652708564,10.3883140944329,1504.436,14.75,4.604,1
"675","26B.12.4",32,33,1.08594698585803,"Yes",1504.436,14.75,4.604,"26B.12.4",1469.75781038955,1469.75781038955,1476.40197605435,6.64416566479576,0.000738861177114754,1.02082701836062,0.00303454054655602,1.10610897596588,1504.436,14.75,4.604,1
"676","26B.12.4",32,33,18.7813538376252,"Yes",1504.436,14.75,4.604,"26B.12.4",1469.75781038955,1469.75781038955,1476.40197605435,6.64416566479576,0.0127785365077579,2.08176510105733,0.00618831642770265,18.822470037157,1504.436,14.75,4.604,1
"677","26B.12.4",32,33,1.84340095542844,"No",1504.436,14.75,4.604,"26B.12.4",1469.75781038955,1469.75781038955,1476.40197605435,6.64416566479576,0.00125422089435256,1.16521200933015,0.00346374363535629,1.86641464196213,1504.436,14.75,4.604,1
"678","26B.12.4",32,33,1.40093266323821,"No",1504.436,14.75,4.604,"26B.12.4",1469.75781038955,1469.75781038955,1476.40197605435,6.64416566479576,0.000953172456941663,1.08793842342015,0.00323403789147987,1.42242014675543,1504.436,14.75,4.604,1
"679","26B.12.4",32,33,1.13860443153074,"No",1504.436,14.75,4.604,"26B.12.4",1469.75781038955,1469.75781038955,1476.40197605435,6.64416566479576,0.000774688471448884,1.03298310259916,0.0030706760816131,1.1590065121199,1504.436,14.75,4.604,1
"680","26B.12.4",32,33,14.3271335853772,"No",1504.436,14.75,4.604,"26B.12.4",1469.75781038955,1469.75781038955,1476.40197605435,6.64416566479576,0.00974795540061115,1.94553849167408,0.00578336518497673,14.3655592217662,1504.436,14.75,4.604,1
"681","26B.12.4",32,33,1.26616060647465,"No",1504.436,14.75,4.604,"26B.12.4",1469.75781038955,1469.75781038955,1476.40197605435,6.64416566479576,0.000861475678186099,1.06077237055943,0.00315328328035279,1.28711154297735,1504.436,14.75,4.604,1
"682","26B.12.4",32,33,8.985572269235,"No",1504.436,14.75,4.604,"26B.12.4",1469.75781038955,1469.75781038955,1476.40197605435,6.64416566479576,0.00611364144875912,1.73135623536337,0.00514668068364813,9.01976766832096,1504.436,14.75,4.604,1
"683","26B.12.4",32,33,1.47601021739881,"No",1504.436,14.75,4.604,"26B.12.4",1469.75781038955,1469.75781038955,1476.40197605435,6.64416566479576,0.00100425403897503,1.1022302884983,0.00327652231174455,1.49777997444244,1504.436,14.75,4.604,1
"684","26B.12.4",32,33,3.97840648166836,"No",1504.436,14.75,4.604,"26B.12.4",1469.75781038955,1469.75781038955,1476.40197605435,6.64416566479576,0.00270684493291715,1.41230107096882,0.00419824787815852,4.00630033607272,1504.436,14.75,4.604,1
"685","26B.12.4",32,33,1.54510767083414,"No",1504.436,14.75,4.604,"26B.12.4",1469.75781038955,1469.75781038955,1476.40197605435,6.64416566479576,0.00105126685492804,1.11490968256285,0.00331421345304723,1.56712785406468,1504.436,14.75,4.604,1
"686","26B.12.4",32,33,0.668523334445239,"No",1504.436,14.75,4.604,"26B.12.4",1469.75781038955,1469.75781038955,1476.40197605435,6.64416566479576,0.000454852717719562,0.90423048089557,0.00268794223542007,0.686382467954772,1504.436,14.75,4.604,1
"687","26B.12.4",32,33,1.63398899446244,"No",1504.436,14.75,4.604,"26B.12.4",1469.75781038955,1469.75781038955,1476.40197605435,6.64416566479576,0.00111174030368266,1.13060859260503,0.00336088049673133,1.6563192412623,1504.436,14.75,4.604,1
"688","26B.12.4",32,33,1.44882206950871,"No",1504.436,14.75,4.604,"26B.12.4",1469.75781038955,1469.75781038955,1476.40197605435,6.64416566479576,0.000985755652575649,1.09711906805532,0.00326132854688758,1.47049087666156,1504.436,14.75,4.604,1
"689","26B.12.4",32,33,11.4225996626269,"No",1504.436,14.75,4.604,"26B.12.4",1469.75781038955,1469.75781038955,1476.40197605435,6.64416566479576,0.00777175639542915,1.83840519674264,0.00546489758810838,11.4589093475435,1504.436,14.75,4.604,1
"690","26B.12.4",32,33,2.93539970699745,"No",1504.436,14.75,4.604,"26B.12.4",1469.75781038955,1469.75781038955,1476.40197605435,6.64416566479576,0.00199719959727204,1.30893117546217,0.00389096747357837,2.96125193948824,1504.436,14.75,4.604,1
"691","26B.12.4",32,33,1.46428889006536,"No",1504.436,14.75,4.604,"26B.12.4",1469.75781038955,1469.75781038955,1476.40197605435,6.64416566479576,0.000996279032990651,1.1000354772591,0.0032699979510276,1.48601529817553,1504.436,14.75,4.604,1
"692","26B.12.4",32,33,7.10112801291625,"No",1504.436,14.75,4.604,"26B.12.4",1469.75781038955,1469.75781038955,1476.40197605435,6.64416566479576,0.00483149534074198,1.6324197310558,0.00485257910869375,7.13336935241594,1504.436,14.75,4.604,1
"693","26B.12.4",32,33,2.14105558963296,"No",1504.436,14.75,4.604,"26B.12.4",1469.75781038955,1469.75781038955,1476.40197605435,6.64416566479576,0.00145674040613908,1.20964235725312,0.00359581859991432,2.16494680411135,1504.436,14.75,4.604,1
"694","26B.12.4",32,33,1.29189816437608,"No",1504.436,14.75,4.604,"26B.12.4",1469.75781038955,1469.75781038955,1476.40197605435,6.64416566479576,0.000878987106068629,1.06612240491712,0.00316918695050638,1.31295476749795,1504.436,14.75,4.604,1
"695","26B.12.4",32,33,1.75367131818285,"No",1504.436,14.75,4.604,"26B.12.4",1469.75781038955,1469.75781038955,1476.40197605435,6.64416566479576,0.00119317026641148,1.15076607369272,0.0034208012203964,1.7763996881975,1504.436,14.75,4.604,1
"696","26B.12.4",32,33,1.1012342956732,"Yes",1504.436,14.75,4.604,"26B.12.4",1469.75781038955,1469.75781038955,1476.40197605435,6.64416566479576,0.000749262421256552,1.02440085443651,0.00304516423723424,1.1214668713419,1504.436,14.75,4.604,1
"697","26B.12.4",32,33,1.56201755183314,"Yes",1504.436,14.75,4.604,"26B.12.4",1469.75781038955,1469.75781038955,1476.40197605435,6.64416566479576,0.00106277207087549,1.11794767580355,0.00332324428148658,1.58409773738392,1504.436,14.75,4.604,1
"698","26B.12.4",32,33,1.33566548920935,"No",1504.436,14.75,4.604,"26B.12.4",1469.75781038955,1469.75781038955,1476.40197605435,6.64416566479576,0.000908765702599218,1.07503951103871,0.00319569420354456,1.35689821091173,1504.436,14.75,4.604,1
"699","26B.12.4",32,33,0.336345379792247,"No",1504.436,14.75,4.604,"26B.12.4",1469.75781038955,1469.75781038955,1476.40197605435,6.64416566479576,0.000228844083980816,0.761546394977045,0.00226379530721338,0.35138641084456,1504.436,14.75,4.604,1
"700","26B.12.4",32,33,1.68222959222038,"No",1504.436,14.75,4.604,"26B.12.4",1469.75781038955,1469.75781038955,1476.40197605435,6.64416566479576,0.00114456244445778,1.13886256342891,0.00338541649419676,1.70472286025216,1504.436,14.75,4.604,1
"701","26B.12.4",32,33,3.06732390973021,"No",1504.436,14.75,4.604,"26B.12.4",1469.75781038955,1469.75781038955,1476.40197605435,6.64416566479576,0.00208695874112568,1.32339628139381,0.00393396687472109,3.09346183736567,1504.436,14.75,4.604,1
"702","26B.12.4",32,33,1.41051737855358,"No",1504.436,14.75,4.604,"26B.12.4",1469.75781038955,1469.75781038955,1476.40197605435,6.64416566479576,0.000959693745855809,1.08979449640478,0.00323955530885609,1.43204152070589,1504.436,14.75,4.604,1
"703","26B.12.4",32,33,4.0226106606528,"No",1504.436,14.75,4.604,"26B.12.4",1469.75781038955,1469.75781038955,1476.40197605435,6.64416566479576,0.00273692075811227,1.41620785886291,0.0042098613112458,4.05058167663053,1504.436,14.75,4.604,1
"704","26B.12.4",32,33,1.20008029291184,"No",1504.436,14.75,4.604,"26B.12.4",1469.75781038955,1469.75781038955,1476.40197605435,6.64416566479576,0.000816515676547937,1.04665264674095,0.00311131057228108,1.2207523557887,1504.436,14.75,4.604,1
"705","26B.12.4",32,33,4.61525125087732,"No",1504.436,14.75,4.604,"26B.12.4",1469.75781038955,1469.75781038955,1476.40197605435,6.64416566479576,0.00314014405519918,1.46571265362423,0.00435702072635749,4.64420001838819,1504.436,14.75,4.604,1
"706","26B.12.4",32,33,2.64748135238741,"No",1504.436,14.75,4.604,"26B.12.4",1469.75781038955,1469.75781038955,1476.40197605435,6.64416566479576,0.00180130449634128,1.27558154550971,0.00379183137854643,2.67267490823944,1504.436,14.75,4.604,1
"707","26B.12.4",32,33,1.66305093824797,"No",1504.436,14.75,4.604,"26B.12.4",1469.75781038955,1469.75781038955,1476.40197605435,6.64416566479576,0.0011315135912135,1.13560262539966,0.00337572590612346,1.6854798204072,1504.436,14.75,4.604,1
"708","26B.12.4",32,33,1.55581817610858,"No",1504.436,14.75,4.604,"26B.12.4",1469.75781038955,1469.75781038955,1476.40197605435,6.64416566479576,0.00105855411354896,1.11683678616175,0.00331994201812545,1.57787642087452,1504.436,14.75,4.604,1
"709","26B.12.4",32,33,1.61338737819405,"No",1504.436,14.75,4.604,"26B.12.4",1469.75781038955,1469.75781038955,1476.40197605435,6.64416566479576,0.00109772328936727,1.12702789081971,0.00335023639684246,1.6356469038309,1504.436,14.75,4.604,1
"710","26B.12.4",32,33,1.55966350829296,"No",1504.436,14.75,4.604,"26B.12.4",1469.75781038955,1469.75781038955,1476.40197605435,6.64416566479576,0.00106117041683186,1.11752623590027,0.00332199149678217,1.58173537013462,1504.436,14.75,4.604,1
"711","26B.12.4",32,33,1.37926356918797,"No",1504.436,14.75,4.604,"26B.12.4",1469.75781038955,1469.75781038955,1476.40197605435,6.64416566479576,0.000938429147603852,1.08370684451543,0.00322145897504117,1.40066747630049,1504.436,14.75,4.604,1
"712","26B.12.4",32,33,1.0611129350611,"Yes",1504.436,14.75,4.604,"26B.12.4",1469.75781038955,1469.75781038955,1476.40197605435,6.64416566479576,0.000721964481195619,1.01494007771312,0.00301704085290694,1.08115865430527,1504.436,14.75,4.604,1
"713","26B.12.4",32,33,49.0980046676405,"Yes",1504.436,14.75,4.604,"26B.12.4",1469.75781038955,1469.75781038955,1476.40197605435,6.64416566479576,0.0334055068941102,2.64707325863218,0.00786876815420052,49.1502860668349,1504.436,14.75,4.604,1
"714","26B.12.4",32,33,1.90804000945172,"No",1504.436,14.75,4.604,"26B.12.4",1469.75781038955,1469.75781038955,1476.40197605435,6.64416566479576,0.00129820028576409,1.1752949478351,0.003493716476172,1.93125284050524,1504.436,14.75,4.604,1
"715","26B.12.4",32,33,8.7208348510399,"No",1504.436,14.75,4.604,"26B.12.4",1469.75781038955,1469.75781038955,1476.40197605435,6.64416566479576,0.00593351829083221,1.71846034774777,0.00510834598722111,8.75477554805209,1504.436,14.75,4.604,1
"716","26B.12.4",32,33,2.04970687343048,"No",1504.436,14.75,4.604,"26B.12.4",1469.75781038955,1469.75781038955,1476.40197605435,6.64416566479576,0.00139458818244839,1.19652820210383,0.00355683507496974,2.07333907491094,1504.436,14.75,4.604,1
"717","26B.12.4",32,33,1.70546630567496,"No",1504.436,14.75,4.604,"26B.12.4",1469.75781038955,1469.75781038955,1476.40197605435,6.64416566479576,0.00116037233727843,1.14277514463018,0.00339704714864008,1.72803684970164,1504.436,14.75,4.604,1
"718","26B.12.4",32,33,1.86875837306067,"No",1504.436,14.75,4.604,"26B.12.4",1469.75781038955,1469.75781038955,1476.40197605435,6.64416566479576,0.00127147368080008,1.16919860330216,0.003475594302348,1.89185079738909,1504.436,14.75,4.604,1
"719","26B.12.4",32,33,1.22591589256854,"No",1504.436,14.75,4.604,"26B.12.4",1469.75781038955,1469.75781038955,1476.40197605435,6.64416566479576,0.000834093810492234,1.05224087633793,0.00312792230863848,1.24669832657375,1504.436,14.75,4.604,1
"720","26B.12.4",32,33,17.8603779946751,"No",1504.436,14.75,4.604,"26B.12.4",1469.75781038955,1469.75781038955,1476.40197605435,6.64416566479576,0.0121519190906298,2.05576118334353,0.00611101641383885,17.9009806001089,1504.436,14.75,4.604,1
"721","26B.12.4",32,33,8.02947410058774,"No",1504.436,14.75,4.604,"26B.12.4",1469.75781038955,1469.75781038955,1476.40197605435,6.64416566479576,0.00546312735596865,1.68333973653728,0.00500394542099273,8.06272114294242,1504.436,14.75,4.604,1
"722","26B.12.4",32,33,1.55565471786045,"No",1504.436,14.75,4.604,"26B.12.4",1469.75781038955,1469.75781038955,1476.40197605435,6.64416566479576,0.00105844289913869,1.11680745057161,0.00331985481428372,1.57771238322962,1504.436,14.75,4.604,1
"723","26B.12.4",32,33,4.96616924907015,"No",1504.436,14.75,4.604,"26B.12.4",1469.75781038955,1469.75781038955,1476.40197605435,6.64416566479576,0.00337890311857155,1.4928128992025,0.00443757971681303,4.9956532638594,1504.436,14.75,4.604,1
"724","26B.12.4",32,33,5.43433345361695,"No",1504.436,14.75,4.604,"26B.12.4",1469.75781038955,1469.75781038955,1476.40197605435,6.64416566479576,0.00369743464889403,1.52681553750875,0.00453865696376512,5.46448904237988,1504.436,14.75,4.604,1
"725","26B.12.4",32,33,3.46473458088896,"No",1504.436,14.75,4.604,"26B.12.4",1469.75781038955,1469.75781038955,1476.40197605435,6.64416566479576,0.00235735068485239,1.36432391752413,0.00405562957474599,3.49168085565862,1504.436,14.75,4.604,1
"726","26B.12.4",32,33,2.17763283152614,"No",1504.436,14.75,4.604,"26B.12.4",1469.75781038955,1469.75781038955,1476.40197605435,6.64416566479576,0.00148162698380148,1.2147758903998,0.00361107869217333,2.20162543658556,1504.436,14.75,4.604,1
"727","26B.12.4",32,33,1.52597642221652,"No",1504.436,14.75,4.604,"26B.12.4",1469.75781038955,1469.75781038955,1476.40197605435,6.64416566479576,0.00103825025553841,1.11144238809785,0.00330390647110841,1.54792812415156,1504.436,14.75,4.604,1
"728","26B.12.4",32,33,1.57748070265358,"No",1504.436,14.75,4.604,"26B.12.4",1469.75781038955,1469.75781038955,1476.40197605435,6.64416566479576,0.00107329295445995,1.12070423686727,0.00333143851632407,1.59961533205812,1504.436,14.75,4.604,1
"729","26B.12.4",32,33,1.45531725035282,"Yes",1504.436,14.75,4.604,"26B.12.4",1469.75781038955,1469.75781038955,1476.40197605435,6.64416566479576,0.000990174871033409,1.09834662357384,0.00326497761467975,1.4770103025166,1504.436,14.75,4.604,1
"730","26B.12.4",32,33,47.9887054978285,"Yes",1504.436,14.75,4.604,"26B.12.4",1469.75781038955,1469.75781038955,1476.40197605435,6.64416566479576,0.0326507572598709,2.63199317473221,0.00782394065138478,48.0406890556679,1504.436,14.75,4.604,1
"731","26B.12.4",32,33,1.99503832988318,"No",1504.436,14.75,4.604,"26B.12.4",1469.75781038955,1469.75781038955,1476.40197605435,6.64416566479576,0.00135739256888481,1.18846887117372,0.00353287766980153,2.0185113543948,1504.436,14.75,4.604,1
"732","26B.12.4",32,33,1.04518744190653,"No",1504.436,14.75,4.604,"26B.12.4",1469.75781038955,1469.75781038955,1476.40197605435,6.64416566479576,0.000711129027189529,1.0111103261937,0.0030056564204224,1.06515752109528,1504.436,14.75,4.604,1
"733","26B.12.4",32,33,15.4207548924958,"No",1504.436,14.75,4.604,"26B.12.4",1469.75781038955,1469.75781038955,1476.40197605435,6.64416566479576,0.010492038064699,1.98164752210197,0.00589070395536531,15.4598937054575,1504.436,14.75,4.604,1
"734","26B.12.4",32,33,4.32894213697538,"No",1504.436,14.75,4.604,"26B.12.4",1469.75781038955,1469.75781038955,1476.40197605435,6.64416566479576,0.00294534385622895,1.44243232107375,0.00428781692219564,4.35743110294677,1504.436,14.75,4.604,1
"735","26B.12.4",32,33,1.86516921417424,"No",1504.436,14.75,4.604,"26B.12.4",1469.75781038955,1469.75781038955,1476.40197605435,6.64416566479576,0.00126903167378297,1.16863680443519,0.0034739242824424,1.88825054261374,1504.436,14.75,4.604,1
"736","26B.12.4",32,33,1.54032972478563,"No",1504.436,14.75,4.604,"26B.12.4",1469.75781038955,1469.75781038955,1476.40197605435,6.64416566479576,0.00104801601590222,1.11404677073759,0.00331164833586798,1.56233286495268,1504.436,14.75,4.604,1
"737","26B.12.4",32,33,5.75425409861541,"No",1504.436,14.75,4.604,"26B.12.4",1469.75781038955,1469.75781038955,1476.40197605435,6.64416566479576,0.00391510360274274,1.54880684351838,0.00460402896955813,5.78484402981467,1504.436,14.75,4.604,1
"738","26B.12.4",32,33,1.51518561458147,"No",1504.436,14.75,4.604,"26B.12.4",1469.75781038955,1469.75781038955,1476.40197605435,6.64416566479576,0.00103090836045966,1.10947228941029,0.00329805009755974,1.53709840580045,1504.436,14.75,4.604,1
"739","26B.12.4",32,33,2.05641328885438,"No",1504.436,14.75,4.604,"26B.12.4",1469.75781038955,1469.75781038955,1476.40197605435,6.64416566479576,0.00139915112157787,1.19750573069784,0.0035597409053412,2.08006479715322,1504.436,14.75,4.604,1
"740","26B.12.4",32,33,2.4844098248185,"No",1504.436,14.75,4.604,"26B.12.4",1469.75781038955,1469.75781038955,1476.40197605435,6.64416566479576,0.00169035320462765,1.25546846783466,0.0037320426497773,2.5092061344517,1504.436,14.75,4.604,1
"741","26B.12.4",32,33,1.65675302563026,"No",1504.436,14.75,4.604,"26B.12.4",1469.75781038955,1469.75781038955,1476.40197605435,6.64416566479576,0.00112722859094122,1.13452597390274,0.00337252542008309,1.67916064323003,1504.436,14.75,4.604,1
"742","26B.12.4",32,33,5.8929180697448,"No",1504.436,14.75,4.604,"26B.12.4",1469.75781038955,1469.75781038955,1476.40197605435,6.64416566479576,0.00400944837856172,1.55805434125567,0.00463151835447182,5.92369064497146,1504.436,14.75,4.604,1
"743","26B.12.4",32,33,1.30936277169036,"Yes",1504.436,14.75,4.604,"26B.12.4",1469.75781038955,1469.75781038955,1476.40197605435,6.64416566479576,0.000890869749039346,1.06970739264785,0.00317984379092315,1.33049018062542,1504.436,14.75,4.604,1
"744","26B.12.4",32,33,1.29199239007374,"Yes",1504.436,14.75,4.604,"26B.12.4",1469.75781038955,1469.75781038955,1476.40197605435,6.64416566479576,0.000879051215745062,1.06614184402283,0.00316924473576618,1.31304937713045,1504.436,14.75,4.604,1
"745","26B.12.4",32,33,8.32965570701619,"No",1504.436,14.75,4.604,"26B.12.4",1469.75781038955,1469.75781038955,1476.40197605435,6.64416566479576,0.0056673661797439,1.69885676032199,0.00505007178421557,8.36320922056963,1504.436,14.75,4.604,1
"746","26B.12.4",32,33,1.40057460032328,"No",1504.436,14.75,4.604,"26B.12.4",1469.75781038955,1469.75781038955,1476.40197605435,6.64416566479576,0.000952928836589793,1.08786890049522,0.00323383122557974,1.42206071071802,1504.436,14.75,4.604,1
"747","26B.12.4",32,33,6.78763123240871,"No",1504.436,14.75,4.604,"26B.12.4",1469.75781038955,1469.75781038955,1476.40197605435,6.64416566479576,0.00461819708283074,1.61409673803213,0.00479811163843237,6.81951068101264,1504.436,14.75,4.604,1
"748","26B.12.4",32,33,1.45974619751139,"No",1504.436,14.75,4.604,"26B.12.4",1469.75781038955,1469.75781038955,1476.40197605435,6.64416566479576,0.000993188256726794,1.09918131742571,0.00326745885027786,1.48145573541554,1504.436,14.75,4.604,1
"749","26B.12.4",32,33,1.85203084162302,"No",1504.436,14.75,4.604,"26B.12.4",1469.75781038955,1469.75781038955,1476.40197605435,6.64416566479576,0.00126009253261403,1.16657335745841,0.00346779041901197,1.87507141565772,1504.436,14.75,4.604,1
"750","26B.12.4",32,33,1.32782485987742,"No",1504.436,14.75,4.604,"26B.12.4",1469.75781038955,1469.75781038955,1476.40197605435,6.64416566479576,0.000903431062241126,1.07345835072228,0.00319099399968582,1.34902635264671,1504.436,14.75,4.604,1
"751","26B.12.4",32,33,30.6865284881752,"No",1504.436,14.75,4.604,"26B.12.4",1469.75781038955,1469.75781038955,1476.40197605435,6.64416566479576,0.0208786293029066,2.35362322035968,0.00699644990291012,30.7330140603955,1504.436,14.75,4.604,1
"752","26B.12.4",32,33,9.80800100431022,"No",1504.436,14.75,4.604,"26B.12.4",1469.75781038955,1469.75781038955,1476.40197605435,6.64416566479576,0.00667320897019807,1.76968155929599,0.00526060767357066,9.84295335319092,1504.436,14.75,4.604,1
"753","26B.12.4",32,33,2.42967336327132,"No",1504.436,14.75,4.604,"26B.12.4",1469.75781038955,1469.75781038955,1476.40197605435,6.64416566479576,0.00165311138072969,1.24849547636804,0.00371131452938505,2.45433195183871,1504.436,14.75,4.604,1
"754","26B.12.4",32,33,1.14168687972528,"No",1504.436,14.75,4.604,"26B.12.4",1469.75781038955,1469.75781038955,1476.40197605435,6.64416566479576,0.000776785720514515,1.03368152106922,0.00307275222098614,1.16210275452839,1504.436,14.75,4.604,1
"755","26B.12.4",32,33,1.11087416132928,"No",1504.436,14.75,4.604,"26B.12.4",1469.75781038955,1469.75781038955,1476.40197605435,6.64416566479576,0.00075582123359144,1.02663535505377,0.00305180657976868,1.13115086982218,1504.436,14.75,4.604,1
"756","26B.12.4",32,33,36.2189142680755,"No",1504.436,14.75,4.604,"26B.12.4",1469.75781038955,1469.75781038955,1476.40197605435,6.64416566479576,0.0246427772059098,2.45320508849034,0.00729246990542687,36.2673666462327,1504.436,14.75,4.604,1
"757","26B.12.4",32,33,9.74702431169924,"No",1504.436,14.75,4.604,"26B.12.4",1469.75781038955,1469.75781038955,1476.40197605435,6.64416566479576,0.00663172139164605,1.76692457998738,0.00525241219544607,9.78192220846558,1504.436,14.75,4.604,1
"758","26B.12.4",32,33,1.93994699126901,"No",1504.436,14.75,4.604,"26B.12.4",1469.75781038955,1469.75781038955,1476.40197605435,6.64416566479576,0.0013199092922356,1.1801778673416,0.00350823158692197,1.96325626312299,1504.436,14.75,4.604,1
"759","26B.12.4",32,33,11.7709145128641,"No",1504.436,14.75,4.604,"26B.12.4",1469.75781038955,1469.75781038955,1476.40197605435,6.64416566479576,0.00800874431804808,1.85226257294172,0.0055060904338978,11.8074978898723,1504.436,14.75,4.604,1
"760","26B.12.4",32,33,6.65370237259267,"No",1504.436,14.75,4.604,"26B.12.4",1469.75781038955,1469.75781038955,1476.40197605435,6.64416566479576,0.00452707400196033,1.60607507639336,0.0047742662101122,6.68542338822049,1504.436,14.75,4.604,1
"761","26B.12.4",32,33,1.17014375517344,"No",1504.436,14.75,4.604,"26B.12.4",1469.75781038955,1469.75781038955,1476.40197605435,6.64416566479576,0.000796147329105398,1.04006337857391,0.00309172311910307,1.19068567576644,1504.436,14.75,4.604,1
"762","26B.12.4",32,33,11.8857129438918,"No",1504.436,14.75,4.604,"26B.12.4",1469.75781038955,1469.75781038955,1476.40197605435,6.64416566479576,0.00808685135732772,1.85676229897126,0.00551946645239988,11.9223851933828,1504.436,14.75,4.604,1
"763","26B.12.4",32,33,14.4942930889738,"No",1504.436,14.75,4.604,"26B.12.4",1469.75781038955,1469.75781038955,1476.40197605435,6.64416566479576,0.00986168808664618,1.9511886441488,0.00580016099510948,14.5328303195078,1504.436,14.75,4.604,1
"764","26B.12.4",32,33,5.23735503836505,"No",1504.436,14.75,4.604,"26B.12.4",1469.75781038955,1469.75781038955,1476.40197605435,6.64416566479576,0.00356341364634553,1.51278776670817,0.00449695759795041,5.26723356963339,1504.436,14.75,4.604,1
"765","26B.12.4",32,33,5.70540153513108,"No",1504.436,14.75,4.604,"26B.12.4",1469.75781038955,1469.75781038955,1476.40197605435,6.64416566479576,0.00388186509015312,1.54550905414411,0.00459422586345865,5.73592633286939,1504.436,14.75,4.604,1
"766","26B.12.4",32,33,1.24166151980773,"No",1504.436,14.75,4.604,"26B.12.4",1469.75781038955,1469.75781038955,1476.40197605435,6.64416566479576,0.000844806886570405,1.05560346117172,0.00313791802763477,1.26251036702589,1504.436,14.75,4.604,1
"767","26B.12.4",32,33,1.30148005306289,"No",1504.436,14.75,4.604,"26B.12.4",1469.75781038955,1469.75781038955,1476.40197605435,6.64416566479576,0.000885506471789346,1.06809376305312,0.00317504706792869,1.32257559177573,1504.436,14.75,4.604,1
"768","26B.12.4",32,33,2.6276696936443,"No",1504.436,14.75,4.604,"26B.12.4",1469.75781038955,1469.75781038955,1476.40197605435,6.64416566479576,0.00178782495664905,1.27318845838924,0.00378471761708842,2.6528159844867,1504.436,14.75,4.604,1
"769","26B.12.4",32,33,1.84791006854061,"No",1504.436,14.75,4.604,"26B.12.4",1469.75781038955,1469.75781038955,1476.40197605435,6.64416566479576,0.00125728882369459,1.16592390818974,0.0034658598469334,1.8709378155346,1504.436,14.75,4.604,1
"770","26B.12.4",32,33,1.46516023191927,"No",1504.436,14.75,4.604,"26B.12.4",1469.75781038955,1469.75781038955,1476.40197605435,6.64416566479576,0.000996871880225582,1.10019908792772,0.00327048430493363,1.48688987144536,1504.436,14.75,4.604,1
"771","26B.12.4",32,33,2.68697698710175,"No",1504.436,14.75,4.604,"26B.12.4",1469.75781038955,1469.75781038955,1476.40197605435,6.64416566479576,0.00182817670238444,1.2803125032098,0.00380589476314221,2.71226398241084,1504.436,14.75,4.604,1
"772","26B.12.4",32,33,2.73887963584159,"No",1504.436,14.75,4.604,"26B.12.4",1469.75781038955,1469.75781038955,1476.40197605435,6.64416566479576,0.00186349044480714,1.28645096399091,0.0038241421329695,2.76428786969876,1504.436,14.75,4.604,1
"773","26B.12.4",32,33,1.31458737447452,"No",1504.436,14.75,4.604,"26B.12.4",1469.75781038955,1469.75781038955,1476.40197605435,6.64416566479576,0.000894424486253351,1.07077288288577,0.00318301109867537,1.33573582752701,1504.436,14.75,4.604,1
"774","26B.12.4",32,33,1.25163410092195,"No",1504.436,14.75,4.604,"26B.12.4",1469.75781038955,1469.75781038955,1476.40197605435,6.64416566479576,0.000851592073247911,1.05771666443191,0.0031441997980629,1.2725246852635,1504.436,14.75,4.604,1
"775","26B.12.4",32,33,2.00318724968941,"No",1504.436,14.75,4.604,"26B.12.4",1469.75781038955,1469.75781038955,1476.40197605435,6.64416566479576,0.0013629369652123,1.18968061962681,0.00353647974904414,2.02668420701225,1504.436,14.75,4.604,1
"776","26B.12.4",32,33,2.3107821743865,"No",1504.436,14.75,4.604,"26B.12.4",1469.75781038955,1469.75781038955,1476.40197605435,6.64416566479576,0.00157221969364738,1.23293378170133,0.00366505537617897,2.33513340947648,1504.436,14.75,4.604,1
"777","26B.12.4",32,33,1.68710513702642,"No",1504.436,14.75,4.604,"26B.12.4",1469.75781038955,1469.75781038955,1476.40197605435,6.64416566479576,0.00114787968813669,1.13968684907544,0.00338786679005624,1.70961468522981,1504.436,14.75,4.604,1
"778","26B.12.4",32,33,1.28377514251051,"No",1504.436,14.75,4.604,"26B.12.4",1469.75781038955,1469.75781038955,1476.40197605435,6.64416566479576,0.000873460330290915,1.06444258398092,0.00316419346517518,1.3047985680886,1504.436,14.75,4.604,1
"779","26B.12.4",32,33,49.0108933459603,"No",1504.436,14.75,4.604,"26B.12.4",1469.75781038955,1469.75781038955,1476.40197605435,6.64416566479576,0.0333462377267247,2.64589834515606,0.00786527557169842,49.0631515398579,1504.436,14.75,4.604,1
"780","26B.12.4",32,33,2.92824570883124,"No",1504.436,14.75,4.604,"26B.12.4",1469.75781038955,1469.75781038955,1476.40197605435,6.64416566479576,0.00199233212991406,1.30813293140055,0.00388859458970337,2.95408217548846,1504.436,14.75,4.604,1
"781","26B.12.4",32,33,1.19244032434839,"No",1504.436,14.75,4.604,"26B.12.4",1469.75781038955,1469.75781038955,1476.40197605435,6.64416566479576,0.000811317562607368,1.04498285126904,0.00310634688894118,1.21307940769084,1504.436,14.75,4.604,1
"782","26B.12.4",32,33,0.395822168829287,"No",1504.436,14.75,4.604,"26B.12.4",1469.75781038955,1469.75781038955,1476.40197605435,6.64416566479576,0.000269311151831455,0.793185978756064,0.00235784806848118,0.411488102008695,1504.436,14.75,4.604,1
"783","26B.12.4",32,33,1.28929158785035,"No",1504.436,14.75,4.604,"26B.12.4",1469.75781038955,1469.75781038955,1476.40197605435,6.64416566479576,0.000877213632570276,1.06558423659209,0.00316758717544771,1.31033756180171,1504.436,14.75,4.604,1
"784","26B.12.4",32,33,1.1820283450942,"No",1504.436,14.75,4.604,"26B.12.4",1469.75781038955,1469.75781038955,1476.40197605435,6.64416566479576,0.000804233416375525,1.04269423598698,0.00309954368355579,1.20262222681302,1504.436,14.75,4.604,1
"785","26B.12.4",32,33,1.44668763986505,"No",1504.436,14.75,4.604,"26B.12.4",1469.75781038955,1469.75781038955,1476.40197605435,6.64416566479576,0.000984303420358496,1.09671477095012,0.00326012672137107,1.46834846189007,1504.436,14.75,4.604,1
"786","26B.12.4",32,33,1.3964738034938,"No",1504.436,14.75,4.604,"26B.12.4",1469.75781038955,1469.75781038955,1476.40197605435,6.64416566479576,0.000950138719197331,1.08707172126292,0.00323146150704783,1.41794416908604,1504.436,14.75,4.604,1
"787","26B.12.4",32,33,1.29099074502899,"No",1504.436,14.75,4.604,"26B.12.4",1469.75781038955,1469.75781038955,1476.40197605435,6.64416566479576,0.000878369712277167,1.06593514653961,0.0031686303007224,1.31204364967748,1504.436,14.75,4.604,1
"788","26B.12.4",32,33,1.10977928661667,"No",1504.436,14.75,4.604,"26B.12.4",1469.75781038955,1469.75781038955,1476.40197605435,6.64416566479576,0.000755076298130052,1.02638229921484,0.00305105433850746,1.13005099709401,1504.436,14.75,4.604,1
"789","26B.12.4",32,33,1.3336793624555,"No",1504.436,14.75,4.604,"26B.12.4",1469.75781038955,1469.75781038955,1476.40197605435,6.64416566479576,0.000907414373325911,1.07463964363142,0.00319450554587893,1.35490418651943,1504.436,14.75,4.604,1
"790","26B.12.4",32,33,48.6817591512342,"No",1504.436,14.75,4.604,"26B.12.4",1469.75781038955,1469.75781038955,1476.40197605435,6.64416566479576,0.0331223000191653,2.64144496097192,0.00785203731033473,48.7339293879302,1504.436,14.75,4.604,1
"791","26B.12.4",32,33,2.26514961426196,"No",1504.436,14.75,4.604,"26B.12.4",1469.75781038955,1469.75781038955,1476.40197605435,6.64416566479576,0.00154117202048519,1.22680128770621,0.00364682574339594,2.28937972865172,1504.436,14.75,4.604,1
"792","26B.12.4",32,33,1.87321345411941,"No",1504.436,14.75,4.604,"26B.12.4",1469.75781038955,1469.75781038955,1476.40197605435,6.64416566479576,0.00127450484758637,1.16989481748354,0.00347766388918737,1.89631962912565,1504.436,14.75,4.604,1
"793","26B.12.4",32,33,1.53493905567976,"No",1504.436,14.75,4.604,"26B.12.4",1469.75781038955,1469.75781038955,1476.40197605435,6.64416566479576,0.00104434828978588,1.11307078569436,0.00330874709390116,1.55692291951455,1504.436,14.75,4.604,1
"794","26B.12.4",32,33,0.334309792808579,"No",1504.436,14.75,4.604,"26B.12.4",1469.75781038955,1469.75781038955,1476.40197605435,6.64416566479576,0.000227459102748345,0.760391536977779,0.00226036234221417,0.349328014672716,1504.436,14.75,4.604,1
"795","26B.12.4",32,33,1.21130069262778,"No",1504.436,14.75,4.604,"26B.12.4",1469.75781038955,1469.75781038955,1476.40197605435,6.64416566479576,0.000824149859293299,1.04909058956919,0.00311855767314091,1.23202090644334,1504.436,14.75,4.604,1
"796","26B.12.4",32,33,6.89135558523989,"No",1504.436,14.75,4.604,"26B.12.4",1469.75781038955,1469.75781038955,1476.40197605435,6.64416566479576,0.00468876949421577,1.62022811832312,0.0048163379605856,6.92335613254767,1504.436,14.75,4.604,1
"797","26B.12.4",32,33,1.41004727587359,"No",1504.436,14.75,4.604,"26B.12.4",1469.75781038955,1469.75781038955,1476.40197605435,6.64416566479576,0.00095937389541741,1.08970368232415,0.00323928535223768,1.4315696243894,1504.436,14.75,4.604,1
"798","26B.12.4",32,33,17.4816894703664,"No",1504.436,14.75,4.604,"26B.12.4",1469.75781038955,1469.75781038955,1476.40197605435,6.64416566479576,0.0118942653999117,2.04477652397787,0.00607836309095879,17.5220751217135,1504.436,14.75,4.604,1
"799","26B.12.4",32,33,1.18872288768878,"Yes",1504.436,14.75,4.604,"26B.12.4",1469.75781038955,1469.75781038955,1476.40197605435,6.64416566479576,0.000808788277419474,1.04416746303339,0.00310392304178806,1.2093458665892,1504.436,14.75,4.604,1
"800","26B.12.4",32,33,1.01379265930525,"Yes",1504.436,14.75,4.604,"26B.12.4",1469.75781038955,1469.75781038955,1476.40197605435,6.64416566479576,0.000689768512974631,1.00343047221202,0.00298282705963955,1.03361105643893,1504.436,14.75,4.604,1
"801","26B.12.4",32,33,8.52163558381453,"No",1504.436,14.75,4.604,"26B.12.4",1469.75781038955,1469.75781038955,1476.40197605435,6.64416566479576,0.00579798625567835,1.70856198638253,0.00507892182586266,8.5553807818241,1504.436,14.75,4.604,1
"802","26B.12.4",32,33,2.32008874843027,"No",1504.436,14.75,4.604,"26B.12.4",1469.75781038955,1469.75781038955,1476.40197605435,6.64416566479576,0.00157855173963345,1.23417330792465,0.00366874002844181,2.34446446496031,1504.436,14.75,4.604,1
"803","26B.12.4",32,33,4.02456903049001,"No",1504.436,14.75,4.604,"26B.12.4",1469.75781038955,1469.75781038955,1476.40197605435,6.64416566479576,0.0027382532020179,1.41638019424375,0.0042103736004891,4.05254345020234,1504.436,14.75,4.604,1
"804","26B.12.4",32,33,14.6070442650904,"No",1504.436,14.75,4.604,"26B.12.4",1469.75781038955,1469.75781038955,1476.40197605435,6.64416566479576,0.00993840220601986,1.95497220132799,0.00581140810893383,14.6456562233119,1504.436,14.75,4.604,1
"805","26B.12.4",32,33,1.65089966351109,"No",1504.436,14.75,4.604,"26B.12.4",1469.75781038955,1469.75781038955,1476.40197605435,6.64416566479576,0.00112324605580665,1.13352256426171,0.00336954265494684,1.67328746312515,1504.436,14.75,4.604,1
"806","26B.12.4",32,33,0.392507110769415,"No",1504.436,14.75,4.604,"26B.12.4",1469.75781038955,1469.75781038955,1476.40197605435,6.64416566479576,0.000267055638687427,0.791519980349953,0.00235289567241122,0.408140139408896,1504.436,14.75,4.604,1
"807","26B.12.4",32,33,7.93591456268121,"No",1504.436,14.75,4.604,"26B.12.4",1469.75781038955,1469.75781038955,1476.40197605435,6.64416566479576,0.00539947092410949,1.67841458934303,0.00498930478297092,7.96906433021143,1504.436,14.75,4.604,1
"808","26B.12.4",32,33,9.62395151671802,"No",1504.436,14.75,4.604,"26B.12.4",1469.75781038955,1469.75781038955,1476.40197605435,6.64416566479576,0.0065479846058224,1.76132036509955,0.00523575294074094,9.65873872663625,1504.436,14.75,4.604,1
"809","26B.12.4",32,33,3.77636933417253,"No",1504.436,14.75,4.604,"26B.12.4",1469.75781038955,1469.75781038955,1476.40197605435,6.64416566479576,0.00256938204885037,1.39401875120467,0.00414390131442972,3.80390210100417,1504.436,14.75,4.604,1
"810","26B.12.4",32,33,1.59016913475024,"No",1504.436,14.75,4.604,"26B.12.4",1469.75781038955,1469.75781038955,1476.40197605435,6.64416566479576,0.00108192596325021,1.12295106117736,0.00333811749263184,1.61234814037984,1504.436,14.75,4.604,1
"811","26B.12.4",32,33,2.70428373812071,"No",1504.436,14.75,4.604,"26B.12.4",1469.75781038955,1469.75781038955,1476.40197605435,6.64416566479576,0.0018399519424251,1.28236915741973,0.00381200843419325,2.72961135367309,1504.436,14.75,4.604,1
"812","26B.12.4",32,33,3.82578524205753,"No",1504.436,14.75,4.604,"26B.12.4",1469.75781038955,1469.75781038955,1476.40197605435,6.64416566479576,0.00260300385207242,1.39855692137074,0.00415739161310758,3.85340764066845,1504.436,14.75,4.604,1
"813","26B.12.4",32,33,3.65300262278148,"No",1504.436,14.75,4.604,"26B.12.4",1469.75781038955,1469.75781038955,1476.40197605435,6.64416566479576,0.00248544528694375,1.3824915834125,0.00410963531497716,3.68030772063608,1504.436,14.75,4.604,1
"814","26B.12.4",32,33,1.90352676650946,"No",1504.436,14.75,4.604,"26B.12.4",1469.75781038955,1469.75781038955,1476.40197605435,6.64416566479576,0.0012951295465509,1.17459932520711,0.00349164864780172,1.92672585856872,1504.436,14.75,4.604,1
"815","26B.12.4",32,33,2.19069401656375,"No",1504.436,14.75,4.604,"26B.12.4",1469.75781038955,1469.75781038955,1476.40197605435,6.64416566479576,0.0014905136078053,1.21659332835059,0.00361648126190681,2.21472251719149,1504.436,14.75,4.604,1
"816","26B.12.4",32,33,1.5408923162119,"No",1504.436,14.75,4.604,"26B.12.4",1469.75781038955,1469.75781038955,1476.40197605435,6.64416566479576,0.00104839879422277,1.11414848067126,0.00331195068182095,1.56289746521556,1504.436,14.75,4.604,1
"817","26B.12.4",32,33,1.36406838263083,"No",1504.436,14.75,4.604,"26B.12.4",1469.75781038955,1469.75781038955,1476.40197605435,6.64416566479576,0.000928090582671776,1.08070966548637,0.00321254947213287,1.38541309353004,1504.436,14.75,4.604,1
"818","26B.12.4",32,33,1.47285324731015,"No",1504.436,14.75,4.604,"26B.12.4",1469.75781038955,1469.75781038955,1476.40197605435,6.64416566479576,0.00100210608638969,1.10164043782045,0.00327476890419737,1.49461135442356,1504.436,14.75,4.604,1
"819","26B.12.4",32,33,1.03361351363802,"No",1504.436,14.75,4.604,"26B.12.4",1469.75781038955,1469.75781038955,1476.40197605435,6.64416566479576,0.000703254309200827,1.00829948340589,0.00299730082612858,1.05352807687405,1504.436,14.75,4.604,1
"820","26B.12.4",32,33,1.38534637341043,"Yes",1504.436,14.75,4.604,"26B.12.4",1469.75781038955,1469.75781038955,1476.40197605435,6.64416566479576,0.000942567791521551,1.08489970981429,0.00322500492166176,1.40677384037973,1504.436,14.75,4.604,1
"821","26B.12.4",32,33,49.41873300062,"Yes",1504.436,14.75,4.604,"26B.12.4",1469.75781038955,1469.75781038955,1476.40197605435,6.64416566479576,0.0336237253861042,2.65138565153709,0.00788158730072313,49.4710995723476,1504.436,14.75,4.604,1
"822","26B.12.4",32,33,1.40953038906276,"No",1504.436,14.75,4.604,"26B.12.4",1469.75781038955,1469.75781038955,1476.40197605435,6.64416566479576,0.000959022213795328,1.08960380430674,0.00323898845189308,1.4310507649235,1504.436,14.75,4.604,1
"823","26B.12.4",32,33,1.29575617527457,"No",1504.436,14.75,4.604,"26B.12.4",1469.75781038955,1469.75781038955,1476.40197605435,6.64416566479576,0.000881612035748351,1.06691745862956,0.00317155035065516,1.31682848121856,1504.436,14.75,4.604,1
"824","26B.12.4",32,33,18.6610456488628,"No",1504.436,14.75,4.604,"26B.12.4",1469.75781038955,1469.75781038955,1476.40197605435,6.64416566479576,0.0126966807163398,2.07842325899998,0.00617838236929627,18.7020958448649,1504.436,14.75,4.604,1
"825","26B.12.4",32,33,2.59951214960979,"No",1504.436,14.75,4.604,"26B.12.4",1469.75781038955,1469.75781038955,1476.40197605435,6.64416566479576,0.0017686670084242,1.2697638625267,0.00377453756227645,2.62459080248154,1504.436,14.75,4.604,1
"826","26B.12.4",32,33,8.09577195847633,"No",1504.436,14.75,4.604,"26B.12.4",1469.75781038955,1469.75781038955,1476.40197605435,6.64416566479576,0.00550823537133005,1.68680378408833,0.00501424275105922,8.12908741799787,1504.436,14.75,4.604,1
"827","26B.12.4",32,33,6.31360532209377,"No",1504.436,14.75,4.604,"26B.12.4",1469.75781038955,1469.75781038955,1476.40197605435,6.64416566479576,0.00429567734048672,1.58514632225863,0.00471205277740669,6.34491298136812,1504.436,14.75,4.604,1
"828","26B.12.4",32,33,4.15062122494254,"No",1504.436,14.75,4.604,"26B.12.4",1469.75781038955,1469.75781038955,1476.40197605435,6.64416566479576,0.0028240171241835,1.42734275726122,0.00424296123911186,4.17881216232451,1504.436,14.75,4.604,1
"829","26B.12.4",32,33,3.10430342342874,"No",1504.436,14.75,4.604,"26B.12.4",1469.75781038955,1469.75781038955,1476.40197605435,6.64416566479576,0.00211211901817073,1.32736707525288,0.00394577057383036,3.13051977679654,1504.436,14.75,4.604,1
"830","26B.12.4",32,33,2.87946711231123,"No",1504.436,14.75,4.604,"26B.12.4",1469.75781038955,1469.75781038955,1476.40197605435,6.64416566479576,0.00195914394327868,1.30265086037797,0.00387229842345982,2.90519530454022,1504.436,14.75,4.604,1
"831","26B.12.4",32,33,2.67662713590035,"No",1504.436,14.75,4.604,"26B.12.4",1469.75781038955,1469.75781038955,1476.40197605435,6.64416566479576,0.00182113482709843,1.27907782316724,0.00380222451677943,2.70188974548458,1504.436,14.75,4.604,1
"832","26B.12.4",32,33,2.61478941895773,"No",1504.436,14.75,4.604,"26B.12.4",1469.75781038955,1469.75781038955,1476.40197605435,6.64416566479576,0.00177906142119067,1.27162535784295,0.00378007109823582,2.63990483755911,1504.436,14.75,4.604,1
"833","26B.12.4",32,33,1.7529685824742,"No",1504.436,14.75,4.604,"26B.12.4",1469.75781038955,1469.75781038955,1476.40197605435,6.64416566479576,0.00119269213613472,1.15065077187503,0.0034204584708075,1.7756946752038,1504.436,14.75,4.604,1
"834","26B.12.4",32,33,1.76679045382778,"No",1504.436,14.75,4.604,"26B.12.4",1469.75781038955,1469.75781038955,1476.40197605435,6.64416566479576,0.00120209631909321,1.15291226940366,0.0034271810651581,1.78956121258794,1504.436,14.75,4.604,1
"835","26B.12.4",32,33,1.19592672888501,"No",1504.436,14.75,4.604,"26B.12.4",1469.75781038955,1469.75781038955,1476.40197605435,6.64416566479576,0.000813689657187828,1.04574583395389,0.0031086149538061,1.21658088162616,1504.436,14.75,4.604,1
"836","26B.12.4",32,33,1.10607452511301,"No",1504.436,14.75,4.604,"26B.12.4",1469.75781038955,1469.75781038955,1476.40197605435,6.64416566479576,0.000752555636918065,1.02552463518258,0.00304850482107268,1.12632929617414,1504.436,14.75,4.604,1
"837","26B.12.4",32,33,57.9990812938411,"No",1504.436,14.75,4.604,"26B.12.4",1469.75781038955,1469.75781038955,1476.40197605435,6.64416566479576,0.0394616588419209,2.7596580928823,0.0082034411578676,58.0535863159153,1504.436,14.75,4.604,1
"838","26B.2.4",32,33,6.18750143404666,"No",1094.558,19.053,3.419,"26B.2.4",1070.29601366037,1070.29601366037,1076.34629387471,6.05028021434032,0.00578111228582981,1.57717116414825,0.0081125905188086,6.23658487994965,1094.558,19.053,3.419,1
"839","26B.2.4",32,33,1.79067494893999,"No",1094.558,19.053,3.419,"26B.2.4",1070.29601366037,1070.29601366037,1076.34629387471,6.05028021434032,0.00167306513906928,1.15678910459703,0.00595024594384025,1.82667560424447,1094.558,19.053,3.419,1
"840","26B.2.4",32,33,1.69888385932033,"No",1094.558,19.053,3.419,"26B.2.4",1070.29601366037,1070.29601366037,1076.34629387471,6.05028021434032,0.00158730280000783,1.14167087654496,0.00587248140163683,1.73441401735373,1094.558,19.053,3.419,1
"841","26B.2.4",32,33,1.13490965628996,"Yes",1094.558,19.053,3.419,"26B.2.4",1070.29601366037,1070.29601366037,1076.34629387471,6.05028021434032,0.00106036988067312,1.0321440724944,0.00530910176834523,1.1670312096749,1094.558,19.053,3.419,1
"842","26B.2.4",32,33,15.1595297128249,"Yes",1094.558,19.053,3.419,"26B.2.4",1070.29601366037,1070.29601366037,1076.34629387471,6.05028021434032,0.0141638663690616,1.97320147824395,0.0101496755507484,15.2209380939916,1094.558,19.053,3.419,1
"843","26B.2.4",32,33,2.26959720333136,"No",1094.558,19.053,3.419,"26B.2.4",1070.29601366037,1070.29601366037,1076.34629387471,6.05028021434032,0.00212053224001967,1.22740304653042,0.00631346713938749,2.30779544864868,1094.558,19.053,3.419,1
"844","26B.2.4",32,33,6.69003896115364,"No",1094.558,19.053,3.419,"26B.2.4",1070.29601366037,1070.29601366037,1076.34629387471,6.05028021434032,0.0062506436310773,1.60826333754478,0.00827252120790539,6.74009003254054,1094.558,19.053,3.419,1
"845","26B.2.4",32,33,3.16992962487646,"No",1094.558,19.053,3.419,"26B.2.4",1070.29601366037,1070.29601366037,1076.34629387471,6.05028021434032,0.00296173169330549,1.334327402875,0.00686346040532395,3.2114554835687,1094.558,19.053,3.419,1
"846","26B.2.4",32,33,2.30775831841289,"No",1094.558,19.053,3.419,"26B.2.4",1070.29601366037,1070.29601366037,1076.34629387471,6.05028021434032,0.00215618696973414,1.23253023381097,0.00633984016209159,2.34611612790767,1094.558,19.053,3.419,1
"847","26B.2.4",32,33,2.45863225849113,"No",1094.558,19.053,3.419,"26B.2.4",1070.29601366037,1070.29601366037,1076.34629387471,6.05028021434032,0.00229715165441259,1.25219911892846,0.00644101219373081,2.49760218712718,1094.558,19.053,3.419,1
"848","26B.2.4",32,33,2.24989021620309,"No",1094.558,19.053,3.419,"26B.2.4",1070.29601366037,1070.29601366037,1076.34629387471,6.05028021434032,0.00210211958886827,1.22472993143576,0.0062997172759195,2.28800527099353,1094.558,19.053,3.419,1
"849","26B.2.4",32,33,1.45943593103376,"No",1094.558,19.053,3.419,"26B.2.4",1070.29601366037,1070.29601366037,1076.34629387471,6.05028021434032,0.00136358158155008,1.09912290550754,0.00565362483471559,1.49364194551054,1094.558,19.053,3.419,1
"850","26B.2.4",32,33,63.5870078838404,"No",1094.558,19.053,3.419,"26B.2.4",1070.29601366037,1070.29601366037,1076.34629387471,6.05028021434032,0.0594106743109087,2.82385307985522,0.0145252235412976,63.6748895564412,1094.558,19.053,3.419,1
"851","26B.2.4",32,33,1.71662747707502,"No",1094.558,19.053,3.419,"26B.2.4",1070.29601366037,1070.29601366037,1076.34629387471,6.05028021434032,0.00160388103399938,1.14464025425449,0.00588775516900001,1.7522500456809,1094.558,19.053,3.419,1
"852","26B.2.4",32,33,1.20756072382358,"No",1094.558,19.053,3.419,"26B.2.4",1070.29601366037,1070.29601366037,1076.34629387471,6.05028021434032,0.00112824929590625,1.04827986661048,0.00539210042653474,1.24018444234798,1094.558,19.053,3.419,1
"853","26B.2.4",32,33,22.9711980793286,"No",1094.558,19.053,3.419,"26B.2.4",1070.29601366037,1070.29601366037,1076.34629387471,6.05028021434032,0.021462471863992,2.18925278916011,0.0112609917200757,23.0393302347264,1094.558,19.053,3.419,1
"854","26B.2.4",32,33,3.08468764849155,"No",1094.558,19.053,3.419,"26B.2.4",1070.29601366037,1070.29601366037,1076.34629387471,6.05028021434032,0.002882088328015,1.32526521403195,0.00681684667755683,3.12593148106896,1094.558,19.053,3.419,1
"855","26B.2.4",32,33,3.1081054790994,"No",1094.558,19.053,3.419,"26B.2.4",1070.29601366037,1070.29601366037,1076.34629387471,6.05028021434032,0.00290396809801225,1.32777331834352,0.00682974776509933,3.14942736687152,1094.558,19.053,3.419,1
"856","26B.2.4",32,33,1.37259547905069,"No",1094.558,19.053,3.419,"26B.2.4",1070.29601366037,1070.29601366037,1076.34629387471,6.05028021434032,0.00128244472700263,1.08239466006774,0.00556757874889044,1.40628089059688,1094.558,19.053,3.419,1
"857","26B.2.4",32,33,12.9423104931627,"No",1094.558,19.053,3.419,"26B.2.4",1070.29601366037,1070.29601366037,1076.34629387471,6.05028021434032,0.0120922719770772,1.89671882078266,0.00975626708889081,13.0013386428965,1094.558,19.053,3.419,1
"858","26B.2.4",32,33,1.38860402749565,"No",1094.558,19.053,3.419,"26B.2.4",1070.29601366037,1070.29601366037,1076.34629387471,6.05028021434032,0.00129740184936939,1.08553693595672,0.0055837418630558,1.42238723041168,1094.558,19.053,3.419,1
"859","26B.2.4",32,33,1.34962095793942,"No",1094.558,19.053,3.419,"26B.2.4",1070.29601366037,1070.29601366037,1076.34629387471,6.05028021434032,0.00126097915036025,1.07783666604879,0.00554413351992385,1.38316451928067,1094.558,19.053,3.419,1
"860","26B.2.4",32,33,1.2837720192105,"No",1094.558,19.053,3.419,"26B.2.4",1070.29601366037,1070.29601366037,1076.34629387471,6.05028021434032,0.00119945510664853,1.06444193655901,0.00547523424130979,1.31689872060957,1094.558,19.053,3.419,1
"861","26B.2.4",32,33,1.46447183809709,"Yes",1094.558,19.053,3.419,"26B.2.4",1070.29601366037,1070.29601366037,1076.34629387471,6.05028021434032,0.00136828673507682,1.10006983521579,0.00565849561421483,1.4987073221547,1094.558,19.053,3.419,1
"862","26B.2.4",32,33,12.1702154840789,"Yes",1094.558,19.053,3.419,"26B.2.4",1070.29601366037,1070.29601366037,1076.34629387471,6.05028021434032,0.0113708874262338,1.86777503806481,0.00960738720660988,12.2283428688066,1094.558,19.053,3.419,1
"863","26B.2.4",32,33,1.83530443206538,"No",1094.558,19.053,3.419,"26B.2.4",1070.29601366037,1070.29601366037,1076.34629387471,6.05028021434032,0.00171476340063036,1.16393044537894,0.00598697928948836,1.87152733440424,1094.558,19.053,3.419,1
"864","26B.2.4",32,33,8.73827219755331,"No",1094.558,19.053,3.419,"26B.2.4",1070.29601366037,1070.29601366037,1076.34629387471,6.05028021434032,0.00816435087679037,1.71931872159513,0.00884376349041066,8.79177944481964,1094.558,19.053,3.419,1
"865","26B.2.4",32,33,1.15773849614326,"No",1094.558,19.053,3.419,"26B.2.4",1070.29601366037,1070.29601366037,1076.34629387471,6.05028021434032,0.00108169934426256,1.03729579793622,0.00533560100947063,1.19002037736247,1094.558,19.053,3.419,1
"866","26B.2.4",32,33,6.64562664982374,"No",1094.558,19.053,3.419,"26B.2.4",1070.29601366037,1070.29601366037,1076.34629387471,6.05028021434032,0.00620914827767688,1.60558752360536,0.00825875746222676,6.69559444669248,1094.558,19.053,3.419,1
"867","26B.2.4",32,33,6.45080909609566,"No",1094.558,19.053,3.419,"26B.2.4",1070.29601366037,1070.29601366037,1076.34629387471,6.05028021434032,0.00602712615366484,1.59368889858819,0.00819755378649681,6.50040659357609,1094.558,19.053,3.419,1
"868","26B.2.4",32,33,1.34051256966218,"No",1094.558,19.053,3.419,"26B.2.4",1070.29601366037,1070.29601366037,1076.34629387471,6.05028021434032,0.00125246899227222,1.07601350618139,0.00553475562246368,1.37399939209598,1094.558,19.053,3.419,1
"869","26B.2.4",32,33,1.50533838332341,"No",1094.558,19.053,3.419,"26B.2.4",1070.29601366037,1070.29601366037,1076.34629387471,6.05028021434032,0.00140646920488399,1.10766525703114,0.00569756464388403,1.53981024595822,1094.558,19.053,3.419,1
"870","26B.2.4",32,33,2.02077402608252,"No",1094.558,19.053,3.419,"26B.2.4",1070.29601366037,1070.29601366037,1076.34629387471,6.05028021434032,0.00188805152994221,1.19228323635812,0.00613281925188947,2.05787930106035,1094.558,19.053,3.419,1
"871","26B.2.4",32,33,1.64730639601901,"No",1094.558,19.053,3.419,"26B.2.4",1070.29601366037,1070.29601366037,1076.34629387471,6.05028021434032,0.00153911289493202,1.13290526774312,0.00582739321052998,1.68256375786187,1094.558,19.053,3.419,1
"872","26B.2.4",32,33,1.51616666233963,"No",1094.558,19.053,3.419,"26B.2.4",1070.29601366037,1070.29601366037,1076.34629387471,6.05028021434032,0.00141658629294002,1.10965183525485,0.0057077831262079,1.55070034965587,1094.558,19.053,3.419,1
"873","26B.2.4",32,33,1.07059596005084,"No",1094.558,19.053,3.419,"26B.2.4",1070.29601366037,1070.29601366037,1076.34629387471,6.05028021434032,0.00100028024619978,1.01720011371516,0.00523223362551975,1.10225243963212,1094.558,19.053,3.419,1
"874","26B.2.4",32,33,57.9826342088993,"No",1094.558,19.053,3.419,"26B.2.4",1070.29601366037,1070.29601366037,1076.34629387471,6.05028021434032,0.0541743905133318,2.75946242961716,0.0141940134668962,58.0685119677402,1094.558,19.053,3.419,1
"875","26B.2.4",32,33,1.36259136674219,"No",1094.558,19.053,3.419,"26B.2.4",1070.29601366037,1070.29601366037,1076.34629387471,6.05028021434032,0.00127309767517696,1.08041699799158,0.00555740612909292,1.39621523108809,1094.558,19.053,3.419,1
"876","26B.2.4",32,33,1.10741162770661,"Yes",1094.558,19.053,3.419,"26B.2.4",1070.29601366037,1070.29601366037,1076.34629387471,6.05028021434032,0.00103467789618248,1.0258344268015,0.00527664646292951,1.13933681739934,1094.558,19.053,3.419,1
"877","26B.2.4",32,33,10.8507388635456,"Yes",1094.558,19.053,3.419,"26B.2.4",1070.29601366037,1070.29601366037,1076.34629387471,6.05028021434032,0.0101380727621665,1.81495068023367,0.00933567136863077,10.9072222913148,1094.558,19.053,3.419,1
"878","26B.2.4",32,33,1.80245839624368,"No",1094.558,19.053,3.419,"26B.2.4",1070.29601366037,1070.29601366037,1076.34629387471,6.05028021434032,0.00168407466087754,1.15868747471949,0.00596001070482926,1.83851813108836,1094.558,19.053,3.419,1
"879","26B.2.4",32,33,1.64198357213338,"No",1094.558,19.053,3.419,"26B.2.4",1070.29601366037,1070.29601366037,1076.34629387471,6.05028021434032,0.00153413966900415,1.13198898769306,0.00582268008552763,1.67721241824929,1094.558,19.053,3.419,1
"880","26B.2.4",32,33,1.66639917959993,"No",1094.558,19.053,3.419,"26B.2.4",1070.29601366037,1070.29601366037,1076.34629387471,6.05028021434032,0.00155695168283483,1.13617377512569,0.00584420562924849,1.70175826128711,1094.558,19.053,3.419,1
"881","26B.2.4",32,33,1.34688261523444,"No",1094.558,19.053,3.419,"26B.2.4",1070.29601366037,1070.29601366037,1076.34629387471,6.05028021434032,0.00125842065937268,1.07728952455388,0.00554131915518973,1.38040914888043,1094.558,19.053,3.419,1
"882","26B.2.4",32,33,1.18453360096086,"Yes",1094.558,19.053,3.419,"26B.2.4",1070.29601366037,1070.29601366037,1076.34629387471,6.05028021434032,0.00110673457234489,1.04324628328943,0.00536620888016727,1.21700066837455,1094.558,19.053,3.419,1
"883","26B.2.4",32,33,37.2152906014342,"Yes",1094.558,19.053,3.419,"26B.2.4",1070.29601366037,1070.29601366037,1076.34629387471,6.05028021434032,0.0347710260773178,2.46990559342697,0.0127046024902497,37.292157006512,1094.558,19.053,3.419,1
"884","26B.2.4",32,33,2.19881145045075,"No",1094.558,19.053,3.419,"26B.2.4",1070.29601366037,1070.29601366037,1076.34629387471,6.05028021434032,0.00205439562736564,1.21771876199682,0.0062636535004657,2.2367083092941,1094.558,19.053,3.419,1
"885","26B.2.4",32,33,1.2348815104848,"No",1094.558,19.053,3.419,"26B.2.4",1070.29601366037,1070.29601366037,1076.34629387471,6.05028021434032,0.00115377567955387,1.05415948808169,0.00542234379040405,1.26768820983523,1094.558,19.053,3.419,1
"886","26B.2.4",32,33,41.7283646847412,"No",1094.558,19.053,3.419,"26B.2.4",1070.29601366037,1070.29601366037,1076.34629387471,6.05028021434032,0.0389876857917388,2.5416037424722,0.0130734005873634,41.8074624216491,1094.558,19.053,3.419,1
"887","26B.2.4",32,33,1.84301419146005,"No",1094.558,19.053,3.419,"26B.2.4",1070.29601366037,1070.29601366037,1076.34629387471,6.05028021434032,0.00172196679043679,1.16515088623573,0.00599325694479213,1.87927507537258,1094.558,19.053,3.419,1
"888","26B.2.4",32,33,9.07157891974107,"No",1094.558,19.053,3.419,"26B.2.4",1070.29601366037,1070.29601366037,1076.34629387471,6.05028021434032,0.00847576633376088,1.73548442623821,0.00892691600118342,9.12558926299811,1094.558,19.053,3.419,1
"889","26B.2.4",32,33,1.21510232708417,"Yes",1094.558,19.053,3.419,"26B.2.4",1070.29601366037,1070.29601366037,1076.34629387471,6.05028021434032,0.0011352955739119,1.04991275817715,0.00540049962945144,1.24777686313979,1094.558,19.053,3.419,1
"890","26B.2.4",32,33,13.4838157626294,"Yes",1094.558,19.053,3.419,"26B.2.4",1070.29601366037,1070.29601366037,1076.34629387471,6.05028021434032,0.0125982117008128,1.91625456501912,0.00985675427574363,13.5434518880016,1094.558,19.053,3.419,1
"891","26B.2.4",32,33,2.11588872321865,"No",1094.558,19.053,3.419,"26B.2.4",1070.29601366037,1070.29601366037,1076.34629387471,6.05028021434032,0.00197691918517232,1.20607191927773,0.00620374493254054,2.15342311843881,1094.558,19.053,3.419,1
"892","26B.2.4",32,33,1.3279640708871,"No",1094.558,19.053,3.419,"26B.2.4",1070.29601366037,1070.29601366037,1076.34629387471,6.05028021434032,0.00124074466683802,1.07348648533373,0.00552175723279261,1.36137224942105,1094.558,19.053,3.419,1
"893","26B.2.4",32,33,1.42711589177693,"No",1094.558,19.053,3.419,"26B.2.4",1070.29601366037,1070.29601366037,1076.34629387471,6.05028021434032,0.00133338429141322,1.09298653213649,0.00562206080060092,1.46113093500263,1094.558,19.053,3.419,1
"894","26B.2.4",32,33,1.38132923078026,"No",1094.558,19.053,3.419,"26B.2.4",1070.29601366037,1070.29601366037,1076.34629387471,6.05028021434032,0.00129060485431144,1.08411237169762,0.00557641424588621,1.41506809955911,1094.558,19.053,3.419,1
"895","26B.2.4",32,33,65.1596817808664,"No",1094.558,19.053,3.419,"26B.2.4",1070.29601366037,1070.29601366037,1076.34629387471,6.05028021434032,0.0608800564976624,2.84115376517215,0.0146142141206725,65.2481018714089,1094.558,19.053,3.419,1
"896","26B.2.4",32,33,1.31484497770822,"No",1094.558,19.053,3.419,"26B.2.4",1070.29601366037,1070.29601366037,1076.34629387471,6.05028021434032,0.00122848722309214,1.07082533552137,0.00550806891586949,1.34817033808912,1094.558,19.053,3.419,1
"897","26B.2.4",32,33,1.18337104344908,"No",1094.558,19.053,3.419,"26B.2.4",1070.29601366037,1070.29601366037,1076.34629387471,6.05028021434032,0.00110564837049331,1.04299021616884,0.00536489173226228,1.21583014174886,1094.558,19.053,3.419,1
"898","26B.2.4",32,33,1.17454270474059,"No",1094.558,19.053,3.419,"26B.2.4",1070.29601366037,1070.29601366037,1076.34629387471,6.05028021434032,0.00109739986858748,1.04103948740316,0.00535485765095966,1.2069410940368,1094.558,19.053,3.419,1
"899","26B.2.4",32,33,13.1982508081009,"No",1094.558,19.053,3.419,"26B.2.4",1070.29601366037,1070.29601366037,1076.34629387471,6.05028021434032,0.0123314023780799,1.9060272013613,0.00980414716794904,13.2575686457297,1094.558,19.053,3.419,1
"900","26B.2.4",32,33,16.8111637396026,"No",1094.558,19.053,3.419,"26B.2.4",1070.29601366037,1070.29601366037,1076.34629387471,6.05028021434032,0.0157070226601228,2.02488071673558,0.0104155011692588,16.8741804402494,1094.558,19.053,3.419,1
"901","26B.2.4",32,33,16.7946370432363,"No",1094.558,19.053,3.419,"26B.2.4",1070.29601366037,1070.29601366037,1076.34629387471,6.05028021434032,0.0156915814212923,2.02438287891107,0.0104129404107902,16.8576382505768,1094.558,19.053,3.419,1
"902","26B.2.4",32,33,4.61040063594908,"No",1094.558,19.053,3.419,"26B.2.4",1070.29601366037,1070.29601366037,1076.34629387471,6.05028021434032,0.00430759395261286,1.46532738687077,0.00753729293047168,4.656003370236,1094.558,19.053,3.419,1
"903","26B.2.4",32,33,2.57048556039802,"No",1094.558,19.053,3.419,"26B.2.4",1070.29601366037,1070.29601366037,1076.34629387471,6.05028021434032,0.00240165853893733,1.26620432362354,0.00651305161050813,2.60989134769205,1094.558,19.053,3.419,1
"904","26B.2.4",32,33,1.6619979826901,"No",1094.558,19.053,3.419,"26B.2.4",1070.29601366037,1070.29601366037,1076.34629387471,6.05028021434032,0.00155283955230864,1.13542283188314,0.00584034295716312,1.69733369412879,1094.558,19.053,3.419,1
"905","26B.2.4",32,33,1.68202104245988,"No",1094.558,19.053,3.419,"26B.2.4",1070.29601366037,1070.29601366037,1076.34629387471,6.05028021434032,0.0015715475167542,1.13882726495383,0.00585785454504841,1.71746270391227,1094.558,19.053,3.419,1
"906","26B.2.4",32,33,1.69933754937004,"No",1094.558,19.053,3.419,"26B.2.4",1070.29601366037,1070.29601366037,1076.34629387471,6.05028021434032,0.00158772669213105,1.14174709023824,0.00587287342661142,1.73487007926439,1094.558,19.053,3.419,1
"907","26B.2.4",32,33,1.47725485828836,"No",1094.558,19.053,3.419,"26B.2.4",1070.29601366037,1070.29601366037,1076.34629387471,6.05028021434032,0.00138023017878596,1.1024625780975,0.00567080331020706,1.51156480735552,1094.558,19.053,3.419,1
"908","26B.2.4",32,33,1.43747745384312,"No",1094.558,19.053,3.419,"26B.2.4",1070.29601366037,1070.29601366037,1076.34629387471,6.05028021434032,0.00134306531604,1.09496505806986,0.00563223786387288,1.47155407115337,1094.558,19.053,3.419,1
"909","26B.2.4",32,33,1.35355157466838,"Yes",1094.558,19.053,3.419,"26B.2.4",1070.29601366037,1070.29601366037,1076.34629387471,6.05028021434032,0.00126465160795964,1.07862057943414,0.00554816578252294,1.38711953232826,1094.558,19.053,3.419,1
"910","26B.2.4",32,33,1.30207373105688,"Yes",1094.558,19.053,3.419,"26B.2.4",1070.29601366037,1070.29601366037,1076.34629387471,6.05028021434032,0.00121655477964814,1.06821554657972,0.0054946447869573,1.33531787169624,1094.558,19.053,3.419,1
"911","26B.2.4",32,33,39.0958991663366,"Yes",1094.558,19.053,3.419,"26B.2.4",1070.29601366037,1070.29601366037,1076.34629387471,6.05028021434032,0.0365281180788762,2.50053421540533,0.0128621487819359,39.1737187706259,1094.558,19.053,3.419,1
"912","26B.2.4",32,33,7.95924568640497,"No",1094.558,19.053,3.419,"26B.2.4",1070.29601366037,1070.29601366037,1076.34629387471,6.05028021434032,0.00743649007827716,1.67964684177463,0.00863970084748953,8.01151829750035,1094.558,19.053,3.419,1
"913","26B.2.4",32,33,1.36788111125426,"No",1094.558,19.053,3.419,"26B.2.4",1070.29601366037,1070.29601366037,1076.34629387471,6.05028021434032,0.00127803999435274,1.08146405229502,0.0055627919255162,1.40153756117771,1094.558,19.053,3.419,1
"914","26B.2.4",32,33,4.87179537451527,"No",1094.558,19.053,3.419,"26B.2.4",1070.29601366037,1070.29601366037,1076.34629387471,6.05028021434032,0.00455182053594118,1.48566967812926,0.00764192880192677,4.91803118514496,1094.558,19.053,3.419,1
"915","26B.2.4",32,33,2.91535105616201,"No",1094.558,19.053,3.419,"26B.2.4",1070.29601366037,1070.29601366037,1076.34629387471,6.05028021434032,0.00272387360034316,1.30669044264486,0.00672130250475597,2.95601681972114,1094.558,19.053,3.419,1
"916","26B.2.4",32,33,1.54676308263599,"No",1094.558,19.053,3.419,"26B.2.4",1070.29601366037,1070.29601366037,1076.34629387471,6.05028021434032,0.0014451731697534,1.11520818823044,0.00573636367440306,1.58146969027749,1094.558,19.053,3.419,1
"917","26B.2.4",32,33,29.7827417674979,"No",1094.558,19.053,3.419,"26B.2.4",1070.29601366037,1070.29601366037,1076.34629387471,6.05028021434032,0.0278266399083764,2.33609859913073,0.0120163313767817,29.8554439394758,1094.558,19.053,3.419,1
"918","26B.2.4",32,33,2.79680460080888,"No",1094.558,19.053,3.419,"26B.2.4",1070.29601366037,1070.29601366037,1076.34629387471,6.05028021434032,0.00261311316225865,1.29319950988609,0.00665190837958009,2.83705051046546,1094.558,19.053,3.419,1
"919","26B.2.4",32,33,28.1204256517922,"No",1094.558,19.053,3.419,"26B.2.4",1070.29601366037,1070.29601366037,1076.34629387471,6.05028021434032,0.0262735031177229,2.30279603258229,0.0118450309550049,28.1920914082175,1094.558,19.053,3.419,1
"920","26B.2.4",32,33,1.98581786766108,"No",1094.558,19.053,3.419,"26B.2.4",1070.29601366037,1070.29601366037,1076.34629387471,6.05028021434032,0.00185539125841426,1.18709329913078,0.00610612345849632,2.02276162560834,1094.558,19.053,3.419,1
"921","26B.2.4",32,33,8.82403302830578,"No",1094.558,19.053,3.419,"26B.2.4",1070.29601366037,1070.29601366037,1076.34629387471,6.05028021434032,0.00824447901859216,1.72352180114328,0.00886538312439028,8.87767108041582,1094.558,19.053,3.419,1
"922","26B.2.4",32,33,5.88620133187902,"No",1094.558,19.053,3.419,"26B.2.4",1070.29601366037,1070.29601366037,1076.34629387471,6.05028021434032,0.00549960128483374,1.5576101844535,0.00801197352680573,5.93467601678607,1094.558,19.053,3.419,1
"923","26B.2.4",32,33,3.60044024959424,"No",1094.558,19.053,3.419,"26B.2.4",1070.29601366037,1070.29601366037,1076.34629387471,6.05028021434032,0.00336396679389738,1.37749141866983,0.00708548575884986,3.64330942389,1094.558,19.053,3.419,1
"924","26B.2.4",32,33,1.4091862905498,"No",1094.558,19.053,3.419,"26B.2.4",1070.29601366037,1070.29601366037,1076.34629387471,6.05028021434032,0.00131663228916497,1.08953729893374,0.00560431877157205,1.4430939895283,1094.558,19.053,3.419,1
"925","26B.2.4",32,33,2.7833153244243,"No",1094.558,19.053,3.419,"26B.2.4",1070.29601366037,1070.29601366037,1076.34629387471,6.05028021434032,0.00260050984858429,1.29163737308326,0.00664387312221311,2.82351261852222,1094.558,19.053,3.419,1
"926","26B.2.4",32,33,2.76794463149307,"No",1094.558,19.053,3.419,"26B.2.4",1070.29601366037,1070.29601366037,1076.34629387471,6.05028021434032,0.00258614868799408,1.2898504205913,0.00663468146681553,2.80808631350019,1094.558,19.053,3.419,1
"927","26B.2.4",32,33,1.2096312381484,"No",1094.558,19.053,3.419,"26B.2.4",1070.29601366037,1070.29601366037,1076.34629387471,6.05028021434032,0.00113018382083991,1.04872892980199,0.00539441029997946,1.2422689320544,1094.558,19.053,3.419,1
"928","26B.2.4",32,33,1.3063654082317,"No",1094.558,19.053,3.419,"26B.2.4",1070.29601366037,1070.29601366037,1076.34629387471,6.05028021434032,0.00122056458359027,1.06909467896313,0.00549916683326436,1.33963690851835,1094.558,19.053,3.419,1
"929","26B.2.4",32,33,52.0542916351931,"No",1094.558,19.053,3.419,"26B.2.4",1070.29601366037,1070.29601366037,1076.34629387471,6.05028021434032,0.0486354157829378,2.68605026320076,0.0138163988751683,52.137884719941,1094.558,19.053,3.419,1
"930","26B.2.4",32,33,3.24674892446269,"No",1094.558,19.053,3.419,"26B.2.4",1070.29601366037,1070.29601366037,1076.34629387471,6.05028021434032,0.00303350557511554,1.34233890132253,0.00690466963348148,3.2885241105327,1094.558,19.053,3.419,1
"931","26B.2.4",32,33,1.27816860358472,"No",1094.558,19.053,3.419,"26B.2.4",1070.29601366037,1070.29601366037,1076.34629387471,6.05028021434032,0.00119421971797637,1.0632785099251,0.00546924985350571,1.31125909776067,1094.558,19.053,3.419,1
"932","26B.2.4",32,33,5.09392201027935,"No",1094.558,19.053,3.419,"26B.2.4",1070.29601366037,1070.29601366037,1076.34629387471,6.05028021434032,0.00475935810772416,1.50232215833017,0.00772758516951922,5.14067606593512,1094.558,19.053,3.419,1
"933","26B.2.4",32,33,4.60869858203557,"No",1094.558,19.053,3.419,"26B.2.4",1070.29601366037,1070.29601366037,1076.34629387471,6.05028021434032,0.00430600368796478,1.46519212684856,0.00753659718533081,4.65429710686943,1094.558,19.053,3.419,1
"934","26B.2.4",32,33,1.81368514288383,"No",1094.558,19.053,3.419,"26B.2.4",1070.29601366037,1070.29601366037,1076.34629387471,6.05028021434032,0.00169456404558688,1.1604875186204,0.0059692696992973,1.84980089723955,1094.558,19.053,3.419,1
"935","26B.2.4",32,33,1.36707762740083,"No",1094.558,19.053,3.419,"26B.2.4",1070.29601366037,1070.29601366037,1076.34629387471,6.05028021434032,0.00127728928254668,1.08130520618518,0.00556197485919273,1.40072913384407,1094.558,19.053,3.419,1
"936","26B.2.4",32,33,1.20761032415794,"No",1094.558,19.053,3.419,"26B.2.4",1070.29601366037,1070.29601366037,1076.34629387471,6.05028021434032,0.00112829563853831,1.04829063092029,0.00539215579556491,1.24023437768049,1094.558,19.053,3.419,1
"937","26B.2.4",32,33,23.4200363455073,"No",1094.558,19.053,3.419,"26B.2.4",1070.29601366037,1070.29601366037,1076.34629387471,6.05028021434032,0.0218818308641659,2.1998693616153,0.0113156008246549,23.4884989012901,1094.558,19.053,3.419,1
"938","26B.2.4",32,33,1.98503815725811,"No",1094.558,19.053,3.419,"26B.2.4",1070.29601366037,1070.29601366037,1076.34629387471,6.05028021434032,0.00185466275864128,1.18697675705957,0.00610552399400988,2.02197828827725,1094.558,19.053,3.419,1
"939","26B.2.4",32,33,0.514126993900361,"No",1094.558,19.053,3.419,"26B.2.4",1070.29601366037,1070.29601366037,1076.34629387471,6.05028021434032,0.000480359626998951,0.846774169752215,0.00435560341024477,0.540479615034878,1094.558,19.053,3.419,1
"940","26B.2.4",32,33,2.15410373952344,"No",1094.558,19.053,3.419,"26B.2.4",1070.29601366037,1070.29601366037,1076.34629387471,6.05028021434032,0.0020126242759295,1.2114811291613,0.00623156861193134,2.19180647580052,1094.558,19.053,3.419,1
"941","26B.2.4",32,33,7.28522074431047,"No",1094.558,19.053,3.419,"26B.2.4",1070.29601366037,1070.29601366037,1076.34629387471,6.05028021434032,0.00680673444666516,1.6428982949487,0.0084506751289518,7.33634969684098,1094.558,19.053,3.419,1
"942","26B.2.4",32,33,2.11587413383174,"No",1094.558,19.053,3.419,"26B.2.4",1070.29601366037,1070.29601366037,1076.34629387471,6.05028021434032,0.00197690555400232,1.20606984025826,0.00620373423856262,2.15340846435034,1094.558,19.053,3.419,1
"943","26B.2.4",32,33,1.14900682336651,"Yes",1094.558,19.053,3.419,"26B.2.4",1070.29601366037,1070.29601366037,1076.34629387471,6.05028021434032,0.00107354115936296,1.03533441865871,0.00532551214448741,1.18122766412553,1094.558,19.053,3.419,1
"944","26B.2.4",32,33,7.77887552269375,"Yes",1094.558,19.053,3.419,"26B.2.4",1070.29601366037,1070.29601366037,1076.34629387471,6.05028021434032,0.00726796645358911,1.67004896832074,0.00859033168645439,7.83084943653092,1094.558,19.053,3.419,1
"945","26B.2.4",32,33,27.2328511766742,"No",1094.558,19.053,3.419,"26B.2.4",1070.29601366037,1070.29601366037,1076.34629387471,6.05028021434032,0.0254442236812028,2.28440592640145,0.0117504366557722,27.3039446110825,1094.558,19.053,3.419,1
"946","26B.2.4",32,33,1.05265322314808,"Yes",1094.558,19.053,3.419,"26B.2.4",1070.29601366037,1070.29601366037,1076.34629387471,6.05028021434032,0.000983515971014454,1.0129111017802,0.00521017197593503,1.08417622356739,1094.558,19.053,3.419,1
"947","26B.2.4",32,33,7.02180182440982,"Yes",1094.558,19.053,3.419,"26B.2.4",1070.29601366037,1070.29601366037,1076.34629387471,6.05028021434032,0.00656061662828727,1.62784159717161,0.00837322708373797,7.07246219456474,1094.558,19.053,3.419,1
"948","26B.2.4",32,33,7.89898698923538,"No",1094.558,19.053,3.419,"26B.2.4",1070.29601366037,1070.29601366037,1076.34629387471,6.05028021434032,0.00738018911443119,1.67645866403137,0.00862330162518554,7.95116038044053,1094.558,19.053,3.419,1
"949","26B.2.4",32,33,6.18069019435526,"No",1094.558,19.053,3.419,"26B.2.4",1070.29601366037,1070.29601366037,1076.34629387471,6.05028021434032,0.00577474840181598,1.57673694492735,0.00811035699919154,6.2297601268387,1094.558,19.053,3.419,1
"950","26B.2.4",32,33,1.49701118318269,"No",1094.558,19.053,3.419,"26B.2.4",1070.29601366037,1070.29601366037,1076.34629387471,6.05028021434032,0.00139868892724637,1.10613022904795,0.00568966882778901,1.53143527391762,1094.558,19.053,3.419,1
"951","26B.2.4",32,33,2.37060858345714,"No",1094.558,19.053,3.419,"26B.2.4",1070.29601366037,1070.29601366037,1076.34629387471,6.05028021434032,0.00221490928976718,1.2408376516953,0.00638257152891858,2.40922492969517,1094.558,19.053,3.419,1
"952","26B.2.4",32,33,1.13920792878678,"No",1094.558,19.053,3.419,"26B.2.4",1070.29601366037,1070.29601366037,1076.34629387471,6.05028021434032,0.00106438584676283,1.03311995403328,0.00531412146912329,1.17135985276802,1094.558,19.053,3.419,1
"953","26B.2.4",32,33,1.06606285309354,"No",1094.558,19.053,3.419,"26B.2.4",1070.29601366037,1070.29601366037,1076.34629387471,6.05028021434032,0.00099604486935128,1.01612164508933,0.00522668624135015,1.09768576944615,1094.558,19.053,3.419,1
"954","26B.2.4",32,33,1.22913658213103,"Yes",1094.558,19.053,3.419,"26B.2.4",1070.29601366037,1070.29601366037,1076.34629387471,6.05028021434032,0.00114840807257371,1.05293130045038,0.00541602628754859,1.26190505881893,1094.558,19.053,3.419,1
"955","26B.2.4",32,33,1.1885092462902,"Yes",1094.558,19.053,3.419,"26B.2.4",1070.29601366037,1070.29601366037,1076.34629387471,6.05028021434032,0.00111044910110946,1.04412054452201,0.00537070587044177,1.22100352175517,1094.558,19.053,3.419,1
"956","26B.2.4",32,33,1.42808726658812,"Yes",1094.558,19.053,3.419,"26B.2.4",1070.29601366037,1070.29601366037,1076.34629387471,6.05028021434032,0.00133429186726026,1.09317247160809,0.00562301722868473,1.46210809647172,1094.558,19.053,3.419,1
"957","26B.2.4",32,33,45.6582230129064,"Yes",1094.558,19.053,3.419,"26B.2.4",1070.29601366037,1070.29601366037,1076.34629387471,6.05028021434032,0.0426594348013658,2.59943972295361,0.0133708950112822,45.7391206744412,1094.558,19.053,3.419,1
"958","26B.2.4",32,33,10.0223114334086,"No",1094.558,19.053,3.419,"26B.2.4",1070.29601366037,1070.29601366037,1076.34629387471,6.05028021434032,0.00936405564955127,1.77927048028249,0.00915214097040066,10.0776844508407,1094.558,19.053,3.419,1
"959","26B.2.4",32,33,7.60059580207745,"No",1094.558,19.053,3.419,"26B.2.4",1070.29601366037,1070.29601366037,1076.34629387471,6.05028021434032,0.00710139597370234,1.66039688278572,0.00854068367146521,7.65226933151185,1094.558,19.053,3.419,1
"960","26B.2.4",32,33,2.81611423054803,"No",1094.558,19.053,3.419,"26B.2.4",1070.29601366037,1070.29601366037,1076.34629387471,6.05028021434032,0.00263115455407241,1.29542587303375,0.00666336025809121,2.85642942727859,1094.558,19.053,3.419,1
"961","26B.2.4",32,33,1.75533323429331,"No",1094.558,19.053,3.419,"26B.2.4",1070.29601366037,1070.29601366037,1076.34629387471,6.05028021434032,0.00164004463427845,1.15103861584161,0.00592066680771593,1.79115492753574,1094.558,19.053,3.419,1
"962","26B.2.4",32,33,34.9928862531093,"No",1094.558,19.053,3.419,"26B.2.4",1070.29601366037,1070.29601366037,1076.34629387471,6.05028021434032,0.0326945871109385,2.43217567852361,0.0125105288494945,35.0685784582784,1094.558,19.053,3.419,1
"963","26B.2.4",32,33,1.45421073145699,"Yes",1094.558,19.053,3.419,"26B.2.4",1070.29601366037,1070.29601366037,1076.34629387471,6.05028021434032,0.00135869956806028,1.09813778801435,0.00564855762640183,1.48838608790357,1094.558,19.053,3.419,1
"964","26B.2.4",32,33,4.98661843852156,"Yes",1094.558,19.053,3.419,"26B.2.4",1070.29601366037,1070.29601366037,1076.34629387471,6.05028021434032,0.00465910213144446,1.49434727044431,0.00768656425731764,5.03312430616386,1094.558,19.053,3.419,1
"965","26B.2.4",32,33,4.83541017654741,"No",1094.558,19.053,3.419,"26B.2.4",1070.29601366037,1070.29601366037,1076.34629387471,6.05028021434032,0.00451782508281095,1.48288792930663,0.00762762015259485,4.88155941583916,1094.558,19.053,3.419,1
"966","26B.2.4",32,33,1.94936445649247,"No",1094.558,19.053,3.419,"26B.2.4",1070.29601366037,1070.29601366037,1076.34629387471,6.05028021434032,0.00182133207226075,1.18160755953607,0.0060779061286108,1.98613749168702,1094.558,19.053,3.419,1
"967","26B.2.4",32,33,20.4559821100941,"No",1094.558,19.053,3.419,"26B.2.4",1070.29601366037,1070.29601366037,1076.34629387471,6.05028021434032,0.0191124528625827,2.12669438192811,0.0109392062646231,20.5221673733175,1094.558,19.053,3.419,1
"968","26B.2.4",32,33,3.19445871223409,"No",1094.558,19.053,3.419,"26B.2.4",1070.29601366037,1070.29601366037,1076.34629387471,6.05028021434032,0.00298464973377707,1.33690122069317,0.00687669950739699,3.23606467120366,1094.558,19.053,3.419,1
"969","26B.2.4",32,33,8.29576064295285,"No",1094.558,19.053,3.419,"26B.2.4",1070.29601366037,1070.29601366037,1076.34629387471,6.05028021434032,0.00775090305585802,1.69712586835743,0.00872960877159881,8.34857722218258,1094.558,19.053,3.419,1
"970","26B.2.4",32,33,1.64315548032125,"No",1094.558,19.053,3.419,"26B.2.4",1070.29601366037,1070.29601366037,1076.34629387471,6.05028021434032,0.0015352346073884,1.13219091301704,0.00582371874100528,1.67839061059384,1094.558,19.053,3.419,1
"971","26B.2.4",32,33,1.29031216506877,"No",1094.558,19.053,3.419,"26B.2.4",1070.29601366037,1070.29601366037,1076.34629387471,6.05028021434032,0.00120556570201168,1.06579504777243,0.0054821943211352,1.3234809769011,1094.558,19.053,3.419,1
"972","26B.2.4",32,33,2.2776094613294,"No",1094.558,19.053,3.419,"26B.2.4",1070.29601366037,1070.29601366037,1076.34629387471,6.05028021434032,0.0021280182606119,1.2284848769925,0.00631903181603713,2.31584137449976,1094.558,19.053,3.419,1
"973","26B.2.4",32,33,1.66689899923068,"No",1094.558,19.053,3.419,"26B.2.4",1070.29601366037,1070.29601366037,1076.34629387471,6.05028021434032,0.00155741867479254,1.13625896151154,0.00584464380760346,1.70226073201969,1094.558,19.053,3.419,1
"974","26B.2.4",32,33,56.0209452233841,"No",1094.558,19.053,3.419,"26B.2.4",1070.29601366037,1070.29601366037,1076.34629387471,6.05028021434032,0.052341543375271,2.73582055411507,0.0140724053247967,56.1060872188889,1094.558,19.053,3.419,1
"975","26B.3.4",32,33,2.68037227334888,"No",1539.66,19.03,11.45,"26B.3.4",1164.51606098449,1164.51606098449,1188.73902783995,24.2229668554596,0.00230170485676503,1.27952501010989,0.00442510155380826,2.78756136161882,1539.66,19.03,11.45,1
"976","26B.3.4",32,33,10.980968695482,"No",1539.66,19.03,11.45,"26B.3.4",1164.51606098449,1164.51606098449,1188.73902783995,24.2229668554596,0.00942964125904678,1.82037206944423,0.00629556375167296,11.1334659275752,1539.66,19.03,11.45,1
"977","26B.3.4",32,33,2.14369855232978,"No",1539.66,19.03,11.45,"26B.3.4",1164.51606098449,1164.51606098449,1188.73902783995,24.2229668554596,0.00184084927992963,1.21001548637374,0.00418471023745336,2.24506464971131,1539.66,19.03,11.45,1
"978","26B.3.4",32,33,8.42823104655641,"No",1539.66,19.03,11.45,"26B.3.4",1164.51606098449,1164.51606098449,1188.73902783995,24.2229668554596,0.00723753954877286,1.70386078722541,0.00589262183814332,8.57096783003351,1539.66,19.03,11.45,1
"979","26B.3.4",32,33,9.17366030598659,"No",1539.66,19.03,11.45,"26B.3.4",1164.51606098449,1164.51606098449,1188.73902783995,24.2229668554596,0.00787765889482979,1.74034625733238,0.00601880296722335,9.31945357077119,1539.66,19.03,11.45,1
"980","26B.3.4",32,33,1.31960790479159,"No",1539.66,19.03,11.45,"26B.3.4",1164.51606098449,1164.51606098449,1188.73902783995,24.2229668554596,0.00113318136950038,1.07179376705461,0.00370668507960469,1.40939481461848,1539.66,19.03,11.45,1
"981","26B.3.4",32,33,5.84342363554562,"No",1539.66,19.03,11.45,"26B.3.4",1164.51606098449,1164.51606098449,1188.73902783995,24.2229668554596,0.00501789870601318,1.55477247408342,0.0053770157179608,5.97367090906307,1539.66,19.03,11.45,1
"982","26B.3.4",32,33,4.37810215945875,"No",1539.66,19.03,11.45,"26B.3.4",1164.51606098449,1164.51606098449,1188.73902783995,24.2229668554596,0.00375958933168984,1.44651010811392,0.00500260180648169,4.49928001720822,1539.66,19.03,11.45,1
"983","26B.3.4",32,33,4.7437478748261,"No",1539.66,19.03,11.45,"26B.3.4",1164.51606098449,1164.51606098449,1188.73902783995,24.2229668554596,0.00407357874550542,1.47580983314009,0.00510393179824821,4.86738024560759,1539.66,19.03,11.45,1
"984","26B.3.4",32,33,3.23204464250735,"No",1539.66,19.03,11.45,"26B.3.4",1164.51606098449,1164.51606098449,1188.73902783995,24.2229668554596,0.0027754401599021,1.3408164752609,0.00463707158607172,3.34436827384316,1539.66,19.03,11.45,1
"985","26B.3.4",32,33,2.62381332671351,"No",1539.66,19.03,11.45,"26B.3.4",1164.51606098449,1164.51606098449,1188.73902783995,24.2229668554596,0.00225313622939243,1.27272106837178,0.00440157084286517,2.73043243135219,1539.66,19.03,11.45,1
"986","26B.3.4",32,33,2.1447959523013,"No",1539.66,19.03,11.45,"26B.3.4",1164.51606098449,1164.51606098449,1188.73902783995,24.2229668554596,0.00184179164561121,1.21017031412739,0.00418524569281989,2.24617502000043,1539.66,19.03,11.45,1
"987","26B.3.4",32,33,1.61015846705022,"No",1539.66,19.03,11.45,"26B.3.4",1164.51606098449,1164.51606098449,1188.73902783995,24.2229668554596,0.00138268463698902,1.1264635800922,0.00389575483026024,1.70452520718061,1539.66,19.03,11.45,1
"988","26B.3.4",32,33,1.81394842148754,"No",1539.66,19.03,11.45,"26B.3.4",1164.51606098449,1164.51606098449,1188.73902783995,24.2229668554596,0.00155768433108086,1.16052963107088,0.00401356865486453,1.91116896198643,1539.66,19.03,11.45,1
"989","26B.3.4",32,33,1.4918937268987,"No",1539.66,19.03,11.45,"26B.3.4",1164.51606098449,1164.51606098449,1188.73902783995,24.2229668554596,0.00128112765197712,1.10518370238673,0.00382216062994741,1.58447779715416,1539.66,19.03,11.45,1
"990","26B.3.4",32,33,1.01450563954888,"Yes",1539.66,19.03,11.45,"26B.3.4",1164.51606098449,1164.51606098449,1188.73902783995,24.2229668554596,0.000871182179051452,1.00360684888381,0.00347086785433521,1.09858035654412,1539.66,19.03,11.45,1
"991","26B.3.4",32,33,36.7404093282158,"Yes",1539.66,19.03,11.45,"26B.3.4",1164.51606098449,1164.51606098449,1188.73902783995,24.2229668554596,0.0315499378318194,2.46198837316489,0.00851452569466708,36.9466564019076,1539.66,19.03,11.45,1
"992","26B.3.4",32,33,5.70994831183917,"No",1539.66,19.03,11.45,"26B.3.4",1164.51606098449,1164.51606098449,1188.73902783995,24.2229668554596,0.00490328000028781,1.54581687584079,0.00534604373118007,5.83944535194738,1539.66,19.03,11.45,1
"993","26B.3.4",32,33,2.85063695210204,"No",1539.66,19.03,11.45,"26B.3.4",1164.51606098449,1164.51606098449,1188.73902783995,24.2229668554596,0.00244791553127408,1.29937790500132,0.00449376068539031,2.95948916824062,1539.66,19.03,11.45,1
"994","26B.3.4",32,33,1.44818581858439,"No",1539.66,19.03,11.45,"26B.3.4",1164.51606098449,1164.51606098449,1188.73902783995,24.2229668554596,0.0012435945429212,1.09699859811978,0.00379385331487064,1.54008420168498,1539.66,19.03,11.45,1
"995","26B.3.4",32,33,1.40101552950357,"No",1539.66,19.03,11.45,"26B.3.4",1164.51606098449,1164.51606098449,1188.73902783995,24.2229668554596,0.00120308819813025,1.08795451116597,0.00376257529926654,1.49215626626887,1539.66,19.03,11.45,1
"996","26B.3.4",32,33,2.29438491119193,"No",1539.66,19.03,11.45,"26B.3.4",1164.51606098449,1164.51606098449,1188.73902783995,24.2229668554596,0.00197024754579361,1.23074071907647,0.00425638625684436,2.3974872144155,1539.66,19.03,11.45,1
"997","26B.3.4",32,33,17.6283569941141,"No",1539.66,19.03,11.45,"26B.3.4",1164.51606098449,1164.51606098449,1188.73902783995,24.2229668554596,0.0151379251731496,2.04905190248598,0.00708642870274629,17.8000113217043,1539.66,19.03,11.45,1
"998","26B.3.4",32,33,1.96868491114671,"No",1539.66,19.03,11.45,"26B.3.4",1164.51606098449,1164.51606098449,1188.73902783995,24.2229668554596,0.00169056054880203,1.18452451453941,0.0040965524146825,2.06791556450921,1539.66,19.03,11.45,1
"999","26B.3.4",32,33,6.53786987847671,"No",1539.66,19.03,11.45,"26B.3.4",1164.51606098449,1164.51606098449,1188.73902783995,24.2229668554596,0.00561423761983116,1.59903904420028,0.00553010695623918,6.67182547598483,1539.66,19.03,11.45,1
"1000","26B.3.4",32,33,4.63189922152387,"No",1539.66,19.03,11.45,"26B.3.4",1164.51606098449,1164.51606098449,1188.73902783995,24.2229668554596,0.00397753141988273,1.46703263611765,0.00507357679316804,4.7547963040234,1539.66,19.03,11.45,1
"1001","26B.3.4",32,33,4.4856611089535,"No",1539.66,19.03,11.45,"26B.3.4",1164.51606098449,1164.51606098449,1188.73902783995,24.2229668554596,0.00385195297792741,1.45531369056199,0.00503304806275822,4.60757646535962,1539.66,19.03,11.45,1
"1002","26B.3.4",32,33,1.41914486775356,"No",1539.66,19.03,11.45,"26B.3.4",1164.51606098449,1164.51606098449,1188.73902783995,24.2229668554596,0.00121865632883913,1.09145713119036,0.00377468873916795,1.51057902797211,1539.66,19.03,11.45,1
"1003","26B.3.4",32,33,1.32342761232518,"Yes",1539.66,19.03,11.45,"26B.3.4",1164.51606098449,1164.51606098449,1188.73902783995,24.2229668554596,0.00113646145095358,1.07256852415601,0.00370936449487687,1.4132794255394,1539.66,19.03,11.45,1
"1004","26B.3.4",32,33,19.979909527407,"Yes",1539.66,19.03,11.45,"26B.3.4",1164.51606098449,1164.51606098449,1188.73902783995,24.2229668554596,0.0171572640316493,2.11421124949925,0.00731177539424143,20.1570224204363,1539.66,19.03,11.45,1
"1005","26B.3.4",32,33,5.64456827972858,"No",1539.66,19.03,11.45,"26B.3.4",1164.51606098449,1164.51606098449,1188.73902783995,24.2229668554596,0.0048471364791282,1.54137277097888,0.00533067426581259,5.77369302578661,1539.66,19.03,11.45,1
"1006","26B.3.4",32,33,4.09309669868834,"No",1539.66,19.03,11.45,"26B.3.4",1164.51606098449,1164.51606098449,1188.73902783995,24.2229668554596,0.00351484778597903,1.42237136719951,0.00491912053094323,4.21225239226739,1539.66,19.03,11.45,1
"1007","26B.3.4",32,33,1.543097958228,"No",1539.66,19.03,11.45,"26B.3.4",1164.51606098449,1164.51606098449,1188.73902783995,24.2229668554596,0.00132509804710075,1.11454696645328,0.00385454248574718,1.63646641310322,1539.66,19.03,11.45,1
"1008","26B.3.4",32,33,7.49971340271186,"No",1539.66,19.03,11.45,"26B.3.4",1164.51606098449,1164.51606098449,1188.73902783995,24.2229668554596,0.00644019748115073,1.65485965016958,0.00572315660220748,7.63834523539574,1539.66,19.03,11.45,1
"1009","26B.3.4",32,33,7.23061765684175,"No",1539.66,19.03,11.45,"26B.3.4",1164.51606098449,1164.51606098449,1188.73902783995,24.2229668554596,0.0062091180182856,1.6398112037739,0.00567111314623609,7.36798884261659,1539.66,19.03,11.45,1
"1010","26B.3.4",32,33,1.57907901063817,"No",1539.66,19.03,11.45,"26B.3.4",1164.51606098449,1164.51606098449,1188.73902783995,24.2229668554596,0.00135599590554655,1.12098800426124,0.00387681813193381,1.67298704775264,1539.66,19.03,11.45,1
"1011","26B.3.4",32,33,1.4364597812446,"No",1539.66,19.03,11.45,"26B.3.4",1164.51606098449,1164.51606098449,1188.73902783995,24.2229668554596,0.0012335250919856,1.09477120948319,0.00378615012748562,1.52817157029248,1539.66,19.03,11.45,1
"1012","26B.3.4",32,33,2.52889766636296,"No",1539.66,19.03,11.45,"26B.3.4",1164.51606098449,1164.51606098449,1188.73902783995,24.2229668554596,0.00217162970189094,1.26105147345217,0.00436121278639652,2.63453917913745,1539.66,19.03,11.45,1
"1013","26B.3.4",32,33,2.08518233781089,"No",1539.66,19.03,11.45,"26B.3.4",1164.51606098449,1164.51606098449,1188.73902783995,24.2229668554596,0.00179059989610454,1.20167218693753,0.00415585582116034,2.18584949562293,1539.66,19.03,11.45,1
"1014","26B.3.4",32,33,1.45573304904098,"No",1539.66,19.03,11.45,"26B.3.4",1164.51606098449,1164.51606098449,1188.73902783995,24.2229668554596,0.00125007554452302,1.09842506732258,0.00379878660733145,1.54775093112134,1539.66,19.03,11.45,1
"1015","26B.3.4",32,33,1.95506810020258,"No",1539.66,19.03,11.45,"26B.3.4",1164.51606098449,1164.51606098449,1188.73902783995,24.2229668554596,0.00167886744176783,1.1824709289372,0.00408945030666005,2.05412671943785,1539.66,19.03,11.45,1
"1016","26B.3.4",32,33,1.09702137617245,"No",1539.66,19.03,11.45,"26B.3.4",1164.51606098449,1164.51606098449,1188.73902783995,24.2229668554596,0.00094204057198234,1.02341970001932,0.00353938849883404,1.1827558664683,1539.66,19.03,11.45,1
"1017","26B.3.4",32,33,13.2898658588655,"No",1539.66,19.03,11.45,"26B.3.4",1164.51606098449,1164.51606098449,1188.73902783995,24.2229668554596,0.0114123508503869,1.90932627612802,0.00660320244189318,13.4498150127554,1539.66,19.03,11.45,1
"1018","26B.3.4",32,33,1.34424009179297,"No",1539.66,19.03,11.45,"26B.3.4",1164.51606098449,1164.51606098449,1188.73902783995,24.2229668554596,0.00115433366428329,1.07676073688375,0.00372386281801149,1.43444309740794,1539.66,19.03,11.45,1
"1019","26B.3.4",32,33,3.55004843110176,"No",1539.66,19.03,11.45,"26B.3.4",1164.51606098449,1164.51606098449,1188.73902783995,24.2229668554596,0.00304851822146663,1.37264606522504,0.00474715084743396,3.66503850873701,1539.66,19.03,11.45,1
"1020","26B.3.4",32,33,2.31966709556233,"No",1539.66,19.03,11.45,"26B.3.4",1164.51606098449,1164.51606098449,1188.73902783995,24.2229668554596,0.00199195801009501,1.23411722944651,0.00426806355988014,2.42305225771031,1539.66,19.03,11.45,1
"1021","26B.3.4",32,33,5.69438221437363,"No",1539.66,19.03,11.45,"26B.3.4",1164.51606098449,1164.51606098449,1188.73902783995,24.2229668554596,0.00488991299060279,1.54476227022167,0.00534239648948729,5.82379090746721,1539.66,19.03,11.45,1
"1022","26B.3.4",32,33,31.755126192308,"No",1539.66,19.03,11.45,"26B.3.4",1164.51606098449,1164.51606098449,1188.73902783995,24.2229668554596,0.0272689465231266,2.37385102574796,0.00820971202559333,31.9539897745969,1539.66,19.03,11.45,1
"1023","26B.3.4",32,33,1.87130018657838,"No",1539.66,19.03,11.45,"26B.3.4",1164.51606098449,1164.51606098449,1188.73902783995,24.2229668554596,0.00160693377212537,1.16959597545815,0.00404492364544188,1.96928023797479,1539.66,19.03,11.45,1
"1024","26B.3.4",32,33,6.20411200973013,"No",1539.66,19.03,11.45,"26B.3.4",1164.51606098449,1164.51606098449,1188.73902783995,24.2229668554596,0.0053276311229964,1.57822859375899,0.00545813622033675,6.33632426248793,1539.66,19.03,11.45,1
"1025","26B.3.4",32,33,1.56063415257637,"No",1539.66,19.03,11.45,"26B.3.4",1164.51606098449,1164.51606098449,1188.73902783995,24.2229668554596,0.0013401568298311,1.11770006624706,0.00386544714699766,1.65426675069963,1539.66,19.03,11.45,1
"1026","26B.3.4",32,33,20.6914965032963,"No",1539.66,19.03,11.45,"26B.3.4",1164.51606098449,1164.51606098449,1188.73902783995,24.2229668554596,0.0177683221352942,2.13278940915985,0.00737602598921336,20.870165736358,1539.66,19.03,11.45,1
"1027","26B.3.4",32,33,6.96586760270442,"No",1539.66,19.03,11.45,"26B.3.4",1164.51606098449,1164.51606098449,1188.73902783995,24.2229668554596,0.0059817703130822,1.62459010581366,0.00561847259313837,7.10196367810632,1539.66,19.03,11.45,1
"1028","26B.3.4",32,33,1.51796768017582,"No",1539.66,19.03,11.45,"26B.3.4",1164.51606098449,1164.51606098449,1188.73902783995,24.2229668554596,0.00130351802867582,1.10998122073293,0.00383875233837079,1.6109536508345,1539.66,19.03,11.45,1
"1029","26B.3.4",32,33,4.38224112510098,"No",1539.66,19.03,11.45,"26B.3.4",1164.51606098449,1164.51606098449,1188.73902783995,24.2229668554596,0.0037631435683216,1.44685186203358,0.00500378372616983,4.50344761245188,1539.66,19.03,11.45,1
"1030","26B.3.4",32,33,9.17806609530444,"No",1539.66,19.03,11.45,"26B.3.4",1164.51606098449,1164.51606098449,1188.73902783995,24.2229668554596,0.00788144225983905,1.74055517662279,0.00601952549243335,9.32387686179325,1539.66,19.03,11.45,1
"1031","26B.3.4",32,33,1.32368475943804,"Yes",1539.66,19.03,11.45,"26B.3.4",1164.51606098449,1164.51606098449,1188.73902783995,24.2229668554596,0.00113668226981686,1.07262062141517,0.00370954466772273,1.41354093697313,1539.66,19.03,11.45,1
"1032","26B.3.4",32,33,1.23627266481984,"Yes",1539.66,19.03,11.45,"26B.3.4",1164.51606098449,1164.51606098449,1188.73902783995,24.2229668554596,0.00106161924789143,1.05445625327843,0.00364672512685348,1.32460716669859,1539.66,19.03,11.45,1
"1033","26B.3.4",32,33,5.84139445421485,"Yes",1539.66,19.03,11.45,"26B.3.4",1164.51606098449,1164.51606098449,1188.73902783995,24.2229668554596,0.00501615619562731,1.55463747932701,0.00537654885291197,5.97163041887569,1539.66,19.03,11.45,1
"1034","26B.3.4",32,33,2.46971016134018,"No",1539.66,19.03,11.45,"26B.3.4",1164.51606098449,1164.51606098449,1188.73902783995,24.2229668554596,0.00212080386358285,1.25360725583552,0.00433546774922878,2.57472805293266,1539.66,19.03,11.45,1
"1035","26B.3.4",32,33,7.0966489401938,"No",1539.66,19.03,11.45,"26B.3.4",1164.51606098449,1164.51606098449,1188.73902783995,24.2229668554596,0.00609407562330593,1.63216225587798,0.00564466007110914,7.23337935400662,1539.66,19.03,11.45,1
"1036","26B.3.4",32,33,2.27621340994379,"No",1539.66,19.03,11.45,"26B.3.4",1164.51606098449,1164.51606098449,1188.73902783995,24.2229668554596,0.00195464320862992,1.22829658501443,0.00424793347839126,2.37911096179506,1539.66,19.03,11.45,1
"1037","26B.3.4",32,33,2.1050955298781,"No",1539.66,19.03,11.45,"26B.3.4",1164.51606098449,1164.51606098449,1188.73902783995,24.2229668554596,0.00180769986813101,1.20453091876103,0.00416574244200332,2.20600217097913,1539.66,19.03,11.45,1
"1038","26B.3.4",32,33,1.56476182708138,"No",1539.66,19.03,11.45,"26B.3.4",1164.51606098449,1164.51606098449,1188.73902783995,24.2229668554596,0.00134370137047189,1.118438377227,0.0038680005172239,1.65845627540699,1539.66,19.03,11.45,1
"1039","26B.3.4",32,33,1.64459843641475,"No",1539.66,19.03,11.45,"26B.3.4",1164.51606098449,1164.51606098449,1188.73902783995,24.2229668554596,0.00141225912764517,1.13243939285912,0.00391642154497955,1.73946578569079,1539.66,19.03,11.45,1
"1040","26B.3.4",32,33,20.8079010114731,"No",1539.66,19.03,11.45,"26B.3.4",1164.51606098449,1164.51606098449,1188.73902783995,24.2229668554596,0.0178682816910933,2.13578271924789,0.00738637803471222,20.9868210017899,1539.66,19.03,11.45,1
"1041","26B.3.4",32,33,6.22651303944765,"No",1539.66,19.03,11.45,"26B.3.4",1164.51606098449,1164.51606098449,1188.73902783995,24.2229668554596,0.00534686746542914,1.57965128635388,0.00546305645179956,6.35884447480909,1539.66,19.03,11.45,1
"1042","26B.3.4",32,33,1.67055917209951,"No",1539.66,19.03,11.45,"26B.3.4",1164.51606098449,1164.51606098449,1188.73902783995,24.2229668554596,0.00143455228147495,1.13688219724187,0.0039317865127778,1.76579870648127,1539.66,19.03,11.45,1
"1043","26B.3.4",32,33,5.3901631030612,"No",1539.66,19.03,11.45,"26B.3.4",1164.51606098449,1164.51606098449,1188.73902783995,24.2229668554596,0.00462867218722972,1.52370354062526,0.00526956710645688,5.51780765242353,1539.66,19.03,11.45,1
"1044","26B.3.4",32,33,3.72176897096055,"No",1539.66,19.03,11.45,"26B.3.4",1164.51606098449,1164.51606098449,1188.73902783995,24.2229668554596,0.0031959790814857,1.38895236853277,0.00480354446813988,3.83812506940103,1539.66,19.03,11.45,1
"1045","26B.3.4",32,33,4.79063397212382,"No",1539.66,19.03,11.45,"26B.3.4",1164.51606098449,1164.51606098449,1188.73902783995,24.2229668554596,0.00411384104747667,1.47944303461148,0.00511649684023588,4.91457070550092,1539.66,19.03,11.45,1
"1046","26B.3.4",32,33,2.19340927920012,"No",1539.66,19.03,11.45,"26B.3.4",1164.51606098449,1164.51606098449,1188.73902783995,24.2229668554596,0.00188353716422408,1.21697013087327,0.00420876213791477,2.29535798496934,1539.66,19.03,11.45,1
"1047","26B.3.4",32,33,1.90567164486371,"No",1539.66,19.03,11.45,"26B.3.4",1164.51606098449,1164.51606098449,1188.73902783995,24.2229668554596,0.00163644943054941,1.17493006770807,0.0040633710378076,2.00409854683395,1539.66,19.03,11.45,1
"1048","26B.3.4",32,33,16.4689993079284,"No",1539.66,19.03,11.45,"26B.3.4",1164.51606098449,1164.51606098449,1188.73902783995,24.2229668554596,0.0141423548027371,2.01449782498195,0.00696692709015931,16.6377589519177,1539.66,19.03,11.45,1
"1049","26B.3.4",32,33,1.43583648531874,"No",1539.66,19.03,11.45,"26B.3.4",1164.51606098449,1164.51606098449,1188.73902783995,24.2229668554596,0.00123298985168558,1.09465243179375,0.00378573934744308,1.52753832405527,1539.66,19.03,11.45,1
"1050","26B.3.4",32,33,1.64234047325401,"No",1539.66,19.03,11.45,"26B.3.4",1164.51606098449,1164.51606098449,1188.73902783995,24.2229668554596,0.00141032015639661,1.13205049488756,0.00391507658258756,1.73717524355061,1539.66,19.03,11.45,1
"1051","26B.3.4",32,33,2.31631926951649,"No",1539.66,19.03,11.45,"26B.3.4",1164.51606098449,1164.51606098449,1188.73902783995,24.2229668554596,0.00198908314545552,1.23367170778319,0.00426652277045512,2.41966710917329,1539.66,19.03,11.45,1
"1052","26B.3.4",32,33,1.54642318235561,"No",1539.66,19.03,11.45,"26B.3.4",1164.51606098449,1164.51606098449,1188.73902783995,24.2229668554596,0.00132795350288966,1.11514691659471,0.00385661734968661,1.63984189659126,1539.66,19.03,11.45,1
"1053","26B.3.4",32,33,1.33822480331544,"No",1539.66,19.03,11.45,"26B.3.4",1164.51606098449,1164.51606098449,1188.73902783995,24.2229668554596,0.0011491681808013,1.07555412136238,0.00371968986619245,1.42832672765681,1539.66,19.03,11.45,1
"1054","26B.3.4",32,33,19.3497610835583,"No",1539.66,19.03,11.45,"26B.3.4",1164.51606098449,1164.51606098449,1188.73902783995,24.2229668554596,0.016616139297555,2.09734029973454,0.00725342900364481,19.525460653902,1539.66,19.03,11.45,1
"1055","26B.3.4",32,33,11.6528000334365,"No",1539.66,19.03,11.45,"26B.3.4",1164.51606098449,1164.51606098449,1188.73902783995,24.2229668554596,0.0100065601702266,1.84759838291359,0.00638972306945558,11.8075780835635,1539.66,19.03,11.45,1
"1056","26B.3.4",32,33,2.41549651881336,"No",1539.66,19.03,11.45,"26B.3.4",1164.51606098449,1164.51606098449,1188.73902783995,24.2229668554596,0.00207424920938513,1.24667027352514,0.00431147693157546,2.51993328162499,1539.66,19.03,11.45,1
"1057","26B.3.4",32,33,1.45388001496414,"No",1539.66,19.03,11.45,"26B.3.4",1164.51606098449,1164.51606098449,1188.73902783995,24.2229668554596,0.00124848429633081,1.09807534808622,0.00379757714044021,1.54586860016807,1539.66,19.03,11.45,1
"1058","26B.3.4",32,33,4.43241298683772,"No",1539.66,19.03,11.45,"26B.3.4",1164.51606098449,1164.51606098449,1188.73902783995,24.2229668554596,0.00380622744102863,1.45097541752812,0.00501804460554454,4.55396491499705,1539.66,19.03,11.45,1
"1059","26B.3.4",32,33,6.8942521482629,"No",1539.66,19.03,11.45,"26B.3.4",1164.51606098449,1164.51606098449,1188.73902783995,24.2229668554596,0.00592027227381859,1.62039834438595,0.00560397583077706,7.02999706907061,1539.66,19.03,11.45,1
"1060","26B.3.4",32,33,1.5953187704326,"No",1539.66,19.03,11.45,"26B.3.4",1164.51606098449,1164.51606098449,1188.73902783995,24.2229668554596,0.00136994140646194,1.12385910600456,0.00388674753283267,1.68946732709595,1539.66,19.03,11.45,1
"1061","26B.3.4",32,33,1.96588234772586,"No",1539.66,19.03,11.45,"26B.3.4",1164.51606098449,1164.51606098449,1188.73902783995,24.2229668554596,0.00168815391525291,1.18410272551686,0.00409509370207875,2.06507766674132,1539.66,19.03,11.45,1
"1062","26B.3.4",32,33,4.59552448588922,"No",1539.66,19.03,11.45,"26B.3.4",1164.51606098449,1164.51606098449,1188.73902783995,24.2229668554596,0.00394629549549033,1.46414392920958,0.0050635865066739,4.71817957401013,1539.66,19.03,11.45,1
"1063","26B.3.4",32,33,5.56781368973737,"No",1539.66,19.03,11.45,"26B.3.4",1164.51606098449,1164.51606098449,1188.73902783995,24.2229668554596,0.00478122533151695,1.53610595796188,0.00531245955153891,5.69649722137527,1539.66,19.03,11.45,1
"1064","26B.3.4",32,33,2.52600663791009,"No",1539.66,19.03,11.45,"26B.3.4",1164.51606098449,1164.51606098449,1188.73902783995,24.2229668554596,0.00216914710113538,1.26069091124904,0.00435996582025463,2.63161794546506,1539.66,19.03,11.45,1
"1065","26B.3.4",32,33,1.80361320474374,"No",1539.66,19.03,11.45,"26B.3.4",1164.51606098449,1164.51606098449,1188.73902783995,24.2229668554596,0.00154880921369084,1.15887301863951,0.00400783943645442,1.90069496657498,1539.66,19.03,11.45,1
"1066","26B.3.4",32,33,23.1010719723648,"No",1539.66,19.03,11.45,"26B.3.4",1164.51606098449,1164.51606098449,1188.73902783995,24.2229668554596,0.0198374867864296,2.19234063358348,0.00758197758347377,23.2847299640682,1539.66,19.03,11.45,1
"1067","26B.3.4",32,33,2.28989067500099,"No",1539.66,19.03,11.45,"26B.3.4",1164.51606098449,1164.51606098449,1188.73902783995,24.2229668554596,0.00196638822917144,1.23013758279902,0.0042543003739914,2.39294245195335,1539.66,19.03,11.45,1
"1068","26B.3.4",32,33,1.58125176657151,"No",1539.66,19.03,11.45,"26B.3.4",1164.51606098449,1164.51606098449,1188.73902783995,24.2229668554596,0.00135786170714959,1.12137341524683,0.00387815103495465,1.67519209055169,1539.66,19.03,11.45,1
"1069","26B.3.4",32,33,5.00235660430647,"No",1539.66,19.03,11.45,"26B.3.4",1164.51606098449,1164.51606098449,1188.73902783995,24.2229668554596,0.00429565273670631,1.49552494735661,0.00517211442997771,5.12764056071646,1539.66,19.03,11.45,1
"1070","26B.3.4",32,33,2.75894337153447,"No",1539.66,19.03,11.45,"26B.3.4",1164.51606098449,1164.51606098449,1188.73902783995,24.2229668554596,0.00236917588685042,1.28880050215055,0.00445717985936472,2.86690949153669,1539.66,19.03,11.45,1
"1071","26B.3.4",32,33,2.0999475248142,"No",1539.66,19.03,11.45,"26B.3.4",1164.51606098449,1164.51606098449,1188.73902783995,24.2229668554596,0.00180327914330258,1.20379382322996,0.00416319327527814,2.20079241753414,1539.66,19.03,11.45,1
"1072","26B.3.4",32,33,2.28177112460205,"No",1539.66,19.03,11.45,"26B.3.4",1164.51606098449,1164.51606098449,1188.73902783995,24.2229668554596,0.00195941576166243,1.22904566683422,0.00425052409842486,2.38473142895653,1539.66,19.03,11.45,1
"1073","26B.3.4",32,33,25.6049233972543,"No",1539.66,19.03,11.45,"26B.3.4",1164.51606098449,1164.51606098449,1188.73902783995,24.2229668554596,0.0219876086342749,2.24947344256159,0.00777956534438885,25.7933675507413,1539.66,19.03,11.45,1
"1074","26B.3.4",32,33,2.3399477815026,"No",1539.66,19.03,11.45,"26B.3.4",1164.51606098449,1164.51606098449,1188.73902783995,24.2229668554596,0.00200937355859601,1.23680588041648,0.00427736197412829,2.44355817883071,1539.66,19.03,11.45,1
"1075","26B.3.4",32,33,1.23179755077682,"No",1539.66,19.03,11.45,"26B.3.4",1164.51606098449,1164.51606098449,1188.73902783995,24.2229668554596,0.00105777635195126,1.05350071345462,0.00364342049370786,1.32005200463641,1539.66,19.03,11.45,1
"1076","26B.3.4",32,33,0.632338555713328,"No",1539.66,19.03,11.45,"26B.3.4",1164.51606098449,1164.51606098449,1188.73902783995,24.2229668554596,0.000543005439683456,0.89173829142762,0.00308398231203607,0.707041757040601,1539.66,19.03,11.45,1
"1077","26B.3.4",32,33,1.15135047203637,"No",1539.66,19.03,11.45,"26B.3.4",1164.51606098449,1164.51606098449,1188.73902783995,24.2229668554596,0.000988694368940699,1.03586196260028,0.00358241874446805,1.23812728254599,1539.66,19.03,11.45,1
"1078","26B.3.4",32,33,9.05137559740292,"No",1539.66,19.03,11.45,"26B.3.4",1164.51606098449,1164.51606098449,1188.73902783995,24.2229668554596,0.00777264985916197,1.73451734342307,0.00599864428662444,9.19668055913552,1539.66,19.03,11.45,1
"1079","26B.3.4",32,33,2.22041164969612,"No",1539.66,19.03,11.45,"26B.3.4",1164.51606098449,1164.51606098449,1188.73902783995,24.2229668554596,0.00190672479675289,1.22069839713381,0.00422165595139412,2.32267268188189,1539.66,19.03,11.45,1
"1080","26B.3.4",32,33,10.3097158902213,"No",1539.66,19.03,11.45,"26B.3.4",1164.51606098449,1164.51606098449,1188.73902783995,24.2229668554596,0.00885321914882428,1.79189135555151,0.00619706622305535,10.4598272199434,1539.66,19.03,11.45,1
"1081","26B.3.4",32,33,2.11501983598514,"No",1539.66,19.03,11.45,"26B.3.4",1164.51606098449,1164.51606098449,1188.73902783995,24.2229668554596,0.00181622212595084,1.20594808219968,0.00417064355146568,2.21604519649823,1539.66,19.03,11.45,1
"1082","26B.3.4",32,33,1.92904939700256,"No",1539.66,19.03,11.45,"26B.3.4",1164.51606098449,1164.51606098449,1188.73902783995,24.2229668554596,0.00165652450973646,1.17851696097312,0.00407577592777466,2.02777678221132,1539.66,19.03,11.45,1
"1083","26B.3.4",32,33,1.99648120626811,"No",1539.66,19.03,11.45,"26B.3.4",1164.51606098449,1164.51606098449,1188.73902783995,24.2229668554596,0.00171442994489941,1.18868369772123,0.00411093650863535,2.09606028506168,1539.66,19.03,11.45,1
"1084","26B.3.4",32,33,25.5613062950721,"No",1539.66,19.03,11.45,"26B.3.4",1164.51606098449,1164.51606098449,1188.73902783995,24.2229668554596,0.0219501535027885,2.24851485493007,0.00777625017072347,25.7496701452173,1539.66,19.03,11.45,1
"1085","26B.3.4",32,33,1.56565903077387,"No",1539.66,19.03,11.45,"26B.3.4",1164.51606098449,1164.51606098449,1188.73902783995,24.2229668554596,0.00134447182244121,1.11859866541488,0.00386855485692312,1.65936690685165,1539.66,19.03,11.45,1
"1086","26B.3.4",32,33,5.66034805002413,"No",1539.66,19.03,11.45,"26B.3.4",1164.51606098449,1164.51606098449,1188.73902783995,24.2229668554596,0.00486068697518766,1.54244889630682,0.00533439593113614,5.78956294585794,1539.66,19.03,11.45,1
"1087","26B.3.4",32,33,2.49295392118829,"No",1539.66,19.03,11.45,"26B.3.4",1164.51606098449,1164.51606098449,1188.73902783995,24.2229668554596,0.00214076388013123,1.25654649421455,0.00434563279345636,2.59821804031018,1539.66,19.03,11.45,1
"1088","26B.3.4",32,33,7.02205566165286,"No",1539.66,19.03,11.45,"26B.3.4",1164.51606098449,1164.51606098449,1188.73902783995,24.2229668554596,0.0060300204496247,1.62785630853887,0.00562976840888265,7.15842535522514,1539.66,19.03,11.45,1
"1089","26B.3.4",32,33,1.47201641315508,"No",1539.66,19.03,11.45,"26B.3.4",1164.51606098449,1164.51606098449,1188.73902783995,24.2229668554596,0.0012640584895932,1.10148392412265,0.00380936533918263,1.56429054350644,1539.66,19.03,11.45,1
"1090","26B.3.4",32,33,9.06857121429271,"No",1539.66,19.03,11.45,"26B.3.4",1164.51606098449,1164.51606098449,1188.73902783995,24.2229668554596,0.00778741617923766,1.73534055726213,0.006001491284385,9.21394513875769,1539.66,19.03,11.45,1
"1091","26B.3.4",32,33,28.2508708499453,"No",1539.66,19.03,11.45,"26B.3.4",1164.51606098449,1164.51606098449,1188.73902783995,24.2229668554596,0.0242597520089692,2.30546195553248,0.00797319567891559,28.4440053046078,1539.66,19.03,11.45,1
"1092","26B.3.4",32,33,1.40366888302952,"No",1539.66,19.03,11.45,"26B.3.4",1164.51606098449,1164.51606098449,1188.73902783995,24.2229668554596,0.00120536670129122,1.08846925921342,0.00376435550079959,1.49485274155755,1539.66,19.03,11.45,1
"1093","26B.3.4",32,33,3.54480089476709,"No",1539.66,19.03,11.45,"26B.3.4",1164.51606098449,1164.51606098449,1188.73902783995,24.2229668554596,0.0030440120265669,1.37213853649789,0.00474539561315455,3.65974845542057,1539.66,19.03,11.45,1
"1094","26B.3.4",32,33,2.02331522079361,"No",1539.66,19.03,11.45,"26B.3.4",1164.51606098449,1164.51606098449,1188.73902783995,24.2229668554596,0.00173747300581075,1.19265789429501,0.00412468084602212,2.12322722821615,1539.66,19.03,11.45,1
"1095","26B.3.4",32,33,2.17748164636593,"No",1539.66,19.03,11.45,"26B.3.4",1164.51606098449,1164.51606098449,1188.73902783995,24.2229668554596,0.00186985969478607,1.21475480547829,0.00420110066997156,2.2792447686511,1539.66,19.03,11.45,1
"1096","26B.3.4",32,33,2.83911227670983,"No",1539.66,19.03,11.45,"26B.3.4",1164.51606098449,1164.51606098449,1188.73902783995,24.2229668554596,0.00243801899504042,1.29806261429118,0.00448921189195591,2.94785430757581,1539.66,19.03,11.45,1
"1097","26B.3.4",32,33,1.35711282059085,"Yes",1539.66,19.03,11.45,"26B.3.4",1164.51606098449,1164.51606098449,1188.73902783995,24.2229668554596,0.00116538780877229,1.07932935350427,0.0037327461061917,1.44753100580097,1539.66,19.03,11.45,1
"1098","26B.3.4",32,33,1.10800571566591,"Yes",1539.66,19.03,11.45,"26B.3.4",1164.51606098449,1164.51606098449,1188.73902783995,24.2229668554596,0.000951473107832621,1.02597198028689,0.00354821528947004,1.19395401701878,1539.66,19.03,11.45,1
"1099","26B.3.4",32,33,1.53781663046041,"No",1539.66,19.03,11.45,"26B.3.4",1164.51606098449,1164.51606098449,1188.73902783995,24.2229668554596,0.00132056283462534,1.11359209224726,0.0038512401545701,1.63110509307698,1539.66,19.03,11.45,1
"1100","26B.3.4",32,33,1.64975848750982,"No",1539.66,19.03,11.45,"26B.3.4",1164.51606098449,1164.51606098449,1188.73902783995,24.2229668554596,0.0014166901967115,1.13332662803665,0.00391948995374973,1.7447001627498,1539.66,19.03,11.45,1
"1101","26B.3.4",32,33,21.1661463370018,"No",1539.66,19.03,11.45,"26B.3.4",1164.51606098449,1164.51606098449,1188.73902783995,24.2229668554596,0.0181759161991359,2.14491678896914,0.00741796724617488,21.3458315117408,1539.66,19.03,11.45,1
"1102","26B.3.4",32,33,4.80025965297995,"No",1539.66,19.03,11.45,"26B.3.4",1164.51606098449,1164.51606098449,1188.73902783995,24.2229668554596,0.00412210686808544,1.48018562573536,0.00511906501288603,4.92425859511803,1539.66,19.03,11.45,1
"1103","26B.3.4",32,33,8.30480652896389,"No",1539.66,19.03,11.45,"26B.3.4",1164.51606098449,1164.51606098449,1188.73902783995,24.2229668554596,0.00713155172968845,1.69758832545556,0.00587092919430703,8.44701785224834,1539.66,19.03,11.45,1
"1104","26B.3.4",32,33,8.81704389754049,"No",1539.66,19.03,11.45,"26B.3.4",1164.51606098449,1164.51606098449,1188.73902783995,24.2229668554596,0.00757142317993152,1.72318041816249,0.00595943673289191,8.96139913599854,1539.66,19.03,11.45,1
"1105","26B.3.4",32,33,1.6593784107707,"No",1539.66,19.03,11.45,"26B.3.4",1164.51606098449,1164.51606098449,1188.73902783995,24.2229668554596,0.00142495107312462,1.13497516566801,0.00392519124632034,1.75445818823166,1539.66,19.03,11.45,1
"1106","26B.3.4",32,33,2.10686976293967,"No",1539.66,19.03,11.45,"26B.3.4",1164.51606098449,1164.51606098449,1188.73902783995,24.2229668554596,0.00180922344785739,1.20478464162333,0.00416661991561527,2.20779765905491,1539.66,19.03,11.45,1
"1107","26B.3.4",32,33,2.54477342057659,"No",1539.66,19.03,11.45,"26B.3.4",1164.51606098449,1164.51606098449,1188.73902783995,24.2229668554596,0.00218526262181839,1.26302596859612,0.00436804136845662,2.65058034186799,1539.66,19.03,11.45,1
"1108","26B.3.4",32,33,2.1699844754203,"No",1539.66,19.03,11.45,"26B.3.4",1164.51606098449,1164.51606098449,1188.73902783995,24.2229668554596,0.00186342168057844,1.21370783834929,0.00419747984518678,2.27165989058672,1539.66,19.03,11.45,1
"1109","26B.3.4",32,33,1.8961253564874,"No",1539.66,19.03,11.45,"26B.3.4",1164.51606098449,1164.51606098449,1188.73902783995,24.2229668554596,0.00162825178631234,1.17345586922135,0.00405827267868008,1.99442876107348,1539.66,19.03,11.45,1
"1110","26B.3.4",32,33,24.9723710665069,"No",1539.66,19.03,11.45,"26B.3.4",1164.51606098449,1164.51606098449,1188.73902783995,24.2229668554596,0.0214444196204517,2.23544991956219,0.00773106647729037,25.1596404335436,1539.66,19.03,11.45,1
"1111","26B.3.4",32,33,3.46895527247022,"No",1539.66,19.03,11.45,"26B.3.4",1164.51606098449,1164.51606098449,1188.73902783995,24.2229668554596,0.00297888143297702,1.36473922796562,0.00471980588929252,3.58328297409075,1539.66,19.03,11.45,1
"1112","26B.3.4",32,33,2.17696778331603,"No",1539.66,19.03,11.45,"26B.3.4",1164.51606098449,1164.51606098449,1188.73902783995,24.2229668554596,0.00186941842732131,1.21468313175619,0.00420085279400466,2.27872490130987,1539.66,19.03,11.45,1
"1113","26B.3.4",32,33,1.73482165844152,"No",1539.66,19.03,11.45,"26B.3.4",1164.51606098449,1164.51606098449,1188.73902783995,24.2229668554596,0.00148973613723704,1.14766122525873,0.00396906463805793,1.83096417961638,1539.66,19.03,11.45,1
"1114","26B.3.4",32,33,2.16890229127632,"No",1539.66,19.03,11.45,"26B.3.4",1164.51606098449,1164.51606098449,1188.73902783995,24.2229668554596,0.00186249238112072,1.21355648921523,0.00419695642025724,2.27056502753802,1539.66,19.03,11.45,1
"1115","26B.3.4",32,33,25.7164901005958,"No",1539.66,19.03,11.45,"26B.3.4",1164.51606098449,1164.51606098449,1188.73902783995,24.2229668554596,0.0220834138421886,2.25191982076059,0.00778802588395163,25.9051391934522,1539.66,19.03,11.45,1
"1116","26B.3.4",32,33,1.86576951757709,"No",1539.66,19.03,11.45,"26B.3.4",1164.51606098449,1164.51606098449,1188.73902783995,24.2229668554596,0.0016021844438966,1.16873082432224,0.00404193161198762,1.96367709304631,1539.66,19.03,11.45,1
"1117","26B.3.4",32,33,4.70945349497369,"No",1539.66,19.03,11.45,"26B.3.4",1164.51606098449,1164.51606098449,1188.73902783995,24.2229668554596,0.00404412927632127,1.47313527201566,0.00509468211223662,4.8328618109175,1539.66,19.03,11.45,1
"1118","26B.3.4",32,33,6.13208308611205,"No",1539.66,19.03,11.45,"26B.3.4",1164.51606098449,1164.51606098449,1188.73902783995,24.2229668554596,0.00526577802707844,1.57362775781756,0.00544222471715206,6.26390991505558,1539.66,19.03,11.45,1
"1119","26B.3.4",32,33,2.41876130624839,"No",1539.66,19.03,11.45,"26B.3.4",1164.51606098449,1164.51606098449,1188.73902783995,24.2229668554596,0.00207705276662613,1.24709131036989,0.00431293304285206,2.52323334039521,1539.66,19.03,11.45,1
"1120","26B.3.4",32,33,1.93150876671222,"No",1539.66,19.03,11.45,"26B.3.4",1164.51606098449,1164.51606098449,1188.73902783995,24.2229668554596,0.00165863643398728,1.17889240810311,0.00407707437185755,2.03026760408897,1539.66,19.03,11.45,1
"1121","26B.3.4",32,33,1.71989439852045,"No",1539.66,19.03,11.45,"26B.3.4",1164.51606098449,1164.51606098449,1188.73902783995,24.2229668554596,0.0014769177138411,1.14518445852875,0.00396049900298347,1.8158294346008,1539.66,19.03,11.45,1
"1122","26B.3.4",32,33,20.50543784715,"No",1539.66,19.03,11.45,"26B.3.4",1164.51606098449,1164.51606098449,1188.73902783995,24.2229668554596,0.0176085487647243,2.1279786274797,0.00735938841095607,20.683704068705,1539.66,19.03,11.45,1
"1123","26B.3.4",32,33,6.76288757341429,"No",1539.66,19.03,11.45,"26B.3.4",1164.51606098449,1164.51606098449,1188.73902783995,24.2229668554596,0.00580746612262,1.61262371410449,0.00557708809644833,6.89798119352453,1539.66,19.03,11.45,1
"1124","26B.3.4",32,33,4.67832913148467,"No",1539.66,19.03,11.45,"26B.3.4",1164.51606098449,1164.51606098449,1188.73902783995,24.2229668554596,0.00401740198201267,1.47069526115414,0.00508624359343527,4.80153304146725,1539.66,19.03,11.45,1
"1125","26B.3.4",32,33,4.82275270123054,"No",1539.66,19.03,11.45,"26B.3.4",1164.51606098449,1164.51606098449,1188.73902783995,24.2229668554596,0.0041414222292077,1.48191654996326,0.00512505123076367,4.94689664732586,1539.66,19.03,11.45,1
"1126","26B.3.4",32,33,2.71606677810099,"No",1539.66,19.03,11.45,"26B.3.4",1164.51606098449,1164.51606098449,1188.73902783995,24.2229668554596,0.00233235664934052,1.28376375779183,0.00443976081314694,2.82361095712402,1539.66,19.03,11.45,1
"1127","26B.3.4",32,33,1.74385587207048,"No",1539.66,19.03,11.45,"26B.3.4",1164.51606098449,1164.51606098449,1188.73902783995,24.2229668554596,0.00149749404967092,1.14915244921907,0.00397422187798045,1.84012331689705,1539.66,19.03,11.45,1
"1128","26B.3.4",32,33,1.50492219776772,"No",1539.66,19.03,11.45,"26B.3.4",1164.51606098449,1164.51606098449,1188.73902783995,24.2229668554596,0.00129231553620261,1.107588689183,0.0038304780217334,1.59770773992873,1539.66,19.03,11.45,1
"1129","26B.3.4",32,33,24.7155709726874,"No",1539.66,19.03,11.45,"26B.3.4",1164.51606098449,1164.51606098449,1188.73902783995,24.2229668554596,0.0212238987513772,2.22968063495494,0.00771111401830893,24.9023570319716,1539.66,19.03,11.45,1
"1130","26B.3.4",32,33,2.78311039543863,"No",1539.66,19.03,11.45,"26B.3.4",1164.51606098449,1164.51606098449,1188.73902783995,24.2229668554596,0.00238992873407497,1.29161359736847,0.00446690865084709,2.89131217563446,1539.66,19.03,11.45,1
"1131","26B.3.4",32,33,5.9174802130469,"No",1539.66,19.03,11.45,"26B.3.4",1164.51606098449,1164.51606098449,1188.73902783995,24.2229668554596,0.00508149300065834,1.55967533287475,0.00539397173514234,6.04813821160653,1539.66,19.03,11.45,1
"1132","26B.3.4",32,33,3.93621725523944,"No",1539.66,19.03,11.45,"26B.3.4",1164.51606098449,1164.51606098449,1188.73902783995,24.2229668554596,0.0033801313585248,1.40854188282472,0.00487129272585015,4.05421441748095,1539.66,19.03,11.45,1
"1133","26B.3.4",32,33,3.07847631605635,"No",1539.66,19.03,11.45,"26B.3.4",1164.51606098449,1164.51606098449,1188.73902783995,24.2229668554596,0.00264356707408036,1.324597570595,0.00458098022429992,3.18944124819508,1539.66,19.03,11.45,1
"1134","26B.3.4",32,33,1.94296538142436,"No",1539.66,19.03,11.45,"26B.3.4",1164.51606098449,1164.51606098449,1188.73902783995,24.2229668554596,0.00166847452475818,1.18063666347194,0.00408310669407232,2.04187033954218,1539.66,19.03,11.45,1
"1135","26B.3.4",32,33,1.14452505499544,"No",1539.66,19.03,11.45,"26B.3.4",1164.51606098449,1164.51606098449,1188.73902783995,24.2229668554596,0.000982833207150323,1.03432334291885,0.00357709759147048,1.23117297139238,1539.66,19.03,11.45,1
"1136","26B.3.4",32,33,29.999482319381,"No",1539.66,19.03,11.45,"26B.3.4",1164.51606098449,1164.51606098449,1188.73902783995,24.2229668554596,0.0257613298128489,2.34033722298497,0.00809380809287711,30.1955383645492,1539.66,19.03,11.45,1
"1137","26B.3.4",32,33,3.34014947564242,"No",1539.66,19.03,11.45,"26B.3.4",1164.51606098449,1164.51606098449,1188.73902783995,24.2229668554596,0.00286827257051194,1.35189037370212,0.0046753694894435,3.45340079582223,1539.66,19.03,11.45,1
"1138","26B.3.4",32,33,1.81216432762967,"No",1539.66,19.03,11.45,"26B.3.4",1164.51606098449,1164.51606098449,1188.73902783995,24.2229668554596,0.00155615228363416,1.1602441684501,0.00401258141266388,1.90936095419346,1539.66,19.03,11.45,1
"1139","26B.3.4",32,33,1.43037177387368,"No",1539.66,19.03,11.45,"26B.3.4",1164.51606098449,1164.51606098449,1188.73902783995,24.2229668554596,0.00122829716291284,1.09360939584197,0.00378213211821783,1.52198623481624,1539.66,19.03,11.45,1
"1140","26B.3.4",32,33,6.05896792582898,"No",1539.66,19.03,11.45,"26B.3.4",1164.51606098449,1164.51606098449,1188.73902783995,24.2229668554596,0.00520299215169837,1.56891589652077,0.00542592924455011,6.19040003007979,1539.66,19.03,11.45,1
"1141","26B.3.4",32,33,10.4046877943882,"No",1539.66,19.03,11.45,"26B.3.4",1164.51606098449,1164.51606098449,1188.73902783995,24.2229668554596,0.00893477397434268,1.7960038499684,0.00621128884886605,10.555143638304,1539.66,19.03,11.45,1
"1142","26B.3.4",32,33,7.26514554950372,"No",1539.66,19.03,11.45,"26B.3.4",1164.51606098449,1164.51606098449,1188.73902783995,24.2229668554596,0.00623876801094674,1.64176532860249,0.00567787127972079,7.40268043732196,1539.66,19.03,11.45,1
"1143","26B.3.4",32,33,2.26995824093601,"No",1539.66,19.03,11.45,"26B.3.4",1164.51606098449,1164.51606098449,1188.73902783995,24.2229668554596,0.00194927173354481,1.22745185609704,0.00424501207301401,2.37278502768165,1539.66,19.03,11.45,1
"1144","26B.3.4",32,33,4.584409698927,"No",1539.66,19.03,11.45,"26B.3.4",1164.51606098449,1164.51606098449,1188.73902783995,24.2229668554596,0.00393675094103152,1.46325782640325,0.00506052201408943,4.70699055594561,1539.66,19.03,11.45,1
"1145","26B.3.4",32,33,2.63603895027346,"No",1539.66,19.03,11.45,"26B.3.4",1164.51606098449,1164.51606098449,1188.73902783995,24.2229668554596,0.00226363468791056,1.27420104166206,0.00440668917353842,2.74278203606639,1539.66,19.03,11.45,1
"1146","26B.3.4",32,33,2.59318479936375,"No",1539.66,19.03,11.45,"26B.3.4",1164.51606098449,1164.51606098449,1188.73902783995,24.2229668554596,0.00222683472237511,1.26899048813298,0.00438866902673741,2.69949138373799,1539.66,19.03,11.45,1
"1147","26B.3.4",32,33,2.19334051773794,"No",1539.66,19.03,11.45,"26B.3.4",1164.51606098449,1164.51606098449,1188.73902783995,24.2229668554596,0.00188347811698164,1.21696059302388,0.00420872915227416,2.29528842449708,1539.66,19.03,11.45,1
"1148","26B.3.4",32,33,1.63920660795816,"No",1539.66,19.03,11.45,"26B.3.4",1164.51606098449,1164.51606098449,1188.73902783995,24.2229668554596,0.00140762902537589,1.13151007174636,0.00391320758646559,1.73399610562365,1539.66,19.03,11.45,1
"1149","26B.3.4",32,33,1.65990312299354,"No",1539.66,19.03,11.45,"26B.3.4",1164.51606098449,1164.51606098449,1188.73902783995,24.2229668554596,0.00142540165705422,1.13506487768507,0.0039255015058174,1.75499041586001,1539.66,19.03,11.45,1
"1150","26B.3.4",32,33,1.48107320724313,"No",1539.66,19.03,11.45,"26B.3.4",1164.51606098449,1164.51606098449,1188.73902783995,24.2229668554596,0.00127183579245015,1.10317428885299,0.0038152112863393,1.57348894377871,1539.66,19.03,11.45,1
"1151","26B.3.4",32,33,18.7536886857091,"No",1539.66,19.03,11.45,"26B.3.4",1164.51606098449,1164.51606098449,1188.73902783995,24.2229668554596,0.0161042765437298,2.08099806119882,0.00719691110476378,18.9280192248615,1539.66,19.03,11.45,1
"1152","26B.3.4",32,33,3.21686705507338,"No",1539.66,19.03,11.45,"26B.3.4",1164.51606098449,1164.51606098449,1188.73902783995,24.2229668554596,0.0027624067738094,1.33923958688314,0.00463161808484628,3.32905858642976,1539.66,19.03,11.45,1
"1153","26B.3.4",32,33,2.14358503135922,"No",1539.66,19.03,11.45,"26B.3.4",1164.51606098449,1164.51606098449,1188.73902783995,24.2229668554596,0.00184075179654201,1.20999946676359,0.00418465483533056,2.24494978673697,1539.66,19.03,11.45,1
"1154","26B.3.4",32,33,30.208743060804,"No",1539.66,19.03,11.45,"26B.3.4",1164.51606098449,1164.51606098449,1188.73902783995,24.2229668554596,0.025941027412937,2.34440783343085,0.00810788586741584,30.4051401114383,1539.66,19.03,11.45,1
"1155","26B.3.4",32,33,4.14722229717617,"No",1539.66,19.03,11.45,"26B.3.4",1164.51606098449,1164.51606098449,1188.73902783995,24.2229668554596,0.00356132683448787,1.42705045610997,0.00493530266372258,4.26676997002118,1539.66,19.03,11.45,1
"1156","26B.3.4",32,33,1.65510494615179,"No",1539.66,19.03,11.45,"26B.3.4",1164.51606098449,1164.51606098449,1188.73902783995,24.2229668554596,0.0014212813387499,1.13424372198415,0.00392266162590934,1.75012344870137,1539.66,19.03,11.45,1
"1157","26B.3.4",32,33,1.09691559222034,"No",1539.66,19.03,11.45,"26B.3.4",1164.51606098449,1164.51606098449,1188.73902783995,24.2229668554596,0.000941949732572178,1.02339502746099,0.0035393031714076,1.18264801563277,1539.66,19.03,11.45,1
"1158","26B.3.4",32,33,1.20230072755577,"No",1539.66,19.03,11.45,"26B.3.4",1164.51606098449,1164.51606098449,1188.73902783995,24.2229668554596,0.00103244666848075,1.04713645041841,0.00362141036492739,1.29002203079542,1539.66,19.03,11.45,1
"1159","26B.3.4",32,33,21.7197594952022,"No",1539.66,19.03,11.45,"26B.3.4",1164.51606098449,1164.51606098449,1188.73902783995,24.2229668554596,0.0186513181079188,2.1588066787925,0.00746600395710582,21.9006082615979,1539.66,19.03,11.45,1
"1160","26B.3.4",32,33,3.67398999876533,"No",1539.66,19.03,11.45,"26B.3.4",1164.51606098449,1164.51606098449,1188.73902783995,24.2229668554596,0.00315495004479313,1.38447300601199,0.00478805306789828,3.78997084953121,1539.66,19.03,11.45,1
"1161","26B.3.4",32,33,3.38973797452061,"No",1539.66,19.03,11.45,"26B.3.4",1164.51606098449,1164.51606098449,1188.73902783995,24.2229668554596,0.0029108554944746,1.35688028441142,0.00469262656645145,3.50340731230481,1539.66,19.03,11.45,1
"1162","26B.3.4",32,33,2.44014535088286,"No",1539.66,19.03,11.45,"26B.3.4",1164.51606098449,1164.51606098449,1188.73902783995,24.2229668554596,0.00209541579771768,1.24983857364554,0.00432243416154355,2.54484753031283,1539.66,19.03,11.45,1
"1163","26B.3.4",32,33,2.23633072420362,"No",1539.66,19.03,11.45,"26B.3.4",1164.51606098449,1164.51606098449,1188.73902783995,24.2229668554596,0.00192039491693486,1.22288046566129,0.00422920240398802,2.33877455386045,1539.66,19.03,11.45,1
"1164","26B.3.4",32,33,4.80741610199974,"No",1539.66,19.03,11.45,"26B.3.4",1164.51606098449,1164.51606098449,1188.73902783995,24.2229668554596,0.00412825229558064,1.48073699986673,0.00512097188184614,4.93146123416144,1539.66,19.03,11.45,1
"1165","26B.3.4",32,33,7.94039682466905,"No",1539.66,19.03,11.45,"26B.3.4",1164.51606098449,1164.51606098449,1188.73902783995,24.2229668554596,0.00681862371048468,1.67865153434059,0.00580543831048303,8.08102176444529,1539.66,19.03,11.45,1
"1166","26B.3.4",32,33,6.03945505689888,"No",1539.66,19.03,11.45,"26B.3.4",1164.51606098449,1164.51606098449,1188.73902783995,24.2229668554596,0.00518623594748286,1.56765119713746,0.00542155541585434,6.17078121404216,1539.66,19.03,11.45,1
"1167","26B.3.4",32,33,4.62427829558974,"No",1539.66,19.03,11.45,"26B.3.4",1164.51606098449,1164.51606098449,1188.73902783995,24.2229668554596,0.00397098713407212,1.46642883132706,0.00507148859833328,4.74712479581501,1539.66,19.03,11.45,1
"1168","26B.3.4",32,33,1.99126184892302,"No",1539.66,19.03,11.45,"26B.3.4",1164.51606098449,1164.51606098449,1188.73902783995,24.2229668554596,0.00170994794802538,1.18790604745568,0.00410824708766178,2.09077578196149,1539.66,19.03,11.45,1
"1169","26B.3.4",32,33,1.86953577490395,"No",1539.66,19.03,11.45,"26B.3.4",1164.51606098449,1164.51606098449,1188.73902783995,24.2229668554596,0.00160541862627763,1.169320180736,0.00404396983864336,1.96749272226988,1539.66,19.03,11.45,1
"1170","26B.3.4",32,33,23.1324322942855,"No",1539.66,19.03,11.45,"26B.3.4",1164.51606098449,1164.51606098449,1188.73902783995,24.2229668554596,0.019864416704334,2.1930842953472,0.00758454945881825,23.31615258444,1539.66,19.03,11.45,1
"1171","26B.3.4",32,33,2.35122616350526,"No",1539.66,19.03,11.45,"26B.3.4",1164.51606098449,1164.51606098449,1188.73902783995,24.2229668554596,0.00201905859633875,1.2382935233455,0.00428250682943373,2.45496118449292,1539.66,19.03,11.45,1
"1172","26B.3.4",32,33,1.32240887734108,"Yes",1539.66,19.03,11.45,"26B.3.4",1164.51606098449,1164.51606098449,1188.73902783995,24.2229668554596,0.00113558663692719,1.0723620567561,0.00370865044927014,1.41224339425223,1539.66,19.03,11.45,1
"1173","26B.3.4",32,33,4.18464253595271,"Yes",1539.66,19.03,11.45,"26B.3.4",1164.51606098449,1164.51606098449,1188.73902783995,24.2229668554596,0.00359346055941469,1.43025867738324,0.00494639795676423,4.30445896971332,1539.66,19.03,11.45,1
"1174","26B.3.4",32,33,5.1204686992161,"No",1539.66,19.03,11.45,"26B.3.4",1164.51606098449,1164.51606098449,1188.73902783995,24.2229668554596,0.00439707864130893,1.5042756616724,0.00520237784742543,5.24648572538386,1539.66,19.03,11.45,1
"1175","26B.3.4",32,33,4.0195953314051,"No",1539.66,19.03,11.45,"26B.3.4",1164.51606098449,1164.51606098449,1188.73902783995,24.2229668554596,0.00345173026467915,1.41594238860952,0.00489688659028308,4.13821245297648,1539.66,19.03,11.45,1
"1176","26B.3.4",32,33,2.1642921557008,"No",1539.66,19.03,11.45,"26B.3.4",1164.51606098449,1164.51606098449,1188.73902783995,24.2229668554596,0.00185853353870542,1.21291110226918,0.0041947244179476,2.26590082624453,1539.66,19.03,11.45,1
"1177","26B.3.4",32,33,1.99949233523036,"No",1539.66,19.03,11.45,"26B.3.4",1164.51606098449,1164.51606098449,1188.73902783995,24.2229668554596,0.00171701567906241,1.18913164299887,0.00411248567987344,2.09910893954749,1539.66,19.03,11.45,1
"1178","26B.3.4",32,33,2.20883465836097,"No",1539.66,19.03,11.45,"26B.3.4",1164.51606098449,1164.51606098449,1188.73902783995,24.2229668554596,0.00189678333546866,1.2191041285474,0.00421614234256025,2.31096213458271,1539.66,19.03,11.45,1
"1179","26B.3.4",32,33,1.56516042111207,"No",1539.66,19.03,11.45,"26B.3.4",1164.51606098449,1164.51606098449,1188.73902783995,24.2229668554596,0.00134404365345453,1.11850959577836,0.00386824681903104,1.65886083559819,1539.66,19.03,11.45,1
"1180","26B.3.4",32,33,16.9742617218294,"No",1539.66,19.03,11.45,"26B.3.4",1164.51606098449,1164.51606098449,1188.73902783995,24.2229668554596,0.014576236679363,2.02977417922153,0.00701975874123919,17.1443011051518,1539.66,19.03,11.45,1
"1181","26B.4.4",32,33,1.82208548715762,"No",1649.232,17.868,7.682,"26B.4.4",1423.12948732593,1423.12948732593,1447.34881695281,24.2193296268833,0.00128033710451839,1.1618289323281,0.00393918333551596,1.9174898668212,1649.232,17.868,7.682,1
"1182","26B.4.4",32,33,3.07116328290601,"No",1649.232,17.868,7.682,"26B.4.4",1423.12948732593,1423.12948732593,1447.34881695281,24.2193296268833,0.00215803502791355,1.32381021134604,0.00448838118833105,3.1798688663973,1649.232,17.868,7.682,1
"1183","26B.4.4",32,33,13.5786755790233,"No",1649.232,17.868,7.682,"26B.4.4",1423.12948732593,1423.12948732593,1447.34881695281,24.2193296268833,0.00954141959670709,1.91961596444319,0.0065084617944336,13.7363061605867,1649.232,17.868,7.682,1
"1184","26B.4.4",32,33,2.18742239677489,"No",1649.232,17.868,7.682,"26B.4.4",1423.12948732593,1423.12948732593,1447.34881695281,24.2193296268833,0.00153705085605743,1.2161388534472,0.00412332123247543,2.28728647286174,1649.232,17.868,7.682,1
"1185","26B.4.4",32,33,1.69771752885615,"No",1649.232,17.868,7.682,"26B.4.4",1423.12948732593,1423.12948732593,1447.34881695281,24.2193296268833,0.0011929466320357,1.14147487896954,0.00387017287660136,1.79145052146758,1649.232,17.868,7.682,1
"1186","26B.4.4",32,33,8.53764601697596,"No",1649.232,17.868,7.682,"26B.4.4",1423.12948732593,1423.12948732593,1447.34881695281,24.2193296268833,0.00599920533796139,1.70936393236736,0.00579560185613626,8.67801160871591,1649.232,17.868,7.682,1
"1187","26B.4.4",32,33,10.0923024288239,"No",1649.232,17.868,7.682,"26B.4.4",1423.12948732593,1423.12948732593,1447.34881695281,24.2193296268833,0.0070916262495463,1.7823687701796,0.00604312490580398,10.238662862894,1649.232,17.868,7.682,1
"1188","26B.4.4",32,33,7.87254195427323,"No",1649.232,17.868,7.682,"26B.4.4",1423.12948732593,1423.12948732593,1447.34881695281,24.2193296268833,0.00553185217816392,1.67505374411209,0.00567927309374029,8.01009014137162,1649.232,17.868,7.682,1
"1189","26B.4.4",32,33,1.1185014382276,"No",1649.232,17.868,7.682,"26B.4.4",1423.12948732593,1423.12948732593,1447.34881695281,24.2193296268833,0.000785944953139351,1.02839305887947,0.00348676873778719,1.20294863962078,1649.232,17.868,7.682,1
"1190","26B.4.4",32,33,4.26875654193013,"No",1649.232,17.868,7.682,"26B.4.4",1423.12948732593,1423.12948732593,1447.34881695281,24.2193296268833,0.00299955596447598,1.43739240790451,0.00487348185456929,4.38678900539658,1649.232,17.868,7.682,1
"1191","26B.4.4",32,33,2.51123264062092,"No",1649.232,17.868,7.682,"26B.4.4",1423.12948732593,1423.12948732593,1447.34881695281,24.2193296268833,0.00176458478514105,1.25884348588568,0.00426811137478484,2.61460343689108,1649.232,17.868,7.682,1
"1192","26B.4.4",32,33,2.56030123681216,"No",1649.232,17.868,7.682,"26B.4.4",1423.12948732593,1423.12948732593,1447.34881695281,24.2193296268833,0.00179906414673692,1.26494827314586,0.00428880966828833,2.6641733318754,1649.232,17.868,7.682,1
"1193","26B.4.4",32,33,1.51853042100769,"No",1649.232,17.868,7.682,"26B.4.4",1423.12948732593,1423.12948732593,1447.34881695281,24.2193296268833,0.00106703601782647,1.11008407946736,0.00376374230765372,1.6096857365874,1649.232,17.868,7.682,1
"1194","26B.4.4",32,33,1.60772384370942,"No",1649.232,17.868,7.682,"26B.4.4",1423.12948732593,1423.12948732593,1447.34881695281,24.2193296268833,0.00112971016202492,1.12603752405482,0.00381783249366505,1.70018918733372,1649.232,17.868,7.682,1
"1195","26B.4.4",32,33,1.68821750538386,"No",1649.232,17.868,7.682,"26B.4.4",1423.12948732593,1423.12948732593,1447.34881695281,24.2193296268833,0.00118627118643718,1.13987466165279,0.00386474733656533,1.78181909505275,1649.232,17.868,7.682,1
"1196","26B.4.4",32,33,1.17108937666115,"No",1649.232,17.868,7.682,"26B.4.4",1423.12948732593,1423.12948732593,1447.34881695281,24.2193296268833,0.000822897274696792,1.04027344002304,0.00352704919398702,1.25651214370055,1649.232,17.868,7.682,1
"1197","26B.4.4",32,33,54.4354512202839,"No",1649.232,17.868,7.682,"26B.4.4",1423.12948732593,1423.12948732593,1447.34881695281,24.2193296268833,0.038250525834138,2.7162544873181,0.00920946631103719,54.6584983205586,1649.232,17.868,7.682,1
"1198","26B.4.4",32,33,1.86491180594143,"No",1649.232,17.868,7.682,"26B.4.4",1423.12948732593,1423.12948732593,1447.34881695281,24.2193296268833,0.00131043016292608,1.16859648204758,0.00396212872647283,1.96087190759202,1649.232,17.868,7.682,1
"1199","26B.4.4",32,33,2.40417430039149,"No",1649.232,17.868,7.682,"26B.4.4",1423.12948732593,1423.12948732593,1447.34881695281,24.2193296268833,0.00168935737879267,1.24520681127071,0.00422187620203228,2.5064253117724,1649.232,17.868,7.682,1
"1200","26B.4.4",32,33,1.99505520211867,"No",1649.232,17.868,7.682,"26B.4.4",1423.12948732593,1423.12948732593,1447.34881695281,24.2193296268833,0.00140187890131305,1.18847138391531,0.00402951462129253,2.0926473449681,1649.232,17.868,7.682,1
"1201","26B.4.4",32,33,14.316511339083,"No",1649.232,17.868,7.682,"26B.4.4",1423.12948732593,1423.12948732593,1447.34881695281,24.2193296268833,0.0100598796290729,1.94517778209604,0.00659512918867883,14.4762409468355,1649.232,17.868,7.682,1
"1202","26B.4.4",32,33,9.3747901334105,"No",1649.232,17.868,7.682,"26B.4.4",1423.12948732593,1423.12948732593,1447.34881695281,24.2193296268833,0.0065874470432243,1.74980796295383,0.00593272742331255,9.51847681446216,1649.232,17.868,7.682,1
"1203","26B.4.4",32,33,5.96132114724634,"No",1649.232,17.868,7.682,"26B.4.4",1423.12948732593,1423.12948732593,1447.34881695281,24.2193296268833,0.00418888175695644,1.56255613968027,0.0052978497392923,6.08963151639596,1649.232,17.868,7.682,1
"1204","26B.4.4",32,33,1.31503516346437,"No",1649.232,17.868,7.682,"26B.4.4",1423.12948732593,1423.12948732593,1447.34881695281,24.2193296268833,0.000924044632042115,1.07086405580472,0.00363076673841838,1.40296989990045,1649.232,17.868,7.682,1
"1205","26B.4.4",32,33,2.97338119726144,"No",1649.232,17.868,7.682,"26B.4.4",1423.12948732593,1423.12948732593,1447.34881695281,24.2193296268833,0.00208932582996959,1.31314488908965,0.00445222039173591,3.08121099050042,1649.232,17.868,7.682,1
"1206","26B.4.4",32,33,4.43728439802554,"No",1649.232,17.868,7.682,"26B.4.4",1423.12948732593,1423.12948732593,1447.34881695281,24.2193296268833,0.00311797657032828,1.45137392431404,0.004920886214121,4.55646496330172,1649.232,17.868,7.682,1
"1207","26B.4.4",32,33,3.05109564600155,"No",1649.232,17.868,7.682,"26B.4.4",1423.12948732593,1423.12948732593,1447.34881695281,24.2193296268833,0.00214393396607542,1.32164237750959,0.00448103114334155,3.15962321633047,1649.232,17.868,7.682,1
"1208","26B.4.4",32,33,3.08220672133612,"No",1649.232,17.868,7.682,"26B.4.4",1423.12948732593,1423.12948732593,1447.34881695281,24.2193296268833,0.0021657949953153,1.32499866528126,0.0044924106437925,3.19100989553745,1649.232,17.868,7.682,1
"1209","26B.4.4",32,33,2.61620715721999,"No",1649.232,17.868,7.682,"26B.4.4",1423.12948732593,1423.12948732593,1447.34881695281,24.2193296268833,0.00183834793707765,1.27179769155625,0.00431203263520666,2.72064169697394,1649.232,17.868,7.682,1
"1210","26B.4.4",32,33,1.32532459942158,"Yes",1649.232,17.868,7.682,"26B.4.4",1423.12948732593,1423.12948732593,1447.34881695281,24.2193296268833,0.000931274779438293,1.0729526698166,0.00363784818843307,1.4134308438298,1649.232,17.868,7.682,1
"1211","26B.4.4",32,33,0.744069149207286,"Yes",1649.232,17.868,7.682,"26B.4.4",1423.12948732593,1423.12948732593,1447.34881695281,24.2193296268833,0.000522840089980427,0.928759618606379,0.00314896135783374,0.82033488231498,1649.232,17.868,7.682,1
"1212","26B.4.4",32,33,1.68775560209603,"No",1649.232,17.868,7.682,"26B.4.4",1423.12948732593,1423.12948732593,1447.34881695281,24.2193296268833,0.00118594661773704,1.13979668504702,0.00386448295672639,1.78135078866246,1649.232,17.868,7.682,1
"1213","26B.4.4",32,33,1.66616786011772,"No",1649.232,17.868,7.682,"26B.4.4",1423.12948732593,1423.12948732593,1447.34881695281,24.2193296268833,0.00117077741340913,1.13613434387554,0.00385206578160685,1.75946231102689,1649.232,17.868,7.682,1
"1214","26B.4.4",32,33,1.22753806355176,"Yes",1649.232,17.868,7.682,"26B.4.4",1423.12948732593,1423.12948732593,1447.34881695281,24.2193296268833,0.000862562454424523,1.05258879341141,0.00356880442445909,1.31397211428162,1649.232,17.868,7.682,1
"1215","26B.4.4",32,33,0.0665031322877572,"Yes",1649.232,17.868,7.682,"26B.4.4",1423.12948732593,1423.12948732593,1447.34881695281,24.2193296268833,4.67302047213688e-05,0.507820846695472,0.00172176760370562,0.108203189422793,1649.232,17.868,7.682,1
"1216","26B.4.4",32,33,1.12887901962269,"Yes",1649.232,17.868,7.682,"26B.4.4",1423.12948732593,1423.12948732593,1447.34881695281,24.2193296268833,0.000793237038285156,1.030770190502,0.00349482840734201,1.2135214208095,1649.232,17.868,7.682,1
"1217","26B.4.4",32,33,42.494279212055,"Yes",1649.232,17.868,7.682,"26B.4.4",1423.12948732593,1423.12948732593,1447.34881695281,24.2193296268833,0.0298597419212373,2.55318695477441,0.00865658551345484,42.7039359100486,1649.232,17.868,7.682,1
"1218","26B.4.4",32,33,4.51205723097588,"No",1649.232,17.868,7.682,"26B.4.4",1423.12948732593,1423.12948732593,1447.34881695281,24.2193296268833,0.00317051770141737,1.45744995078866,0.00494148699412313,4.6317367333335,1649.232,17.868,7.682,1
"1219","26B.4.4",32,33,2.95888761101719,"No",1649.232,17.868,7.682,"26B.4.4",1423.12948732593,1423.12948732593,1447.34881695281,24.2193296268833,0.00207914152392202,1.31154174220587,0.00444678491899697,3.06658576075023,1649.232,17.868,7.682,1
"1220","26B.4.4",32,33,1.91369872433915,"No",1649.232,17.868,7.682,"26B.4.4",1423.12948732593,1423.12948732593,1447.34881695281,24.2193296268833,0.00134471159608604,1.17616537969909,0.00398779108920749,2.01028035121181,1649.232,17.868,7.682,1
"1221","26B.4.4",32,33,1.37516129668977,"No",1649.232,17.868,7.682,"26B.4.4",1423.12948732593,1423.12948732593,1447.34881695281,24.2193296268833,0.00096629386780096,1.08290014086183,0.00367157510905073,1.46408438450573,1649.232,17.868,7.682,1
"1222","26B.4.4",32,33,9.54199975550571,"No",1649.232,17.868,7.682,"26B.4.4",1423.12948732593,1423.12948732593,1447.34881695281,24.2193296268833,0.00670494135669637,1.75755874658815,0.00595900647083837,9.68632289747168,1649.232,17.868,7.682,1
"1223","26B.4.4",32,33,2.54651440715007,"No",1649.232,17.868,7.682,"26B.4.4",1423.12948732593,1423.12948732593,1447.34881695281,24.2193296268833,0.00178937646210605,1.26324193549937,0.00428302432706056,2.65024638512711,1649.232,17.868,7.682,1
"1224","26B.4.4",32,33,1.59207433384822,"No",1649.232,17.868,7.682,"26B.4.4",1423.12948732593,1423.12948732593,1447.34881695281,24.2193296268833,0.00111871361532937,1.12328726516008,0.00380850773534217,1.68431383807701,1649.232,17.868,7.682,1
"1225","26B.4.4",32,33,7.80653561863643,"No",1649.232,17.868,7.682,"26B.4.4",1423.12948732593,1423.12948732593,1447.34881695281,24.2193296268833,0.00548547106089761,1.67153158127108,0.00566733119353257,7.94379458091731,1649.232,17.868,7.682,1
"1226","26B.4.4",32,33,10.1253071685234,"No",1649.232,17.868,7.682,"26B.4.4",1423.12948732593,1423.12948732593,1447.34881695281,24.2193296268833,0.00711481791270376,1.78382420149808,0.00604805954862118,10.2717871163345,1649.232,17.868,7.682,1
"1227","26B.4.4",32,33,5.71643400834167,"No",1649.232,17.868,7.682,"26B.4.4",1423.12948732593,1423.12948732593,1447.34881695281,24.2193296268833,0.00401680525858747,1.54625564651643,0.00524258288438361,5.84340585131481,1649.232,17.868,7.682,1
"1228","26B.4.4",32,33,6.37694393438615,"No",1649.232,17.868,7.682,"26B.4.4",1423.12948732593,1423.12948732593,1447.34881695281,24.2193296268833,0.0044809302253785,1.58910703277657,0.00538787059582101,6.50743454833333,1649.232,17.868,7.682,1
"1229","26B.4.4",32,33,1.90091142759936,"No",1649.232,17.868,7.682,"26B.4.4",1423.12948732593,1423.12948732593,1447.34881695281,24.2193296268833,0.00133572625999844,1.17419565878469,0.0039811127464793,1.99733130948813,1649.232,17.868,7.682,1
"1230","26B.4.4",32,33,6.97130056059335,"No",1649.232,17.868,7.682,"26B.4.4",1423.12948732593,1423.12948732593,1447.34881695281,24.2193296268833,0.00489857080657677,1.62490678385745,0.00550924972397791,7.10473089565519,1649.232,17.868,7.682,1
"1231","26B.4.4",32,33,5.92160681082417,"No",1649.232,17.868,7.682,"26B.4.4",1423.12948732593,1423.12948732593,1447.34881695281,24.2193296268833,0.00416097541619415,1.55994717452453,0.00528900403767612,6.04970294301057,1649.232,17.868,7.682,1
"1232","26B.4.4",32,33,3.7621889840483,"No",1649.232,17.868,7.682,"26B.4.4",1423.12948732593,1423.12948732593,1447.34881695281,24.2193296268833,0.00264360272031007,1.39270826162664,0.00472198016659979,3.87655217819479,1649.232,17.868,7.682,1
"1233","26B.4.4",32,33,33.3778107428278,"No",1649.232,17.868,7.682,"26B.4.4",1423.12948732593,1423.12948732593,1447.34881695281,24.2193296268833,0.0234538115049145,2.40361254458782,0.00814945317440557,33.5751850355376,1649.232,17.868,7.682,1
"1234","26B.4.4",32,33,5.75955244754599,"No",1649.232,17.868,7.682,"26B.4.4",1423.12948732593,1423.12948732593,1447.34881695281,24.2193296268833,0.00404710358322224,1.54916324449496,0.00525244110118707,5.88676304992143,1649.232,17.868,7.682,1
"1235","26B.4.4",32,33,2.28701160767229,"No",1649.232,17.868,7.682,"26B.4.4",1423.12948732593,1423.12948732593,1447.34881695281,24.2193296268833,0.00160702987889711,1.22975073900501,0.00416947235787977,2.38799343307796,1649.232,17.868,7.682,1
"1236","26B.4.4",32,33,1.39438592018405,"No",1649.232,17.868,7.682,"26B.4.4",1423.12948732593,1423.12948732593,1447.34881695281,24.2193296268833,0.000979802563717595,1.08666517003692,0.00368434044805337,1.48361817595311,1649.232,17.868,7.682,1
"1237","26B.4.4",32,33,1.17873567853123,"Yes",1649.232,17.868,7.682,"26B.4.4",1423.12948732593,1423.12948732593,1447.34881695281,24.2193296268833,0.00082827015322835,1.04196734211096,0.00353279237242841,1.26429754150241,1649.232,17.868,7.682,1
"1238","26B.4.4",32,33,15.6063733875189,"Yes",1649.232,17.868,7.682,"26B.4.4",1423.12948732593,1423.12948732593,1447.34881695281,24.2193296268833,0.0109662356985121,1.98758402886304,0.00673890765376805,15.7695852133106,1649.232,17.868,7.682,1
"1239","26B.4.4",32,33,8.40727687584343,"No",1649.232,17.868,7.682,"26B.4.4",1423.12948732593,1423.12948732593,1447.34881695281,24.2193296268833,0.00590759797384339,1.70280076868171,0.00577334943643885,8.54710352889573,1649.232,17.868,7.682,1
"1240","26B.4.4",32,33,1.63040340699698,"No",1649.232,17.868,7.682,"26B.4.4",1423.12948732593,1423.12948732593,1447.34881695281,24.2193296268833,0.0011456465637997,1.12998783625294,0.00383122603513054,1.72319313321691,1649.232,17.868,7.682,1
"1241","26B.4.4",32,33,3.97891070778124,"No",1649.232,17.868,7.682,"26B.4.4",1423.12948732593,1423.12948732593,1447.34881695281,24.2193296268833,0.00279588803634281,1.41234581785677,0.0047885613405571,4.09488645332674,1649.232,17.868,7.682,1
"1242","26B.4.4",32,33,4.61115047600603,"No",1649.232,17.868,7.682,"26B.4.4",1423.12948732593,1423.12948732593,1447.34881695281,24.2193296268833,0.00324014822057438,1.46538696380619,0.00496839745274785,4.7314817316315,1649.232,17.868,7.682,1
"1243","26B.4.4",32,33,3.26260836008321,"No",1649.232,17.868,7.682,"26B.4.4",1423.12948732593,1423.12948732593,1447.34881695281,24.2193296268833,0.0022925590321466,1.34397514211392,0.00455675042672099,3.37296980069541,1649.232,17.868,7.682,1
"1244","26B.4.4",32,33,1.99970488093912,"No",1649.232,17.868,7.682,"26B.4.4",1423.12948732593,1423.12948732593,1447.34881695281,24.2193296268833,0.00140514612250539,1.18916324286412,0.0040318603704522,2.09735383626067,1649.232,17.868,7.682,1
"1245","26B.4.4",32,33,1.88229530747617,"No",1649.232,17.868,7.682,"26B.4.4",1423.12948732593,1423.12948732593,1447.34881695281,24.2193296268833,0.00132264514525169,1.1713102395484,0.0039713297267461,1.97847825118527,1649.232,17.868,7.682,1
"1246","26B.4.4",32,33,1.39762555069009,"No",1649.232,17.868,7.682,"26B.4.4",1423.12948732593,1423.12948732593,1447.34881695281,24.2193296268833,0.000982078976745988,1.08729579362976,0.00368647857861524,1.48690959054802,1649.232,17.868,7.682,1
"1247","26B.4.4",32,33,43.6745418037509,"No",1649.232,17.868,7.682,"26B.4.4",1423.12948732593,1423.12948732593,1447.34881695281,24.2193296268833,0.0306890850008426,2.57073369148023,0.00871607775960312,43.8856393640643,1649.232,17.868,7.682,1
"1248","26B.4.4",32,33,17.1778352353977,"No",1649.232,17.868,7.682,"26B.4.4",1423.12948732593,1423.12948732593,1447.34881695281,24.2193296268833,0.0120704653992344,2.03583280491544,0.0069024952261689,17.3450090425283,1649.232,17.868,7.682,1
"1249","26B.4.4",32,33,10.4630234567702,"No",1649.232,17.868,7.682,"26B.4.4",1423.12948732593,1423.12948732593,1447.34881695281,24.2193296268833,0.00735212329584312,1.79851597509446,0.0060978720365957,10.6107098296471,1649.232,17.868,7.682,1
"1250","26B.4.4",32,33,9.18035668592859,"No",1649.232,17.868,7.682,"26B.4.4",1423.12948732593,1423.12948732593,1447.34881695281,24.2193296268833,0.00645082318066402,1.74066376502936,0.00590172400182901,9.32329248489578,1649.232,17.868,7.682,1
"1251","26B.4.4",32,33,7.07449944392602,"No",1649.232,17.868,7.682,"26B.4.4",1423.12948732593,1423.12948732593,1447.34881695281,24.2193296268833,0.00497108626230426,1.63088721882066,0.00552952640076799,7.20842086650678,1649.232,17.868,7.682,1
"1252","26B.4.4",32,33,3.2151333787675,"No",1649.232,17.868,7.682,"26B.4.4",1423.12948732593,1423.12948732593,1447.34881695281,24.2193296268833,0.00225919946666889,1.33905911025131,0.00454008261078768,3.32509113605145,1649.232,17.868,7.682,1
"1253","26B.4.4",32,33,5.81974313838957,"No",1649.232,17.868,7.682,"26B.4.4",1423.12948732593,1423.12948732593,1447.34881695281,24.2193296268833,0.00408939818211828,1.55319489424027,0.00526611041777012,5.9472848024491,1649.232,17.868,7.682,1
"1254","26B.4.4",32,33,5.81617975227826,"No",1649.232,17.868,7.682,"26B.4.4",1423.12948732593,1423.12948732593,1447.34881695281,24.2193296268833,0.00408689427355406,1.55295708716517,0.00526530413240297,5.94370188864672,1649.232,17.868,7.682,1
"1255","26B.4.4",32,33,4.38522409761737,"No",1649.232,17.868,7.682,"26B.4.4",1423.12948732593,1423.12948732593,1447.34881695281,24.2193296268833,0.00308139500774258,1.44709801565501,0.00490638873719892,4.50405354372122,1649.232,17.868,7.682,1
"1256","26B.4.4",32,33,1.8615103405902,"No",1649.232,17.868,7.682,"26B.4.4",1423.12948732593,1423.12948732593,1447.34881695281,24.2193296268833,0.00130804003231498,1.16806325816011,0.00396032082980818,1.95742665619554,1649.232,17.868,7.682,1
"1257","26B.4.4",32,33,1.43594647419406,"Yes",1649.232,17.868,7.682,"26B.4.4",1423.12948732593,1423.12948732593,1447.34881695281,24.2193296268833,0.00100900619865042,1.09467339451002,0.00371149234926165,1.52583633080848,1649.232,17.868,7.682,1
"1258","26B.4.4",32,33,38.5383900155679,"Yes",1649.232,17.868,7.682,"26B.4.4",1423.12948732593,1423.12948732593,1447.34881695281,24.2193296268833,0.0270800305655825,2.49157171436295,0.00844767891671836,38.7429871358339,1649.232,17.868,7.682,1
"1259","26B.4.4",32,33,2.77829304419474,"No",1649.232,17.868,7.682,"26B.4.4",1423.12948732593,1423.12948732593,1447.34881695281,24.2193296268833,0.00195224192101815,1.29105431311929,0.00437732224940784,2.88430885463624,1649.232,17.868,7.682,1
"1260","26B.4.4",32,33,1.32418517861752,"No",1649.232,17.868,7.682,"26B.4.4",1423.12948732593,1423.12948732593,1447.34881695281,24.2193296268833,0.000930474134933199,1.07272198313449,0.00363706604477267,1.41227248003061,1649.232,17.868,7.682,1
"1261","26B.4.4",32,33,0.829376297973153,"No",1649.232,17.868,7.682,"26B.4.4",1423.12948732593,1423.12948732593,1447.34881695281,24.2193296268833,0.000582783439848161,0.954306550657461,0.0032355782824162,0.907739834928576,1649.232,17.868,7.682,1
"1262","26B.4.4",32,33,1.36003361988935,"No",1649.232,17.868,7.682,"26B.4.4",1423.12948732593,1423.12948732593,1447.34881695281,24.2193296268833,0.000955664001063504,1.079909622741,0.00366143575133778,1.44871113925865,1649.232,17.868,7.682,1
"1263","26B.4.4",32,33,2.2299568053522,"No",1649.232,17.868,7.682,"26B.4.4",1423.12948732593,1423.12948732593,1447.34881695281,24.2193296268833,0.00156693879595054,1.22200817902294,0.0041432211926635,2.33030284513441,1649.232,17.868,7.682,1
"1264","26B.4.4",32,33,2.17268054705227,"No",1649.232,17.868,7.682,"26B.4.4",1423.12948732593,1423.12948732593,1447.34881695281,24.2193296268833,0.00152669210103626,1.21408465208096,0.00411635645860509,2.27237594098498,1649.232,17.868,7.682,1
"1265","26B.4.4",32,33,19.7619232551478,"No",1649.232,17.868,7.682,"26B.4.4",1423.12948732593,1423.12948732593,1447.34881695281,24.2193296268833,0.0138862439652491,2.10842084918191,0.00714860513648006,19.9350576793206,1649.232,17.868,7.682,1
"1266","26B.4.4",32,33,4.69553339827103,"No",1649.232,17.868,7.682,"26B.4.4",1423.12948732593,1423.12948732593,1447.34881695281,24.2193296268833,0.00329944213797016,1.4720454983227,0.00499097322743944,4.81641142402534,1649.232,17.868,7.682,1
"1267","26B.4.4",32,33,1.40633187786023,"No",1649.232,17.868,7.682,"26B.4.4",1423.12948732593,1423.12948732593,1447.34881695281,24.2193296268833,0.000988196710408088,1.08898514443391,0.00369220632591985,1.49575463991815,1649.232,17.868,7.682,1
"1268","26B.4.4",32,33,13.9975150310701,"No",1649.232,17.868,7.682,"26B.4.4",1423.12948732593,1423.12948732593,1447.34881695281,24.2193296268833,0.00983572834076511,1.93425057944832,0.00655808048608934,14.1563473440824,1649.232,17.868,7.682,1
"1269","26B.4.4",32,33,1.51226794132826,"No",1649.232,17.868,7.682,"26B.4.4",1423.12948732593,1423.12948732593,1447.34881695281,24.2193296268833,0.00106263551897152,1.10893779750692,0.0037598558363577,1.60332912917857,1649.232,17.868,7.682,1
"1270","26B.4.4",32,33,6.22894960667362,"No",1649.232,17.868,7.682,"26B.4.4",1423.12948732593,1423.12948732593,1447.34881695281,24.2193296268833,0.00437693805247326,1.57980580148316,0.00535633475238375,6.35867644363353,1649.232,17.868,7.682,1
"1271","26B.4.4",32,33,1.95272588176271,"No",1649.232,17.868,7.682,"26B.4.4",1423.12948732593,1423.12948732593,1447.34881695281,24.2193296268833,0.00137213507214435,1.18211661258955,0.00400796875631115,2.04979619820606,1649.232,17.868,7.682,1
"1272","26B.4.4",32,33,3.60600401308515,"No",1649.232,17.868,7.682,"26B.4.4",1423.12948732593,1423.12948732593,1447.34881695281,24.2193296268833,0.00253385517284226,1.37802327024329,0.00467219067373221,3.71916133909192,1649.232,17.868,7.682,1
"1273","26B.4.4",32,33,1.48734676647233,"Yes",1649.232,17.868,7.682,"26B.4.4",1423.12948732593,1423.12948732593,1447.34881695281,24.2193296268833,0.00104512398886982,1.10434064967536,0.00374426919737404,1.57803045637532,1649.232,17.868,7.682,1
"1274","26B.4.4",32,33,3.26381960962316,"Yes",1649.232,17.868,7.682,"26B.4.4",1423.12948732593,1423.12948732593,1447.34881695281,24.2193296268833,0.00229341014903423,1.34409986308164,0.00455717329341328,3.37419129178317,1649.232,17.868,7.682,1
"1275","26B.4.4",32,33,4.94476566422616,"No",1649.232,17.868,7.682,"26B.4.4",1423.12948732593,1423.12948732593,1447.34881695281,24.2193296268833,0.00347457185608417,1.49120183258437,0.00505592281734328,5.06721672550748,1649.232,17.868,7.682,1
"1276","26B.4.4",32,33,3.0063647074231,"No",1649.232,17.868,7.682,"26B.4.4",1423.12948732593,1423.12948732593,1447.34881695281,24.2193296268833,0.00211250257562443,1.31677149379311,0.00446451640228864,3.11449230179476,1649.232,17.868,7.682,1
"1277","26B.4.4",32,33,1.89752023943715,"No",1649.232,17.868,7.682,"26B.4.4",1423.12948732593,1423.12948732593,1447.34881695281,24.2193296268833,0.00133334335092909,1.17367162265527,0.00397933600092688,1.99389708973972,1649.232,17.868,7.682,1
"1278","26B.4.4",32,33,1.80015234531229,"No",1649.232,17.868,7.682,"26B.4.4",1423.12948732593,1423.12948732593,1447.34881695281,24.2193296268833,0.00126492519573521,1.15831669289721,0.00392727508065027,1.89526831502601,1649.232,17.868,7.682,1
"1279","26B.4.4",32,33,1.38626594706694,"No",1649.232,17.868,7.682,"26B.4.4",1423.12948732593,1423.12948732593,1447.34881695281,24.2193296268833,0.000974096847414597,1.08507970035216,0.00367896490989332,1.47536801090538,1649.232,17.868,7.682,1
"1280","26B.4.4",32,33,1.69886680540127,"No",1649.232,17.868,7.682,"26B.4.4",1423.12948732593,1423.12948732593,1447.34881695281,24.2193296268833,0.00119375420194087,1.14166801142326,0.00387082769257476,1.79261565721661,1649.232,17.868,7.682,1
"1281","26B.4.4",32,33,40.8857028017199,"No",1649.232,17.868,7.682,"26B.4.4",1423.12948732593,1423.12948732593,1447.34881695281,24.2193296268833,0.0287294326804685,2.5286741381242,0.00857347475922221,41.0933466129612,1649.232,17.868,7.682,1
"1282","26B.4.4",32,33,2.51370865908629,"No",1649.232,17.868,7.682,"26B.4.4",1423.12948732593,1423.12948732593,1447.34881695281,24.2193296268833,0.00176632462574405,1.25915366900785,0.00426916305128542,2.61710492625628,1649.232,17.868,7.682,1
"1283","26B.4.4",32,33,21.8347936184335,"No",1649.232,17.868,7.682,"26B.4.4",1423.12948732593,1423.12948732593,1447.34881695281,24.2193296268833,0.0153428017709487,2.16165943515926,0.00732911066948326,22.0122997656097,1649.232,17.868,7.682,1
"1284","26B.4.4",32,33,2.33713503958596,"No",1649.232,17.868,7.682,"26B.4.4",1423.12948732593,1423.12948732593,1447.34881695281,24.2193296268833,0.00164225044902798,1.23643403611548,0.00419213209019605,2.43866566851785,1649.232,17.868,7.682,1
"1285","26B.4.4",32,33,4.1562508998445,"No",1649.232,17.868,7.682,"26B.4.4",1423.12948732593,1423.12948732593,1447.34881695281,24.2193296268833,0.00292050086577444,1.42782650363394,0.00484104863686981,4.27349785252063,1649.232,17.868,7.682,1
"1286","26B.4.4",32,33,13.4990797096521,"No",1649.232,17.868,7.682,"26B.4.4",1423.12948732593,1423.12948732593,1447.34881695281,24.2193296268833,0.00948548943007074,1.91679664450526,0.00649890288450465,13.656478780825,1649.232,17.868,7.682,1
"1287","26B.4.4",32,33,2.35121360278116,"No",1649.232,17.868,7.682,"26B.4.4",1423.12948732593,1423.12948732593,1447.34881695281,24.2193296268833,0.00165214312802914,1.23829186953879,0.00419843107816031,2.45289678897887,1649.232,17.868,7.682,1
"1288","26B.4.4",32,33,8.49710960612488,"No",1649.232,17.868,7.682,"26B.4.4",1423.12948732593,1423.12948732593,1447.34881695281,24.2193296268833,0.00597072134461287,1.70733131137904,0.00578871025058075,8.63730828779821,1649.232,17.868,7.682,1
"1289","26B.4.4",32,33,11.8002904202004,"No",1649.232,17.868,7.682,"26B.4.4",1423.12948732593,1423.12948732593,1447.34881695281,24.2193296268833,0.00829178969678527,1.85341713585958,0.00628401453276601,11.9524850395496,1649.232,17.868,7.682,1
"1290","26B.4.4",32,33,1.46885495354088,"No",1649.232,17.868,7.682,"26B.4.4",1423.12948732593,1423.12948732593,1447.34881695281,24.2193296268833,0.0010321302218963,1.10089203108449,0.0037325766490946,1.55925545776291,1649.232,17.868,7.682,1
"1291","26B.4.4",32,33,2.9151698447247,"No",1649.232,17.868,7.682,"26B.4.4",1423.12948732593,1423.12948732593,1447.34881695281,24.2193296268833,0.002048422066078,1.30667013696227,0.00443026773160491,3.02246795925179,1649.232,17.868,7.682,1
"1292","26B.4.4",32,33,5.13321153196884,"No",1649.232,17.868,7.682,"26B.4.4",1423.12948732593,1423.12948732593,1447.34881695281,24.2193296268833,0.00360698838558548,1.50521067716762,0.00510341983312303,5.25681293913162,1649.232,17.868,7.682,1
"1293","26B.4.4",32,33,3.8904068212374,"No",1649.232,17.868,7.682,"26B.4.4",1423.12948732593,1423.12948732593,1447.34881695281,24.2193296268833,0.00273369841316935,1.40442565588675,0.00476170801544289,4.00573219725038,1649.232,17.868,7.682,1
"1294","26B.4.4",32,33,7.54779094826857,"No",1649.232,17.868,7.682,"26B.4.4",1423.12948732593,1423.12948732593,1447.34881695281,24.2193296268833,0.00530365719738612,1.65750545256382,0.00561977557589555,7.68389814537029,1649.232,17.868,7.682,1
"1295","26B.4.4",32,33,3.83527603822374,"No",1649.232,17.868,7.682,"26B.4.4",1423.12948732593,1423.12948732593,1447.34881695281,24.2193296268833,0.00269495929385193,1.39942348128466,0.00474474813237784,3.95019065723834,1649.232,17.868,7.682,1
"1296","26B.4.4",32,33,2.5012084980081,"No",1649.232,17.868,7.682,"26B.4.4",1423.12948732593,1423.12948732593,1447.34881695281,24.2193296268833,0.00175754105320936,1.2575853627236,0.00426384570566939,2.60447598263188,1649.232,17.868,7.682,1
"1297","26B.4.4",32,33,2.06747900444755,"No",1649.232,17.868,7.682,"26B.4.4",1423.12948732593,1423.12948732593,1447.34881695281,24.2193296268833,0.00145276942320432,1.19911345733728,0.00406559659266778,2.16594502845531,1649.232,17.868,7.682,1
"1298","26B.4.4",32,33,1.6998421586258,"No",1649.232,17.868,7.682,"26B.4.4",1423.12948732593,1423.12948732593,1447.34881695281,24.2193296268833,0.00119443955997274,1.14183183973454,0.00387138315279416,1.79360446331529,1649.232,17.868,7.682,1
"1299","26B.4.4",32,33,1.73437100313786,"No",1649.232,17.868,7.682,"26B.4.4",1423.12948732593,1423.12948732593,1447.34881695281,24.2193296268833,0.00121870217614334,1.14758668589534,0.00389089497029527,1.82860587096702,1649.232,17.868,7.682,1
"1300","26B.4.4",32,33,46.4878668402693,"No",1649.232,17.868,7.682,"26B.4.4",1423.12948732593,1423.12948732593,1447.34881695281,24.2193296268833,0.0326659430882993,2.61116853994847,0.00885317219478903,46.7022847358984,1649.232,17.868,7.682,1
"1301","26B.4.4",32,33,18.8912421238772,"No",1649.232,17.868,7.682,"26B.4.4",1423.12948732593,1423.12948732593,1447.34881695281,24.2193296268833,0.0132744365794669,2.08480350529667,0.00706853048446097,19.0624371936581,1649.232,17.868,7.682,1
"1302","26B.4.4",32,33,2.83721456046886,"No",1649.232,17.868,7.682,"26B.4.4",1423.12948732593,1423.12948732593,1447.34881695281,24.2193296268833,0.0019936447004552,1.29784564751047,0.00440034828234199,2.94378804599199,1649.232,17.868,7.682,1
"1303","26B.4.4",32,33,13.4565825491982,"No",1649.232,17.868,7.682,"26B.4.4",1423.12948732593,1423.12948732593,1447.34881695281,24.2193296268833,0.0094556276635679,1.91528626824976,0.00649378195076778,13.613857594789,1649.232,17.868,7.682,1
"1304","26B.4.4",32,33,12.0320687888568,"No",1649.232,17.868,7.682,"26B.4.4",1423.12948732593,1423.12948732593,1447.34881695281,24.2193296268833,0.00845465496710712,1.86245194777709,0.00631464708077259,12.1850053079834,1649.232,17.868,7.682,1
"1305","26B.4.4",32,33,3.75744832567407,"No",1649.232,17.868,7.682,"26B.4.4",1423.12948732593,1423.12948732593,1447.34881695281,24.2193296268833,0.00264027156990074,1.39226932327078,0.00472049194522,3.8717754760964,1649.232,17.868,7.682,1
"1306","26B.4.4",32,33,8.43290621584381,"No",1649.232,17.868,7.682,"26B.4.4",1423.12948732593,1423.12948732593,1447.34881695281,24.2193296268833,0.00592560711512578,1.7040970224778,0.00577774438754575,8.57283931166566,1649.232,17.868,7.682,1
"1307","26B.4.4",32,33,1.41373631933471,"Yes",1649.232,17.868,7.682,"26B.4.4",1423.12948732593,1423.12948732593,1447.34881695281,24.2193296268833,0.00099339963926342,1.09041571984787,0.0036970566947427,1.50327655407396,1649.232,17.868,7.682,1
"1308","26B.4.4",32,33,1.7177259116646,"Yes",1649.232,17.868,7.682,"26B.4.4",1423.12948732593,1423.12948732593,1447.34881695281,24.2193296268833,0.00120700605739835,1.14482331826796,0.00388152576678794,1.81173386366568,1649.232,17.868,7.682,1
"1309","26B.4.4",32,33,7.82784430354224,"No",1649.232,17.868,7.682,"26B.4.4",1423.12948732593,1423.12948732593,1447.34881695281,24.2193296268833,0.00550044417830933,1.67267106685048,0.00567119462168497,7.96519683546304,1649.232,17.868,7.682,1
"1310","26B.4.4",32,33,6.41322440107766,"No",1649.232,17.868,7.682,"26B.4.4",1423.12948732593,1423.12948732593,1447.34881695281,24.2193296268833,0.00450642366572572,1.59136246063009,0.00539551762850184,6.54390022103001,1649.232,17.868,7.682,1
"1311","26B.4.4",32,33,4.7151424317264,"No",1649.232,17.868,7.682,"26B.4.4",1423.12948732593,1423.12948732593,1447.34881695281,24.2193296268833,0.00331322094982811,1.47357995098575,0.00499617579228458,4.8361464601136,1649.232,17.868,7.682,1
"1312","26B.4.4",32,33,3.08473451279504,"No",1649.232,17.868,7.682,"26B.4.4",1423.12948732593,1423.12948732593,1447.34881695281,24.2193296268833,0.00216757121559703,1.32527024754624,0.004493331444009,3.19355998816034,1649.232,17.868,7.682,1
"1313","26B.4.4",32,33,2.49578014210142,"No",1649.232,17.868,7.682,"26B.4.4",1423.12948732593,1423.12948732593,1447.34881695281,24.2193296268833,0.00175372667373439,1.25690247444228,0.00426153037157592,2.59899155088559,1649.232,17.868,7.682,1
"1314","26B.4.4",32,33,1.84086191264627,"No",1649.232,17.868,7.682,"26B.4.4",1423.12948732593,1423.12948732593,1447.34881695281,24.2193296268833,0.00129353086211801,1.16481057028366,0.00394929258501068,1.93651113155565,1649.232,17.868,7.682,1
"1315","26B.4.4",32,33,1.31373272804417,"No",1649.232,17.868,7.682,"26B.4.4",1423.12948732593,1423.12948732593,1447.34881695281,24.2193296268833,0.000923129440956698,1.07059880632172,0.00362986740951192,1.40164568333703,1649.232,17.868,7.682,1
"1316","26B.4.4",32,33,39.0556434323453,"No",1649.232,17.868,7.682,"26B.4.4",1423.12948732593,1423.12948732593,1447.34881695281,24.2193296268833,0.0274434925143258,2.49989028769566,0.00847588305636035,39.2609236379663,1649.232,17.868,7.682,1
"1317","26B.4.4",32,33,8.18347634330218,"No",1649.232,17.868,7.682,"26B.4.4",1423.12948732593,1423.12948732593,1447.34881695281,24.2193296268833,0.0057503385434582,1.69135377793218,0.00573453839124304,8.32236301885771,1649.232,17.868,7.682,1
"1318","26B.4.4",32,33,3.6015202496183,"No",1649.232,17.868,7.682,"26B.4.4",1423.12948732593,1423.12948732593,1447.34881695281,24.2193296268833,0.002530704536511,1.3775947062782,0.00467073762674525,3.71464238380113,1649.232,17.868,7.682,1
"1319","26B.4.4",32,33,5.98611327319879,"No",1649.232,17.868,7.682,"26B.4.4",1423.12948732593,1423.12948732593,1447.34881695281,24.2193296268833,0.00420630260739432,1.56417821379039,0.00530334938483026,6.11455684007653,1649.232,17.868,7.682,1
"1320","26B.4.4",32,33,1.57923388102354,"No",1649.232,17.868,7.682,"26B.4.4",1423.12948732593,1423.12948732593,1447.34881695281,24.2193296268833,0.00110969092769691,1.12101548886751,0.00380080527324581,1.67128683678388,1649.232,17.868,7.682,1
"1321","26B.4.4",32,33,1.15936733906465,"No",1649.232,17.868,7.682,"26B.4.4",1423.12948732593,1423.12948732593,1447.34881695281,24.2193296268833,0.000814660471439683,1.03766045308838,0.0035181898565213,1.2445755388897,1649.232,17.868,7.682,1
"1322","26B.4.4",32,33,18.9522438760075,"No",1649.232,17.868,7.682,"26B.4.4",1423.12948732593,1423.12948732593,1447.34881695281,24.2193296268833,0.0133173010922702,2.08648448206032,0.00707422983956439,19.1235769803483,1649.232,17.868,7.682,1
"1323","26B.4.4",32,33,1.20906512904447,"Yes",1649.232,17.868,7.682,"26B.4.4",1423.12948732593,1423.12948732593,1447.34881695281,24.2193296268833,0.000849581952880697,1.04860620661202,0.00355530145589297,1.29517214692768,1649.232,17.868,7.682,1
"1324","26B.4.4",32,33,23.6933228326124,"Yes",1649.232,17.868,7.682,"26B.4.4",1423.12948732593,1423.12948732593,1447.34881695281,24.2193296268833,0.0166487470350518,2.20625899303932,0.00748032556031963,23.8744913030742,1649.232,17.868,7.682,1
"1325","26B.4.4",32,33,3.33987247709489,"No",1649.232,17.868,7.682,"26B.4.4",1423.12948732593,1423.12948732593,1447.34881695281,24.2193296268833,0.00234685073061801,1.35186234476817,0.00458349200320869,3.45088158076278,1649.232,17.868,7.682,1
"1326","26B.4.4",32,33,1.4746400450496,"Yes",1649.232,17.868,7.682,"26B.4.4",1423.12948732593,1423.12948732593,1447.34881695281,24.2193296268833,0.00103619527118397,1.10197440079118,0.00373624642576549,1.56512942880248,1649.232,17.868,7.682,1
"1327","26B.4.4",32,33,17.7133688583625,"Yes",1649.232,17.868,7.682,"26B.4.4",1423.12948732593,1423.12948732593,1447.34881695281,24.2193296268833,0.0124467724238123,2.05151780997666,0.00695567526742581,17.8818306504418,1649.232,17.868,7.682,1
"1328","26B.4.4",32,33,2.58971159693135,"No",1649.232,17.868,7.682,"26B.4.4",1423.12948732593,1423.12948732593,1447.34881695281,24.2193296268833,0.00181973012294014,1.26856536645731,0.00430107343044729,2.69388071209278,1649.232,17.868,7.682,1
"1329","26B.4.4",32,33,7.54697144316534,"No",1649.232,17.868,7.682,"26B.4.4",1423.12948732593,1423.12948732593,1447.34881695281,24.2193296268833,0.00530308135020529,1.65746045961504,0.00561962302721207,7.68307494564021,1649.232,17.868,7.682,1
"1330","26B.4.4",32,33,2.598260180311,"No",1649.232,17.868,7.682,"26B.4.4",1423.12948732593,1423.12948732593,1447.34881695281,24.2193296268833,0.00182573701370853,1.26961094993457,0.00430461848333324,2.70251515427682,1649.232,17.868,7.682,1
"1331","26B.4.4",32,33,4.42286471673247,"No",1649.232,17.868,7.682,"26B.4.4",1423.12948732593,1423.12948732593,1447.34881695281,24.2193296268833,0.00310784419557146,1.45019336545272,0.00491688352692352,4.54194833960802,1649.232,17.868,7.682,1
"1332","26B.4.4",32,33,4.72773085691247,"No",1649.232,17.868,7.682,"26B.4.4",1423.12948732593,1423.12948732593,1447.34881695281,24.2193296268833,0.00332206654349909,1.47456250391769,0.00499950713997963,4.84881556830759,1649.232,17.868,7.682,1
"1333","26B.4.4",32,33,1.50846176353433,"No",1649.232,17.868,7.682,"26B.4.4",1423.12948732593,1423.12948732593,1447.34881695281,24.2193296268833,0.00105996100633734,1.10823937564092,0.0037574878356141,1.59946559999407,1649.232,17.868,7.682,1
"1334","26B.4.4",32,33,2.43161268166505,"No",1649.232,17.868,7.682,"26B.4.4",1423.12948732593,1423.12948732593,1447.34881695281,24.2193296268833,0.00170863769131372,1.24874453308266,0.0042338708549623,2.53415419549904,1649.232,17.868,7.682,1
"1335","26B.4.4",32,33,2.82978079566472,"No",1649.232,17.868,7.682,"26B.4.4",1423.12948732593,1423.12948732593,1447.34881695281,24.2193296268833,0.00198842116677795,1.29699469202398,0.00439746311605083,2.93628440439442,1649.232,17.868,7.682,1
"1336","26B.4.4",32,33,1.83189683546099,"No",1649.232,17.868,7.682,"26B.4.4",1423.12948732593,1423.12948732593,1447.34881695281,24.2193296268833,0.00128723131083675,1.16338980347394,0.00394447547228024,1.9274293871293,1649.232,17.868,7.682,1
"1337","26B.4.4",32,33,1.48169641748377,"No",1649.232,17.868,7.682,"26B.4.4",1423.12948732593,1423.12948732593,1447.34881695281,24.2193296268833,0.00104115362001801,1.10329031975758,0.00374070805167196,1.57229385882514,1649.232,17.868,7.682,1
"1338","26B.4.4",32,33,40.3181683779923,"No",1649.232,17.868,7.682,"26B.4.4",1423.12948732593,1423.12948732593,1447.34881695281,24.2193296268833,0.0283306394372802,2.51985295567829,0.00854356652236943,40.5250878317868,1649.232,17.868,7.682,1
"1339","26B.4.4",32,33,2.25445390265604,"No",1649.232,17.868,7.682,"26B.4.4",1423.12948732593,1423.12948732593,1447.34881695281,24.2193296268833,0.00158415233661708,1.22535052137421,0.00415455341113848,2.35507440117289,1649.232,17.868,7.682,1
"1340","26B.4.4",32,33,13.4827528356175,"No",1649.232,17.868,7.682,"26B.4.4",1423.12948732593,1423.12948732593,1447.34881695281,24.2193296268833,0.00947401691532068,1.91621679939349,0.00649693691848511,13.6401042924113,1649.232,17.868,7.682,1
"1341","26B.4.4",32,33,6.14333284619108,"No",1649.232,17.868,7.682,"26B.4.4",1423.12948732593,1423.12948732593,1447.34881695281,24.2193296268833,0.00431677714565134,1.57434899595532,0.00533783344224911,6.27261159382231,1649.232,17.868,7.682,1
"1342","26B.4.4",32,33,7.59714368869411,"No",1649.232,17.868,7.682,"26B.4.4",1423.12948732593,1423.12948732593,1447.34881695281,24.2193296268833,0.00533833622052847,1.6602083168177,0.00562893964259313,7.7334728333479,1649.232,17.868,7.682,1
"1343","26B.4.4",32,33,3.87052274279628,"No",1649.232,17.868,7.682,"26B.4.4",1423.12948732593,1423.12948732593,1447.34881695281,24.2193296268833,0.00271972633359528,1.40262768237075,0.00475561198261496,3.98570047698079,1649.232,17.868,7.682,1
"1344","26B.4.4",32,33,3.60442905722299,"No",1649.232,17.868,7.682,"26B.4.4",1423.12948732593,1423.12948732593,1447.34881695281,24.2193296268833,0.00253274848797894,1.3778727794662,0.00467168043444932,3.71757402557638,1649.232,17.868,7.682,1
"1345","26B.4.4",32,33,2.16646084609877,"No",1649.232,17.868,7.682,"26B.4.4",1423.12948732593,1423.12948732593,1447.34881695281,24.2193296268833,0.00152232166179732,1.21321483215335,0.00411340733238832,2.26608481417152,1649.232,17.868,7.682,1
"1346","26B.4.4",32,33,1.13546358617023,"Yes",1649.232,17.868,7.682,"26B.4.4",1423.12948732593,1423.12948732593,1447.34881695281,24.2193296268833,0.000797863860093133,1.03226999239115,0.00349991348866847,1.22022914461786,1649.232,17.868,7.682,1
"1347","26B.4.4",32,33,1.40596612355905,"Yes",1649.232,17.868,7.682,"26B.4.4",1423.12948732593,1423.12948732593,1447.34881695281,24.2193296268833,0.000987939703365201,1.08891433258315,0.0036919662381972,1.49538307085327,1649.232,17.868,7.682,1
"1348","26B.4.4",32,33,1.29984137913212,"Yes",1649.232,17.868,7.682,"26B.4.4",1423.12948732593,1423.12948732593,1447.34881695281,24.2193296268833,0.000913368313079181,1.06775739900272,0.00362023361227296,1.38752101031408,1649.232,17.868,7.682,1
"1349","26B.4.4",32,33,1.0729926666338,"Yes",1649.232,17.868,7.682,"26B.4.4",1423.12948732593,1423.12948732593,1447.34881695281,24.2193296268833,0.000753966997514725,1.01776892919891,0.00345074760470338,1.15656746033129,1649.232,17.868,7.682,1
"1350","26B.4.4",32,33,44.9825597048043,"Yes",1649.232,17.868,7.682,"26B.4.4",1423.12948732593,1423.12948732593,1447.34881695281,24.2193296268833,0.0316081987657545,2.58976907921753,0.00878061728007246,45.1952203690378,1649.232,17.868,7.682,1
"1351","26B.4.4",32,33,5.58499821980309,"No",1649.232,17.868,7.682,"26B.4.4",1423.12948732593,1423.12948732593,1447.34881695281,24.2193296268833,0.00392444838613902,1.53728985002154,0.00521218433330646,5.71123383024752,1649.232,17.868,7.682,1
"1352","26B.4.4",32,33,1.91441140435051,"No",1649.232,17.868,7.682,"26B.4.4",1423.12948732593,1423.12948732593,1447.34881695281,24.2193296268833,0.00134521237975872,1.17627486826554,0.0039881623104126,2.01100202195191,1649.232,17.868,7.682,1
"1353","26B.4.4",32,33,2.99032131652095,"No",1649.232,17.868,7.682,"26B.4.4",1423.12948732593,1423.12948732593,1447.34881695281,24.2193296268833,0.00210122925787996,1.31501123765313,0.00445854825030008,3.09830436625233,1649.232,17.868,7.682,1
"1354","26B.4.4",32,33,1.98334041902921,"No",1649.232,17.868,7.682,"26B.4.4",1423.12948732593,1423.12948732593,1447.34881695281,24.2193296268833,0.00139364719562935,1.18672288001818,0.00402358631530704,2.08078898228185,1649.232,17.868,7.682,1
"1355","26B.4.4",32,33,1.89963120012768,"No",1649.232,17.868,7.682,"26B.4.4",1423.12948732593,1423.12948732593,1447.34881695281,24.2193296268833,0.00133482667392206,1.17399790925812,0.00398044227631113,1.99603484367844,1649.232,17.868,7.682,1
"1356","26B.4.4",32,33,1.51209792871738,"No",1649.232,17.868,7.682,"26B.4.4",1423.12948732593,1423.12948732593,1447.34881695281,24.2193296268833,0.001062516055063,1.1089066288638,0.00375975015901043,1.60315655713318,1649.232,17.868,7.682,1
"1357","26B.4.4",32,33,15.1639318002311,"No",1649.232,17.868,7.682,"26B.4.4",1423.12948732593,1423.12948732593,1447.34881695281,24.2193296268833,0.0106553422828194,1.97334470926473,0.00669062921198543,15.3259743545274,1649.232,17.868,7.682,1
"1358","26B.4.4",32,33,14.7859213244294,"No",1649.232,17.868,7.682,"26B.4.4",1423.12948732593,1423.12948732593,1447.34881695281,24.2193296268833,0.0103897231110096,1.96093003145129,0.00664853722185009,14.946944438942,1649.232,17.868,7.682,1
"1359","26B.4.4",32,33,2.22607882471505,"No",1649.232,17.868,7.682,"26B.4.4",1423.12948732593,1423.12948732593,1447.34881695281,24.2193296268833,0.001564213829128,1.22147655239868,0.00414141871152301,2.32638120961237,1649.232,17.868,7.682,1
"1360","26B.4.4",32,33,10.5445987658322,"No",1649.232,17.868,7.682,"26B.4.4",1423.12948732593,1423.12948732593,1447.34881695281,24.2193296268833,0.00740944436872403,1.80201131963847,0.0061097230093134,10.6925721613237,1649.232,17.868,7.682,1
"1361","26B.4.4",32,33,2.66933860277455,"No",1649.232,17.868,7.682,"26B.4.4",1423.12948732593,1423.12948732593,1447.34881695281,24.2193296268833,0.00187568216845135,1.27820619112786,0.00433376066591387,2.77429938086634,1649.232,17.868,7.682,1
"1362","26B.4.4",32,33,3.53967515986491,"No",1649.232,17.868,7.682,"26B.4.4",1423.12948732593,1423.12948732593,1447.34881695281,24.2193296268833,0.00248724742996928,1.37164224379037,0.00465055579068926,3.65230850350783,1649.232,17.868,7.682,1
"1363","26B.4.4",32,33,8.93042903856573,"No",1649.232,17.868,7.682,"26B.4.4",1423.12948732593,1423.12948732593,1447.34881695281,24.2193296268833,0.00627520483420387,1.72869382620968,0.00586113990014795,9.0723819177967,1649.232,17.868,7.682,1
"1364","26B.4.4",32,33,2.90399809755802,"No",1649.232,17.868,7.682,"26B.4.4",1423.12948732593,1423.12948732593,1447.34881695281,24.2193296268833,0.00204057193911052,1.30541645237824,0.00442601711149726,3.0111932649156,1649.232,17.868,7.682,1
"1365","26B.4.4",32,33,1.13573379894498,"No",1649.232,17.868,7.682,"26B.4.4",1423.12948732593,1423.12948732593,1447.34881695281,24.2193296268833,0.00079805373232694,1.03233140071229,0.00350012169370503,1.22050439997903,1649.232,17.868,7.682,1
"1366","26B.4.4",32,33,0.597109074991534,"No",1649.232,17.868,7.682,"26B.4.4",1423.12948732593,1423.12948732593,1447.34881695281,24.2193296268833,0.00041957466295882,0.879049675470998,0.00298041969549455,0.669292842023172,1649.232,17.868,7.682,1
"1367","26B.4.4",32,33,6.90584625314321,"No",1649.232,17.868,7.682,"26B.4.4",1423.12948732593,1423.12948732593,1447.34881695281,24.2193296268833,0.00485257758668141,1.62107917356388,0.00549627220356699,7.03896228136047,1649.232,17.868,7.682,1
"1368","26B.4.4",32,33,10.1509245200188,"No",1649.232,17.868,7.682,"26B.4.4",1423.12948732593,1423.12948732593,1447.34881695281,24.2193296268833,0.00713281862994247,1.78495141569648,0.00605188137063158,10.297497029797,1649.232,17.868,7.682,1
"1369","26B.4.4",32,33,1.09164401657647,"Yes",1649.232,17.868,7.682,"26B.4.4",1423.12948732593,1423.12948732593,1447.34881695281,24.2193296268833,0.000767072867436451,1.0221632430188,0.00346564653456188,1.17557965236729,1649.232,17.868,7.682,1
"1370","26B.4.4",32,33,0.691976709160886,"Yes",1649.232,17.868,7.682,"26B.4.4",1423.12948732593,1423.12948732593,1447.34881695281,24.2193296268833,0.000486235943618256,0.912058865667071,0.00309233742135002,0.766871048486109,1649.232,17.868,7.682,1
"1371","26B.4.4",32,33,7.63772960610464,"No",1649.232,17.868,7.682,"26B.4.4",1423.12948732593,1423.12948732593,1447.34881695281,24.2193296268833,0.00536685500098519,1.66242120470677,0.00563644244343882,7.77424046356524,1649.232,17.868,7.682,1
"1372","26B.4.4",32,33,4.55273331125649,"No",1649.232,17.868,7.682,"26B.4.4",1423.12948732593,1423.12948732593,1447.34881695281,24.2193296268833,0.00319909983722642,1.46072362294121,0.00495258638615103,4.67268163344829,1649.232,17.868,7.682,1
"1373","26B.4.4",32,33,3.55402319418044,"No",1649.232,17.868,7.682,"26B.4.4",1423.12948732593,1423.12948732593,1447.34881695281,24.2193296268833,0.00249732946006092,1.37303012010127,0.00465526138811718,3.66677050423855,1649.232,17.868,7.682,1
"1374","26B.4.4",32,33,1.46119922925914,"No",1649.232,17.868,7.682,"26B.4.4",1423.12948732593,1423.12948732593,1447.34881695281,24.2193296268833,0.00102675072245516,1.09945474672541,0.00372770353357977,1.55148170989021,1649.232,17.868,7.682,1
"1375","26B.4.4",32,33,1.56065344422443,"No",1649.232,17.868,7.682,"26B.4.4",1423.12948732593,1423.12948732593,1447.34881695281,24.2193296268833,0.00109663488679229,1.11770352031993,0.0037895760372134,1.65243443541584,1649.232,17.868,7.682,1
"1376","26B.4.4",32,33,43.0323122714127,"No",1649.232,17.868,7.682,"26B.4.4",1423.12948732593,1423.12948732593,1447.34881695281,24.2193296268833,0.0302378052416515,2.56123053418098,0.00868385728563626,43.2426294734464,1649.232,17.868,7.682,1
"1377","26B.4.4",32,33,11.7547564291341,"No",1649.232,17.868,7.682,"26B.4.4",1423.12948732593,1423.12948732593,1447.34881695281,24.2193296268833,0.00825979402002371,1.85162658937954,0.00627794368131844,11.906804016531,1649.232,17.868,7.682,1
"1378","26B.4.4",32,33,7.75288416836711,"No",1649.232,17.868,7.682,"26B.4.4",1423.12948732593,1423.12948732593,1447.34881695281,24.2193296268833,0.00544777143430205,1.66865219418548,0.00565756862581845,7.88990668780252,1649.232,17.868,7.682,1
"1379","26B.4.4",32,33,6.93601801382552,"No",1649.232,17.868,7.682,"26B.4.4",1423.12948732593,1423.12948732593,1447.34881695281,24.2193296268833,0.00487377858135619,1.62284691064249,0.00550226571969304,7.06927920098547,1649.232,17.868,7.682,1
"1380","26B.4.4",32,33,4.90865768113742,"No",1649.232,17.868,7.682,"26B.4.4",1423.12948732593,1423.12948732593,1447.34881695281,24.2193296268833,0.00344919961595401,1.48847205882428,0.00504666751391069,5.03088458517411,1649.232,17.868,7.682,1
"1381","26B.4.4",32,33,2.8393908863808,"No",1649.232,17.868,7.682,"26B.4.4",1423.12948732593,1423.12948732593,1447.34881695281,24.2193296268833,0.00199517395406938,1.29809445870721,0.00440119187720574,2.94598480320601,1649.232,17.868,7.682,1
"1382","26B.4.4",32,33,2.67695583975774,"No",1649.232,17.868,7.682,"26B.4.4",1423.12948732593,1423.12948732593,1447.34881695281,24.2193296268833,0.00188103462376271,1.27911709072604,0.00433684907283647,2.78199141699481,1649.232,17.868,7.682,1
"1383","26B.4.4",32,33,1.85885100049059,"No",1649.232,17.868,7.682,"26B.4.4",1423.12948732593,1423.12948732593,1447.34881695281,24.2193296268833,0.00130617137586221,1.16764586282207,0.00395890565007376,1.95473304139146,1649.232,17.868,7.682,1
"1384","26B.4.4",32,33,45.4927863878707,"No",1649.232,17.868,7.682,"26B.4.4",1423.12948732593,1423.12948732593,1447.34881695281,24.2193296268833,0.0319667231921054,2.59708183388874,0.00880541118951643,45.7060475439699,1649.232,17.868,7.682,1
"1385","26B.5.4",32,33,9.29545499237198,"No",1156.496,15.305,4.494,"26B.5.4",1128.99748332839,1128.99748332839,1134.37852457256,5.38104124416964,0.00823337087073753,1.74609417328271,0.00682589794978077,9.33218543076824,1156.496,15.305,4.494,1
"1386","26B.5.4",32,33,1.51795373970414,"No",1156.496,15.305,4.494,"26B.5.4",1128.99748332839,1128.99748332839,1134.37852457256,5.38104124416964,0.00134451472400901,1.10997867230662,0.00433917096771127,1.54130299764689,1156.496,15.305,4.494,1
"1387","26B.5.4",32,33,4.31652630005043,"No",1156.496,15.305,4.494,"26B.5.4",1128.99748332839,1128.99748332839,1134.37852457256,5.38104124416964,0.00382332676891794,1.44139694695699,0.00563476392946016,4.34684719715601,1156.496,15.305,4.494,1
"1388","26B.5.4",32,33,1.41029881679546,"No",1156.496,15.305,4.494,"26B.5.4",1128.99748332839,1128.99748332839,1134.37852457256,5.38104124416964,0.00124916028389874,1.08975227763344,0.00426010117408636,1.43322259691755,1156.496,15.305,4.494,1
"1389","26B.5.4",32,33,2.91662767518173,"No",1156.496,15.305,4.494,"26B.5.4",1128.99748332839,1128.99748332839,1134.37852457256,5.38104124416964,0.0025833783673133,1.306833467617,0.00510872324288292,2.94411792565673,1156.496,15.305,4.494,1
"1390","26B.5.4",32,33,1.31331056152285,"No",1156.496,15.305,4.494,"26B.5.4",1128.99748332839,1128.99748332839,1134.37852457256,5.38104124416964,0.00116325375469491,1.07051278702733,0.00418488942348749,1.33582962411293,1156.496,15.305,4.494,1
"1391","26B.5.4",32,33,1.44517227744916,"Yes",1156.496,15.305,4.494,"26B.5.4",1128.99748332839,1128.99748332839,1134.37852457256,5.38104124416964,0.00128004915758418,1.09642746401826,0.00428619606733769,1.46823647526811,1156.496,15.305,4.494,1
"1392","26B.5.4",32,33,15.6677515285623,"Yes",1156.496,15.305,4.494,"26B.5.4",1128.99748332839,1128.99748332839,1134.37852457256,5.38104124416964,0.0138775787899653,1.9895353903411,0.00777756764196407,15.709602940823,1156.496,15.305,4.494,1
"1393","26B.5.4",32,33,1.44363701095602,"No",1156.496,15.305,4.494,"26B.5.4",1128.99748332839,1128.99748332839,1134.37852457256,5.38104124416964,0.00127868930823481,1.09613615283984,0.00428505726256648,1.46669508081952,1156.496,15.305,4.494,1
"1394","26B.5.4",32,33,19.4171754165626,"No",1156.496,15.305,4.494,"26B.5.4",1128.99748332839,1128.99748332839,1134.37852457256,5.38104124416964,0.0171985993797957,2.0991646949412,0.00820613470149378,19.4613329658465,1156.496,15.305,4.494,1
"1395","26B.5.4",32,33,7.65271717857175,"No",1156.496,15.305,4.494,"26B.5.4",1128.99748332839,1128.99748332839,1134.37852457256,5.38104124416964,0.00677832970540448,1.66323615057265,0.00650198620664943,7.68770463451875,1156.496,15.305,4.494,1
"1396","26B.5.4",32,33,7.80631583276572,"No",1156.496,15.305,4.494,"26B.5.4",1128.99748332839,1128.99748332839,1134.37852457256,5.38104124416964,0.0069143784180563,1.67151981603613,0.00653436902767306,7.84147754200825,1156.496,15.305,4.494,1
"1397","26B.5.4",32,33,4.78823402951845,"No",1156.496,15.305,4.494,"26B.5.4",1128.99748332839,1128.99748332839,1134.37852457256,5.38104124416964,0.00424113791237362,1.47925771229267,0.0057827706775705,4.81935135704004,1156.496,15.305,4.494,1
"1398","26B.5.4",32,33,4.24908529340224,"No",1156.496,15.305,4.494,"26B.5.4",1128.99748332839,1128.99748332839,1134.37852457256,5.38104124416964,0.00376359146601064,1.4357335936497,0.00561262453267353,4.27928705750059,1156.496,15.305,4.494,1
"1399","26B.5.4",32,33,3.7254597259909,"No",1156.496,15.305,4.494,"26B.5.4",1128.99748332839,1128.99748332839,1134.37852457256,5.38104124416964,0.00329979453542082,1.38929658506973,0.00543109120731798,3.75468465177832,1156.496,15.305,4.494,1
"1400","26B.5.4",32,33,2.60719905317777,"No",1156.496,15.305,4.494,"26B.5.4",1128.99748332839,1128.99748332839,1134.37852457256,5.38104124416964,0.00230930457479099,1.27070151418958,0.00496747483223268,2.63392924012939,1156.496,15.305,4.494,1
"1401","26B.5.4",32,33,2.28141589691958,"No",1156.496,15.305,4.494,"26B.5.4",1128.99748332839,1128.99748332839,1134.37852457256,5.38104124416964,0.0020207448914711,1.22899782937478,0.00480444519670021,2.30726881467838,1156.496,15.305,4.494,1
"1402","26B.5.4",32,33,1.97233111612906,"No",1156.496,15.305,4.494,"26B.5.4",1128.99748332839,1128.99748332839,1134.37852457256,5.38104124416964,0.00174697565340397,1.18507259903419,0.00463273101065387,1.99726003277053,1156.496,15.305,4.494,1
"1403","26B.5.4",32,33,1.87207235071622,"No",1156.496,15.305,4.494,"26B.5.4",1128.99748332839,1128.99748332839,1134.37852457256,5.38104124416964,0.0016581722974237,1.16971661088065,0.00457270079598507,1.89667824229666,1156.496,15.305,4.494,1
"1404","26B.5.4",32,33,1.33692579404917,"Yes",1156.496,15.305,4.494,"26B.5.4",1128.99748332839,1128.99748332839,1134.37852457256,5.38104124416964,0.00118417074775736,1.07529301731724,0.00420357648208642,1.35954541247229,1156.496,15.305,4.494,1
"1405","26B.5.4",32,33,32.567798468122,"Yes",1156.496,15.305,4.494,"26B.5.4",1128.99748332839,1128.99748332839,1134.37852457256,5.38104124416964,0.02884665284825,2.38889521465017,0.00933876030137896,32.6180507224732,1156.496,15.305,4.494,1
"1406","26B.5.4",32,33,1.19964578435874,"No",1156.496,15.305,4.494,"26B.5.4",1128.99748332839,1128.99748332839,1134.37852457256,5.38104124416964,0.00106257613685911,1.04655789447927,0.00409124404374052,1.22166093729807,1156.496,15.305,4.494,1
"1407","26B.5.4",32,33,1.08043302007718,"Yes",1156.496,15.305,4.494,"26B.5.4",1128.99748332839,1128.99748332839,1134.37852457256,5.38104124416964,0.000956984436220318,1.01952871491901,0.00398558054393181,1.10187959336604,1156.496,15.305,4.494,1
"1408","26B.5.4",32,33,8.95355527932444,"Yes",1156.496,15.305,4.494,"26B.5.4",1128.99748332839,1128.99748332839,1134.37852457256,5.38104124416964,0.00793053608315273,1.72981189750192,0.00676224665618481,8.98994320748462,1156.496,15.305,4.494,1
"1409","26B.5.4",32,33,3.96262948323307,"No",1156.496,15.305,4.494,"26B.5.4",1128.99748332839,1128.99748332839,1134.37852457256,5.38104124416964,0.00350986564784082,1.41089880824086,0.00551553944219031,3.99230882845534,1156.496,15.305,4.494,1
"1410","26B.5.4",32,33,3.0480564157402,"No",1156.496,15.305,4.494,"26B.5.4",1128.99748332839,1128.99748332839,1134.37852457256,5.38104124416964,0.00269979026592179,1.32131312883304,0.00516532768685872,3.07585125706283,1156.496,15.305,4.494,1
"1411","26B.5.4",32,33,1.43319013277612,"No",1156.496,15.305,4.494,"26B.5.4",1128.99748332839,1128.99748332839,1134.37852457256,5.38104124416964,0.00126943607398569,1.09414770152203,0.00427728393282219,1.45620637403166,1156.496,15.305,4.494,1
"1412","26B.5.4",32,33,1.30716464780637,"No",1156.496,15.305,4.494,"26B.5.4",1128.99748332839,1128.99748332839,1134.37852457256,5.38104124416964,0.00115781006344914,1.0692581605596,0.00417998478984009,1.3296573183605,1156.496,15.305,4.494,1
"1413","26B.5.4",32,33,1.31017581934173,"No",1156.496,15.305,4.494,"26B.5.4",1128.99748332839,1128.99748332839,1134.37852457256,5.38104124416964,0.00116047718324332,1.06987341245825,0.00418238995603207,1.33268143219434,1156.496,15.305,4.494,1
"1414","26B.5.4",32,33,1.01647168591153,"Yes",1156.496,15.305,4.494,"26B.5.4",1128.99748332839,1128.99748332839,1134.37852457256,5.38104124416964,0.000900331223870289,1.0040927272286,0.00392523759202179,1.03759355128736,1156.496,15.305,4.494,1
"1415","26B.5.4",32,33,43.1130014894825,"Yes",1156.496,15.305,4.494,"26B.5.4",1128.99748332839,1128.99748332839,1134.37852457256,5.38104124416964,0.0381869774965142,2.56243032173592,0.0100171503617757,43.1669041887283,1156.496,15.305,4.494,1
"1416","26B.5.4",32,33,1.49297095816142,"No",1156.496,15.305,4.494,"26B.5.4",1128.99748332839,1128.99748332839,1134.37852457256,5.38104124416964,0.00132238643593783,1.10538314960373,0.00432120597505751,1.51622354573775,1156.496,15.305,4.494,1
"1417","26B.5.4",32,33,4.68571857823157,"No",1156.496,15.305,4.494,"26B.5.4",1128.99748332839,1128.99748332839,1134.37852457256,5.38104124416964,0.00415033571591109,1.47127566031377,0.0057515669354863,4.71666799713002,1156.496,15.305,4.494,1
"1418","26B.5.4",32,33,4.84638545904861,"No",1156.496,15.305,4.494,"26B.5.4",1128.99748332839,1128.99748332839,1134.37852457256,5.38104124416964,0.0042926450506878,1.48372866870913,0.00580024871094557,4.87759683658865,1156.496,15.305,4.494,1
"1419","26B.5.4",32,33,3.32109520737506,"No",1156.496,15.305,4.494,"26B.5.4",1128.99748332839,1128.99748332839,1134.37852457256,5.38104124416964,0.00294163207307084,1.34995823180394,0.0052773082161063,3.34949262054413,1156.496,15.305,4.494,1
"1420","26B.5.4",32,33,3.38686195147783,"No",1156.496,15.305,4.494,"26B.5.4",1128.99748332839,1128.99748332839,1134.37852457256,5.38104124416964,0.00299988441204761,1.35659238153838,0.00530324268731854,3.41539891910613,1156.496,15.305,4.494,1
"1421","26B.5.4",32,33,1.19191017725428,"No",1156.496,15.305,4.494,"26B.5.4",1128.99748332839,1128.99748332839,1134.37852457256,5.38104124416964,0.00105572438810086,1.04486668465732,0.00408463270179062,1.2138897542899,1156.496,15.305,4.494,1
"1422","26B.5.4",32,33,1.52380852250459,"No",1156.496,15.305,4.494,"26B.5.4",1128.99748332839,1128.99748332839,1134.37852457256,5.38104124416964,0.001349700548501,1.11104743108556,0.00434334900029942,1.54718026261302,1156.496,15.305,4.494,1
"1423","26B.5.4",32,33,1.73586217453199,"No",1156.496,15.305,4.494,"26B.5.4",1128.99748332839,1128.99748332839,1134.37852457256,5.38104124416964,0.00153752528253163,1.14783327341577,0.00448715361839209,1.76000773322148,1156.496,15.305,4.494,1
"1424","26B.5.4",32,33,1.88920583085463,"No",1156.496,15.305,4.494,"26B.5.4",1128.99748332839,1128.99748332839,1134.37852457256,5.38104124416964,0.00167334813296932,1.17238382862132,0.00458312758532223,1.91386782941854,1156.496,15.305,4.494,1
"1425","26B.5.4",32,33,1.45394725058531,"No",1156.496,15.305,4.494,"26B.5.4",1128.99748332839,1128.99748332839,1134.37852457256,5.38104124416964,0.00128782151603999,1.09808804316714,0.00429268766669196,1.47704637996812,1156.496,15.305,4.494,1
"1426","26B.5.4",32,33,2.26942773866422,"No",1156.496,15.305,4.494,"26B.5.4",1128.99748332839,1128.99748332839,1134.37852457256,5.38104124416964,0.00201012648139279,1.22738013417479,0.00479812124091481,2.29524662695611,1156.496,15.305,4.494,1
"1427","26B.5.4",32,33,1.48640670828855,"No",1156.496,15.305,4.494,"26B.5.4",1128.99748332839,1128.99748332839,1134.37852457256,5.38104124416964,0.00131657220696939,1.10416611226516,0.00431644828626768,1.50963369454528,1156.496,15.305,4.494,1
"1428","26B.5.4",32,33,32.4221937506612,"No",1156.496,15.305,4.494,"26B.5.4",1128.99748332839,1128.99748332839,1134.37852457256,5.38104124416964,0.0287176846976464,2.38622064714073,0.00932830478004539,32.4723897434208,1156.496,15.305,4.494,1
"1429","26B.5.4",32,33,4.24072104252189,"No",1156.496,15.305,4.494,"26B.5.4",1128.99748332839,1128.99748332839,1134.37852457256,5.38104124416964,0.00375618290132927,1.43502651730076,0.0056098604028377,4.27090793272359,1156.496,15.305,4.494,1
"1430","26B.5.4",32,33,2.64199395128381,"No",1156.496,15.305,4.494,"26B.5.4",1128.99748332839,1128.99748332839,1134.37852457256,5.38104124416964,0.00234012386236235,1.27492006071054,0.00498396613521569,2.66881287861695,1156.496,15.305,4.494,1
"1431","26B.5.4",32,33,1.38267838333115,"No",1156.496,15.305,4.494,"26B.5.4",1128.99748332839,1128.99748332839,1134.37852457256,5.38104124416964,0.00122469571788139,1.0843769895623,0.00423908789290961,1.40548909012056,1156.496,15.305,4.494,1
"1432","26B.5.4",32,33,18.666683252384,"No",1156.496,15.305,4.494,"26B.5.4",1128.99748332839,1128.99748332839,1134.37852457256,5.38104124416964,0.0165338572742897,2.07858021696589,0.0081256650749645,18.7104077912887,1156.496,15.305,4.494,1
"1433","26B.5.4",32,33,1.49091089454637,"No",1156.496,15.305,4.494,"26B.5.4",1128.99748332839,1128.99748332839,1134.37852457256,5.38104124416964,0.00132056175196336,1.10500163869105,0.00431971455804429,1.51415545674625,1156.496,15.305,4.494,1
"1434","26B.5.4",32,33,1.40558637618591,"No",1156.496,15.305,4.494,"26B.5.4",1128.99748332839,1128.99748332839,1134.37852457256,5.38104124416964,0.00124498627936894,1.08884079698364,0.00425653797916026,1.42849098260915,1156.496,15.305,4.494,1
"1435","26B.5.4",32,33,1.16537366567665,"No",1156.496,15.305,4.494,"26B.5.4",1128.99748332839,1128.99748332839,1134.37852457256,5.38104124416964,0.0010322198967539,1.03900180011902,0.004061705471428,1.18722987034007,1156.496,15.305,4.494,1
"1436","26B.5.4",32,33,23.1904518747714,"No",1156.496,15.305,4.494,"26B.5.4",1128.99748332839,1128.99748332839,1134.37852457256,5.38104124416964,0.0205407471825391,2.19445814922829,0.00857865950811569,23.2366139954043,1156.496,15.305,4.494,1
"1437","26B.5.4",32,33,1.36743984741216,"No",1156.496,15.305,4.494,"26B.5.4",1128.99748332839,1128.99748332839,1134.37852457256,5.38104124416964,0.00121119831319802,1.08137682455307,0.00422735953340937,1.39018744341536,1156.496,15.305,4.494,1
"1438","26B.5.4",32,33,0.923093653125602,"No",1156.496,15.305,4.494,"26B.5.4",1128.99748332839,1128.99748332839,1134.37852457256,5.38104124416964,0.000817622418788953,0.980192649117738,0.0038318064949637,0.943712761914679,1156.496,15.305,4.494,1
"1439","26B.5.4",32,33,1.78838714104322,"No",1156.496,15.305,4.494,"26B.5.4",1128.99748332839,1128.99748332839,1134.37852457256,5.38104124416964,0.00158404882867487,1.15641944228585,0.00452071899727229,1.81271331642084,1156.496,15.305,4.494,1
"1440","26B.5.4",32,33,1.44980466822219,"No",1156.496,15.305,4.494,"26B.5.4",1128.99748332839,1128.99748332839,1134.37852457256,5.38104124416964,0.00128415225864634,1.09730503873874,0.00428962671591149,1.4728873265026,1156.496,15.305,4.494,1
"1441","26B.5.4",32,33,1.34391868897714,"Yes",1156.496,15.305,4.494,"26B.5.4",1128.99748332839,1128.99748332839,1134.37852457256,5.38104124416964,0.00119036464546859,1.07669636873839,0.00420906251699509,1.36656782798038,1156.496,15.305,4.494,1
"1442","26B.5.4",32,33,17.6456796489469,"Yes",1156.496,15.305,4.494,"26B.5.4",1128.99748332839,1128.99748332839,1134.37852457256,5.38104124416964,0.015629511942689,2.04955509666539,0.00801219896747568,17.6887936220474,1156.496,15.305,4.494,1
"1443","26B.5.4",32,33,2.30417838057015,"No",1156.496,15.305,4.494,"26B.5.4",1128.99748332839,1128.99748332839,1134.37852457256,5.38104124416964,0.00204090656940812,1.232051961162,0.00481638452518761,2.33009554434797,1156.496,15.305,4.494,1
"1444","26B.5.4",32,33,2.38328555406007,"No",1156.496,15.305,4.494,"26B.5.4",1128.99748332839,1128.99748332839,1134.37852457256,5.38104124416964,0.00211097508121445,1.24249319877078,0.00485720180954574,2.40942235732849,1156.496,15.305,4.494,1
"1445","26B.5.4",32,33,2.06682247188717,"No",1156.496,15.305,4.494,"26B.5.4",1128.99748332839,1128.99748332839,1134.37852457256,5.38104124416964,0.00183067057491925,1.19901825071218,0.00468724788417292,2.09204474607355,1156.496,15.305,4.494,1
"1446","26B.5.4",32,33,2.05304703460863,"No",1156.496,15.305,4.494,"26B.5.4",1128.99748332839,1128.99748332839,1134.37852457256,5.38104124416964,0.00181846909751832,1.19701536408899,0.00467941812338219,2.07822717652927,1156.496,15.305,4.494,1
"1447","26B.5.4",32,33,1.57682973973893,"No",1156.496,15.305,4.494,"26B.5.4",1128.99748332839,1128.99748332839,1134.37852457256,5.38104124416964,0.00139666364453735,1.12058860156719,0.0043806477079096,1.60040218573137,1156.496,15.305,4.494,1
"1448","26B.5.4",32,33,1.54439303900048,"No",1156.496,15.305,4.494,"26B.5.4",1128.99748332839,1128.99748332839,1134.37852457256,5.38104124416964,0.00136793311039761,1.11478074524132,0.00435794341441043,1.56784331225318,1156.496,15.305,4.494,1
"1449","26B.5.4",32,33,1.86968128323436,"No",1156.496,15.305,4.494,"26B.5.4",1128.99748332839,1128.99748332839,1134.37852457256,5.38104124416964,0.00165605442956556,1.16934293248857,0.00457123999816018,1.89427931420146,1156.496,15.305,4.494,1
"1450","26B.5.4",32,33,1.47752226981334,"Yes",1156.496,15.305,4.494,"26B.5.4",1128.99748332839,1128.99748332839,1134.37852457256,5.38104124416964,0.00130870289051262,1.10251246644061,0.00430998379092936,1.50071447035404,1156.496,15.305,4.494,1
"1451","26B.5.4",32,33,35.8841215927225,"Yes",1156.496,15.305,4.494,"26B.5.4",1128.99748332839,1128.99748332839,1134.37852457256,5.38104124416964,0.0317840580892463,2.44751622728185,0.009567923800152,35.9356069853122,1156.496,15.305,4.494,1
"1452","26B.5.4",32,33,7.78436335494306,"No",1156.496,15.305,4.494,"26B.5.4",1128.99748332839,1128.99748332839,1134.37852457256,5.38104124416964,0.00689493419595056,1.67034343649058,0.00652977027987873,7.81950031813405,1156.496,15.305,4.494,1
"1453","26B.5.4",32,33,1.44358402133919,"Yes",1156.496,15.305,4.494,"26B.5.4",1128.99748332839,1128.99748332839,1134.37852457256,5.38104124416964,0.00127864237312856,1.09612609410731,0.00428501794058557,1.46664187960949,1156.496,15.305,4.494,1
"1454","26B.5.4",32,33,2.68341252106918,"Yes",1156.496,15.305,4.494,"26B.5.4",1128.99748332839,1128.99748332839,1134.37852457256,5.38104124416964,0.00237681001126612,1.2798876854265,0.00500338576325339,2.71033594622173,1156.496,15.305,4.494,1
"1455","26B.5.4",32,33,3.19020814574209,"No",1156.496,15.305,4.494,"26B.5.4",1128.99748332839,1128.99748332839,1134.37852457256,5.38104124416964,0.00282569996200261,1.33645627635916,0.00522452585682765,3.21832153485891,1156.496,15.305,4.494,1
"1456","26B.5.4",32,33,2.72547565241405,"No",1156.496,15.305,4.494,"26B.5.4",1128.99748332839,1128.99748332839,1134.37852457256,5.38104124416964,0.00241406707513562,1.28487410534946,0.00502287886623129,2.75250397075771,1156.496,15.305,4.494,1
"1457","26B.5.4",32,33,2.01701448398647,"No",1156.496,15.305,4.494,"26B.5.4",1128.99748332839,1128.99748332839,1134.37852457256,5.38104124416964,0.00178655356966795,1.19172830423685,0.00465874974732477,2.04208340852309,1156.496,15.305,4.494,1
"1458","26B.5.4",32,33,1.37044506611244,"No",1156.496,15.305,4.494,"26B.5.4",1128.99748332839,1128.99748332839,1134.37852457256,5.38104124416964,0.00121386016031872,1.081970470232,0.00422968023574302,1.39320514991062,1156.496,15.305,4.494,1
"1459","26B.5.4",32,33,1.38428201802438,"No",1156.496,15.305,4.494,"26B.5.4",1128.99748332839,1128.99748332839,1134.37852457256,5.38104124416964,0.00122611612378743,1.08469126885905,0.00424031648552516,1.40709933592132,1156.496,15.305,4.494,1
"1460","26B.5.4",32,33,1.39085715283671,"No",1156.496,15.305,4.494,"26B.5.4",1128.99748332839,1128.99748332839,1134.37852457256,5.38104124416964,0.00123193999399922,1.08597701172962,0.00424534276060154,1.41370151732714,1156.496,15.305,4.494,1
"1461","26B.5.4",32,33,1.49276653804054,"No",1156.496,15.305,4.494,"26B.5.4",1128.99748332839,1128.99748332839,1134.37852457256,5.38104124416964,0.00132220537253964,1.10534530992592,0.00432105805074553,1.51601832963005,1156.496,15.305,4.494,1
"1462","26B.5.4",32,33,33.2263115659017,"No",1156.496,15.305,4.494,"26B.5.4",1128.99748332839,1128.99748332839,1134.37852457256,5.38104124416964,0.0294299252713543,2.40088043926071,0.00938561339862226,33.2768159387016,1156.496,15.305,4.494,1
"1463","26B.5.4",32,33,1.72399413090175,"No",1156.496,15.305,4.494,"26B.5.4",1128.99748332839,1128.99748332839,1134.37852457256,5.38104124416964,0.00152701326296959,1.14586629673634,0.00447946423812336,1.74809831271888,1156.496,15.305,4.494,1
"1464","26B.5.4",32,33,1.47972017776632,"No",1156.496,15.305,4.494,"26B.5.4",1128.99748332839,1128.99748332839,1134.37852457256,5.38104124416964,0.00131064966894697,1.10292225219799,0.00431158574104408,1.50292099846665,1156.496,15.305,4.494,1
"1465","26B.5.4",32,33,1.65066858883742,"No",1156.496,15.305,4.494,"26B.5.4",1128.99748332839,1128.99748332839,1134.37852457256,5.38104124416964,0.00146206578244186,1.13348289769207,0.00443105458219471,1.67451227629937,1156.496,15.305,4.494,1
"1466","26B.5.4",32,33,1.26864228834413,"No",1156.496,15.305,4.494,"26B.5.4",1128.99748332839,1128.99748332839,1134.37852457256,5.38104124416964,0.00112368920841529,1.06129176890091,0.00414884226767707,1.29096737970206,1156.496,15.305,4.494,1
"1467","26B.5.4",32,33,15.5222246700215,"No",1156.496,15.305,4.494,"26B.5.4",1128.99748332839,1128.99748332839,1134.37852457256,5.38104124416964,0.0137486796022436,1.98489935812193,0.00775944428796393,15.5639785597668,1156.496,15.305,4.494,1
"1468","26B.5.4",32,33,1.19755351656815,"Yes",1156.496,15.305,4.494,"26B.5.4",1128.99748332839,1128.99748332839,1134.37852457256,5.38104124416964,0.00106072292830773,1.04610127783255,0.0040894590205268,1.21955906422395,1156.496,15.305,4.494,1
"1469","26B.5.4",32,33,1.02827707867976,"Yes",1156.496,15.305,4.494,"26B.5.4",1128.99748332839,1128.99748332839,1134.37852457256,5.38104124416964,0.000910787750959643,1.00699552076313,0.00393658530323872,1.04946000655768,1156.496,15.305,4.494,1
"1470","26B.5.4",32,33,1.71078660291255,"No",1156.496,15.305,4.494,"26B.5.4",1128.99748332839,1128.99748332839,1134.37852457256,5.38104124416964,0.00151531480643251,1.14366534162,0.00447086018042356,1.73484448594033,1156.496,15.305,4.494,1
"1471","26B.5.4",32,33,0.321584445590108,"No",1156.496,15.305,4.494,"26B.5.4",1128.99748332839,1128.99748332839,1134.37852457256,5.38104124416964,0.000284840710753443,0.753049906009526,0.00294385141887807,0.337425431491798,1156.496,15.305,4.494,1
"1472","26B.5.4",32,33,1.65559200559404,"No",1156.496,15.305,4.494,"26B.5.4",1128.99748332839,1128.99748332839,1134.37852457256,5.38104124416964,0.00146642665731476,1.13432715825839,0.00443435499780627,1.67945345272852,1156.496,15.305,4.494,1
"1473","26B.5.4",32,33,1.57637060458683,"No",1156.496,15.305,4.494,"26B.5.4",1128.99748332839,1128.99748332839,1134.37852457256,5.38104124416964,0.00139625696944828,1.12050702050084,0.00438032878809295,1.59994133445858,1156.496,15.305,4.494,1
"1474","26B.5.4",32,33,1.76107573914135,"No",1156.496,15.305,4.494,"26B.5.4",1128.99748332839,1128.99748332839,1134.37852457256,5.38104124416964,0.00155985798475789,1.15197885772821,0.0045033596947263,1.78530850339601,1156.496,15.305,4.494,1
"1475","26B.5.4",32,33,1.75544948454221,"No",1156.496,15.305,4.494,"26B.5.4",1128.99748332839,1128.99748332839,1134.37852457256,5.38104124416964,0.00155487457719301,1.1510576727933,0.00449975856343867,1.77966287096088,1156.496,15.305,4.494,1
"1476","26B.5.4",32,33,1.33097385666406,"No",1156.496,15.305,4.494,"26B.5.4",1128.99748332839,1128.99748332839,1134.37852457256,5.38104124416964,0.00117889886941131,1.07409422427301,0.004198890114588,1.35356825755039,1156.496,15.305,4.494,1
"1477","26B.5.4",32,33,1.47511096777554,"No",1156.496,15.305,4.494,"26B.5.4",1128.99748332839,1128.99748332839,1134.37852457256,5.38104124416964,0.0013065671000672,1.10206236847109,0.00430822425077723,1.49829370015811,1156.496,15.305,4.494,1
"1478","26B.5.4",32,33,30.3805630240512,"No",1156.496,15.305,4.494,"26B.5.4",1128.99748332839,1128.99748332839,1134.37852457256,5.38104124416964,0.026909327498664,2.34773435165637,0.00917785268561597,30.4299494278854,1156.496,15.305,4.494,1
"1479","26B.5.4",32,33,7.88261932413312,"No",1156.496,15.305,4.494,"26B.5.4",1128.99748332839,1128.99748332839,1134.37852457256,5.38104124416964,0.00698196359206613,1.67558953164353,0.00655027851517142,7.91786664298406,1156.496,15.305,4.494,1
"1480","26B.5.4",32,33,1.42100727075107,"No",1156.496,15.305,4.494,"26B.5.4",1128.99748332839,1128.99748332839,1134.37852457256,5.38104124416964,0.00125864520668532,1.09181504627693,0.00426816502795513,1.44397444280342,1156.496,15.305,4.494,1
"1481","26B.5.4",32,33,28.520445859343,"No",1156.496,15.305,4.494,"26B.5.4",1128.99748332839,1128.99748332839,1134.37852457256,5.38104124416964,0.0252617444064286,2.31094216995436,0.00903402328540925,28.5690583112426,1156.496,15.305,4.494,1
"1482","26B.5.4",32,33,1.11289135114659,"No",1156.496,15.305,4.494,"26B.5.4",1128.99748332839,1128.99748332839,1134.37852457256,5.38104124416964,0.000985734129243298,1.02710109405531,0.00401518277731211,1.13449721527419,1156.496,15.305,4.494,1
"1483","26B.5.4",32,33,9.82290114546465,"No",1156.496,15.305,4.494,"26B.5.4",1128.99748332839,1128.99748332839,1134.37852457256,5.38104124416964,0.00870055185287552,1.77035329394295,0.00692073262966917,9.86014189318477,1156.496,15.305,4.494,1
"1484","26B.5.4",32,33,2.37845797262484,"No",1156.496,15.305,4.494,"26B.5.4",1128.99748332839,1128.99748332839,1134.37852457256,5.38104124416964,0.00210669909166929,1.24186352194293,0.00485474025287026,2.40458153015527,1156.496,15.305,4.494,1
"1485","26B.5.4",32,33,1.04794164503692,"Yes",1156.496,15.305,4.494,"26B.5.4",1128.99748332839,1128.99748332839,1134.37852457256,5.38104124416964,0.000928205474778814,1.01177577036874,0.00395527243734732,1.06922512915421,1156.496,15.305,4.494,1
"1486","26B.5.4",32,33,3.86215679495917,"Yes",1156.496,15.305,4.494,"26B.5.4",1128.99748332839,1128.99748332839,1134.37852457256,5.38104124416964,0.00342087281149039,1.40186913927496,0.0054802403158175,3.89164619412655,1156.496,15.305,4.494,1
"1487","26B.5.4",32,33,3.9996838105493,"No",1156.496,15.305,4.494,"26B.5.4",1128.99748332839,1128.99748332839,1134.37852457256,5.38104124416964,0.0035426862057813,1.41418561408153,0.00552838834896314,4.02943229626886,1156.496,15.305,4.494,1
"1488","26B.5.4",32,33,2.66690035901388,"No",1156.496,15.305,4.494,"26B.5.4",1128.99748332839,1128.99748332839,1134.37852457256,5.38104124416964,0.00236218450297303,1.27791420434387,0.00499567095572354,2.69378227046893,1156.496,15.305,4.494,1
"1489","26B.5.4",32,33,1.8140880653604,"No",1156.496,15.305,4.494,"26B.5.4",1128.99748332839,1128.99748332839,1134.37852457256,5.38104124416964,0.00160681320565241,1.16055196579827,0.00453687401582885,1.83850117155918,1156.496,15.305,4.494,1
"1490","26B.5.4",32,33,1.40240556092326,"No",1156.496,15.305,4.494,"26B.5.4",1128.99748332839,1128.99748332839,1134.37852457256,5.38104124416964,0.00124216889907392,1.08822426702956,0.00425412781674523,1.42529719816313,1156.496,15.305,4.494,1
"1491","26B.5.4",32,33,0.581981665905568,"No",1156.496,15.305,4.494,"26B.5.4",1128.99748332839,1128.99748332839,1134.37852457256,5.38104124416964,0.000515485352712948,0.873428433583937,0.00341443975090543,0.600354907030922,1156.496,15.305,4.494,1
"1492","26B.5.4",32,33,1.56075754715862,"No",1156.496,15.305,4.494,"26B.5.4",1128.99748332839,1128.99748332839,1134.37852457256,5.38104124416964,0.00138242783549646,1.11772215887578,0.00436944210079526,1.58426969531701,1156.496,15.305,4.494,1
"1493","26B.5.4",32,33,1.18979641149388,"No",1156.496,15.305,4.494,"26B.5.4",1128.99748332839,1128.99748332839,1134.37852457256,5.38104124416964,0.00105385213790402,1.04440312754861,0.00408282054665812,1.21176623724799,1156.496,15.305,4.494,1
"1494","26B.5.4",32,33,1.14985767354548,"No",1156.496,15.305,4.494,"26B.5.4",1128.99748332839,1128.99748332839,1134.37852457256,5.38104124416964,0.00101847673757038,1.03552603413503,0.0040481178744547,1.17164076278918,1156.496,15.305,4.494,1
"1495","26B.5.4",32,33,1.20772189659067,"Yes",1156.496,15.305,4.494,"26B.5.4",1128.99748332839,1128.99748332839,1134.37852457256,5.38104124416964,0.00106972948516252,1.04831484325963,0.00409811237493437,1.22977400830343,1156.496,15.305,4.494,1
"1496","26B.5.4",32,33,1.08211709433468,"Yes",1156.496,15.305,4.494,"26B.5.4",1128.99748332839,1128.99748332839,1134.37852457256,5.38104124416964,0.000958476090792067,1.01992576854368,0.00398713272110763,1.10357201995294,1156.496,15.305,4.494,1
"1497","26B.5.4",32,33,36.1809024572293,"Yes",1156.496,15.305,4.494,"26B.5.4",1128.99748332839,1128.99748332839,1134.37852457256,5.38104124416964,0.0320469292372243,2.45256117430749,0.00958764569951229,36.2324939741729,1156.496,15.305,4.494,1
"1498","26B.5.4",32,33,2.25256421750479,"No",1156.496,15.305,4.494,"26B.5.4",1128.99748332839,1128.99748332839,1134.37852457256,5.38104124416964,0.00199518975973623,1.22509366816606,0.00478918290077256,2.27833500821972,1156.496,15.305,4.494,1
"1499","26B.5.4",32,33,1.21609552585753,"Yes",1156.496,15.305,4.494,"26B.5.4",1128.99748332839,1128.99748332839,1134.37852457256,5.38104124416964,0.00107714635667066,1.05012723653121,0.00410519745184828,1.23818576266138,1156.496,15.305,4.494,1
"1500","26B.5.4",32,33,10.9174910783559,"Yes",1156.496,15.305,4.494,"26B.5.4",1128.99748332839,1128.99748332839,1134.37852457256,5.38104124416964,0.00967007565523537,1.81773559393284,0.00710596132426403,10.9557285493212,1156.496,15.305,4.494,1
"1501","26B.5.4",32,33,4.06792903390213,"No",1156.496,15.305,4.494,"26B.5.4",1128.99748332839,1128.99748332839,1134.37852457256,5.38104124416964,0.00360313383685275,1.42017983543721,0.00555182118774604,4.09780361269365,1156.496,15.305,4.494,1
"1502","26B.5.4",32,33,3.61360954207788,"No",1156.496,15.305,4.494,"26B.5.4",1128.99748332839,1128.99748332839,1134.37852457256,5.38104124416964,0.00320072417825469,1.37874930359839,0.00538985937224715,3.64261259766022,1156.496,15.305,4.494,1
"1503","26B.5.4",32,33,2.04311526219168,"No",1156.496,15.305,4.494,"26B.5.4",1128.99748332839,1128.99748332839,1134.37852457256,5.38104124416964,0.00180967211385484,1.19556506706304,0.00467374856692442,2.06826489599518,1156.496,15.305,4.494,1
"1504","26B.5.4",32,33,1.21175650135407,"No",1156.496,15.305,4.494,"26B.5.4",1128.99748332839,1128.99748332839,1134.37852457256,5.38104124416964,0.0010733031023078,1.04918926803644,0.00410153070962824,1.2338270072668,1156.496,15.305,4.494,1
"1505","26B.5.4",32,33,35.1388168744969,"No",1156.496,15.305,4.494,"26B.5.4",1128.99748332839,1128.99748332839,1134.37852457256,5.38104124416964,0.0311239107202474,2.43470744449986,0.00951785121788893,35.1900328244562,1156.496,15.305,4.494,1
"1506","26B.5.4",32,33,1.40286783098554,"No",1156.496,15.305,4.494,"26B.5.4",1128.99748332839,1128.99748332839,1134.37852457256,5.38104124416964,0.00124257835088325,1.0883139328408,0.00425447834175498,1.42576135441495,1156.496,15.305,4.494,1
"1507","26B.5.4",32,33,12.222870690448,"No",1156.496,15.305,4.494,"26B.5.4",1128.99748332839,1128.99748332839,1134.37852457256,5.38104124416964,0.0108263046383538,1.86979203019999,0.00730946233069647,12.2622032087222,1156.496,15.305,4.494,1
"1508","26B.5.4",32,33,3.23888213355255,"No",1156.496,15.305,4.494,"26B.5.4",1128.99748332839,1128.99748332839,1134.37852457256,5.38104124416964,0.00286881253623703,1.34152504812767,0.00524434089278161,3.2671021481951,1156.496,15.305,4.494,1
"1509","26B.5.4",32,33,5.48543778545986,"No",1156.496,15.305,4.494,"26B.5.4",1128.99748332839,1128.99748332839,1134.37852457256,5.38104124416964,0.00485868025966565,1.53039248154595,0.00598266866815383,5.5176307723134,1156.496,15.305,4.494,1
"1510","26B.5.4",32,33,2.32738248512395,"No",1156.496,15.305,4.494,"26B.5.4",1128.99748332839,1128.99748332839,1134.37852457256,5.38104124416964,0.00206145940933597,1.23514214396888,0.00482846478569627,2.3533646532818,1156.496,15.305,4.494,1
"1511","26B.5.4",32,33,1.25407630676778,"No",1156.496,15.305,4.494,"26B.5.4",1128.99748332839,1128.99748332839,1134.37852457256,5.38104124416964,0.00111078751306925,1.05823224519444,0.00413688186089323,1.27633703868351,1156.496,15.305,4.494,1
"1512","26B.5.4",32,33,20.40263998459,"No",1156.496,15.305,4.494,"26B.5.4",1128.99748332839,1128.99748332839,1134.37852457256,5.38104124416964,0.0180714663104837,2.12530660329428,0.00830832964685298,20.4473474490899,1156.496,15.305,4.494,1
"1513","26B.5.4",32,33,1.4467536049406,"Yes",1156.496,15.305,4.494,"26B.5.4",1128.99748332839,1128.99748332839,1134.37852457256,5.38104124416964,0.00128144980507435,1.09672727254924,0.00428736809028367,1.46982410946336,1156.496,15.305,4.494,1
"1514","26B.5.4",32,33,14.1867911635031,"Yes",1156.496,15.305,4.494,"26B.5.4",1128.99748332839,1128.99748332839,1134.37852457256,5.38104124416964,0.0125658306355822,1.94075647567981,0.00758687924801962,14.2276164736513,1156.496,15.305,4.494,1
"1515","26B.5.4",32,33,2.61851675652562,"No",1156.496,15.305,4.494,"26B.5.4",1128.99748332839,1128.99748332839,1134.37852457256,5.38104124416964,0.00231932913508893,1.27207828584572,0.00497285696051003,2.64527590493148,1156.496,15.305,4.494,1
"1516","26B.5.4",32,33,1.86288744422428,"No",1156.496,15.305,4.494,"26B.5.4",1128.99748332839,1128.99748332839,1134.37852457256,5.38104124416964,0.00165003684395496,1.16827922501216,0.00456708171231655,1.88746309928374,1156.496,15.305,4.494,1
"1517","26B.5.4",32,33,1.3065356247558,"No",1156.496,15.305,4.494,"26B.5.4",1128.99748332839,1128.99748332839,1134.37852457256,5.38104124416964,0.00115725291158666,1.06912950242982,0.0041794818345713,1.32902558888688,1156.496,15.305,4.494,1
"1518","26B.5.4",32,33,9.17859192509206,"No",1156.496,15.305,4.494,"26B.5.4",1128.99748332839,1128.99748332839,1134.37852457256,5.38104124416964,0.0081298603944029,1.74058010606018,0.00680434214785145,9.21520637082909,1156.496,15.305,4.494,1
"1519","26B.5.4",32,33,1.22106525823445,"No",1156.496,15.305,4.494,"26B.5.4",1128.99748332839,1128.99748332839,1134.37852457256,5.38104124416964,0.00108154825521367,1.05119846663013,0.00410938514541478,1.2431780291901,1156.496,15.305,4.494,1
"1520","26B.5.4",32,33,5.32493755541028,"No",1156.496,15.305,4.494,"26B.5.4",1128.99748332839,1128.99748332839,1134.37852457256,5.38104124416964,0.00471651853440085,1.51907294807666,0.00593841791611378,5.356892427142,1156.496,15.305,4.494,1
"1521","26B.5.4",32,33,5.29901816644406,"No",1156.496,15.305,4.494,"26B.5.4",1128.99748332839,1128.99748332839,1134.37852457256,5.38104124416964,0.00469356065420274,1.51722102415756,0.00593117830448458,5.33093408152702,1156.496,15.305,4.494,1
"1522","26B.5.4",32,33,2.94271427471614,"No",1156.496,15.305,4.494,"26B.5.4",1128.99748332839,1128.99748332839,1134.37852457256,5.38104124416964,0.0026064843528621,1.309745828751,0.00512010835612467,2.97026578895507,1156.496,15.305,4.494,1
"1523","26B.5.4",32,33,1.35886433228671,"No",1156.496,15.305,4.494,"26B.5.4",1128.99748332839,1128.99748332839,1134.37852457256,5.38104124416964,0.00120360262299314,1.07967743505284,0.00422071621514915,1.38157618032037,1156.496,15.305,4.494,1
"1524","26B.5.4",32,33,1.34288222617525,"No",1156.496,15.305,4.494,"26B.5.4",1128.99748332839,1128.99748332839,1134.37852457256,5.38104124416964,0.00118944660728233,1.07648871506222,0.00420825074932291,1.36552699702316,1156.496,15.305,4.494,1
"1525","26B.5.4",32,33,1.46774358538654,"No",1156.496,15.305,4.494,"26B.5.4",1128.99748332839,1128.99748332839,1134.37852457256,5.38104124416964,0.00130004150324542,1.10068373215721,0.00430283483310867,1.49089731709035,1156.496,15.305,4.494,1
"1526","26B.5.4",32,33,36.5988163787406,"No",1156.496,15.305,4.494,"26B.5.4",1128.99748332839,1128.99748332839,1134.37852457256,5.38104124416964,0.0324170929689266,2.45961288840972,0.00961521252927974,36.6505562339322,1156.496,15.305,4.494,1
"1527","26B.5.4",32,33,1.43385742348071,"No",1156.496,15.305,4.494,"26B.5.4",1128.99748332839,1128.99748332839,1134.37852457256,5.38104124416964,0.0012700271211,1.09427503758357,0.0042777817198114,1.45687634334857,1156.496,15.305,4.494,1
"1528","26B.5.4",32,33,3.92524260076147,"No",1156.496,15.305,4.494,"26B.5.4",1128.99748332839,1128.99748332839,1134.37852457256,5.38104124416964,0.00347675053197592,1.40755905793634,0.00550248356289967,3.9548516917588,1156.496,15.305,4.494,1
"1529","26B.5.4",32,33,14.2841121635789,"No",1156.496,15.305,4.494,"26B.5.4",1128.99748332839,1128.99748332839,1134.37852457256,5.38104124416964,0.0126520318906894,1.94407633165797,0.00759985735565073,14.3250073094595,1156.496,15.305,4.494,1
"1530","26B.5.4",32,33,2.27435127453803,"No",1156.496,15.305,4.494,"26B.5.4",1128.99748332839,1128.99748332839,1134.37852457256,5.38104124416964,0.00201448746177274,1.2280452952438,0.00480072151393942,2.30018415500631,1156.496,15.305,4.494,1
"1531","26B.5.4",32,33,1.68147612175086,"No",1156.496,15.305,4.494,"26B.5.4",1128.99748332839,1128.99748332839,1134.37852457256,5.38104124416964,0.00148935329491941,1.1387350178964,0.00445158637084813,1.70543029161438,1156.496,15.305,4.494,1
"1532","26B.5.4",32,33,1.36098500884837,"Yes",1156.496,15.305,4.494,"26B.5.4",1128.99748332839,1128.99748332839,1134.37852457256,5.38104124416964,0.00120548099437392,1.08009843143483,0.00422236199026518,1.3837057128658,1156.496,15.305,4.494,1
"1533","26B.5.4",32,33,41.9669491544364,"Yes",1156.496,15.305,4.494,"26B.5.4",1128.99748332839,1128.99748332839,1134.37852457256,5.38104124416964,0.0371718713054291,2.54522892260503,0.00994990599611803,42.0204900089772,1156.496,15.305,4.494,1
"1534","26B.5.4",32,33,2.65356865921133,"No",1156.496,15.305,4.494,"26B.5.4",1128.99748332839,1128.99748332839,1134.37852457256,5.38104124416964,0.00235037606229941,1.27631414463704,0.00498941594128076,2.68041691217568,1156.496,15.305,4.494,1
"1535","26B.5.4",32,33,1.66425027223973,"No",1156.496,15.305,4.494,"26B.5.4",1128.99748332839,1128.99748332839,1134.37852457256,5.38104124416964,0.00147409564398085,1.13580730924717,0.00444014126051437,1.68814285549249,1156.496,15.305,4.494,1
"1536","26B.5.4",32,33,20.7723640097874,"No",1156.496,15.305,4.494,"26B.5.4",1128.99748332839,1128.99748332839,1134.37852457256,5.38104124416964,0.0183989462479124,2.13487022965932,0.00834571613985916,20.8172726525482,1156.496,15.305,4.494,1
"1537","26B.5.4",32,33,2.3725698397624,"No",1156.496,15.305,4.494,"26B.5.4",1128.99748332839,1128.99748332839,1134.37852457256,5.38104124416964,0.00210148372764112,1.24109421514014,0.00485173284937035,2.39867721433055,1156.496,15.305,4.494,1
"1538","26B.5.4",32,33,4.84614502822475,"No",1156.496,15.305,4.494,"26B.5.4",1128.99748332839,1128.99748332839,1134.37852457256,5.38104124416964,0.00429243209111313,1.48371026629634,0.0058001767715315,4.87735601865584,1156.496,15.305,4.494,1
"1539","26B.5.4",32,33,4.92543160541499,"No",1156.496,15.305,4.494,"26B.5.4",1128.99748332839,1128.99748332839,1134.37852457256,5.38104124416964,0.0043626595082341,1.48974203873088,0.00582375640642431,4.95676947883395,1156.496,15.305,4.494,1
"1540","26B.5.4",32,33,3.40152614676156,"No",1156.496,15.305,4.494,"26B.5.4",1128.99748332839,1128.99748332839,1134.37852457256,5.38104124416964,0.00301287309935673,1.3580584227766,0.00530897379165149,3.43009395369866,1156.496,15.305,4.494,1
"1541","26B.5.4",32,33,2.21755273448163,"No",1156.496,15.305,4.494,"26B.5.4",1128.99748332839,1128.99748332839,1134.37852457256,5.38104124416964,0.001964178633901,1.2203052763896,0.00477046393697906,2.24322279768034,1156.496,15.305,4.494,1
"1542","26B.5.4",32,33,2.00350509307189,"No",1156.496,15.305,4.494,"26B.5.4",1128.99748332839,1128.99748332839,1134.37852457256,5.38104124416964,0.00177458774059032,1.18972780812793,0.00465092933162362,2.02853193562908,1156.496,15.305,4.494,1
"1543","26B.5.4",32,33,1.57366391029188,"No",1156.496,15.305,4.494,"26B.5.4",1128.99748332839,1128.99748332839,1134.37852457256,5.38104124416964,0.00139385953780212,1.12002572112459,0.00437844727421139,1.59722451565983,1156.496,15.305,4.494,1
"1544","26B.5.4",32,33,1.14031359992206,"No",1156.496,15.305,4.494,"26B.5.4",1128.99748332839,1128.99748332839,1134.37852457256,5.38104124416964,0.00101002315484381,1.03337053941153,0.00403969153225674,1.16205134667086,1156.496,15.305,4.494,1
"1545","26B.5.4",32,33,1.21660281650174,"No",1156.496,15.305,4.494,"26B.5.4",1128.99748332839,1128.99748332839,1134.37852457256,5.38104124416964,0.00107759568508078,1.05023673377008,0.00410562550263145,1.23869535666451,1156.496,15.305,4.494,1
"1546","26B.5.4",32,33,1.11613167900121,"No",1156.496,15.305,4.494,"26B.5.4",1128.99748332839,1128.99748332839,1134.37852457256,5.38104124416964,0.000988604222314782,1.02784791371767,0.00401810227322484,1.13775325305673,1156.496,15.305,4.494,1
"1547","26B.5.4",32,33,1.02550213260809,"Yes",1156.496,15.305,4.494,"26B.5.4",1128.99748332839,1128.99748332839,1134.37852457256,5.38104124416964,0.000908329865877832,1.00631545343463,0.0039339267580959,1.04667075474495,1156.496,15.305,4.494,1
"1548","26B.5.4",32,33,30.9719989369587,"Yes",1156.496,15.305,4.494,"26B.5.4",1128.99748332839,1128.99748332839,1134.37852457256,5.38104124416964,0.0274331868709311,2.35907804556219,0.00922219788655613,31.0216239641481,1156.496,15.305,4.494,1
"1549","26B.5.4",32,33,3.83952004194813,"No",1156.496,15.305,4.494,"26B.5.4",1128.99748332839,1128.99748332839,1134.37852457256,5.38104124416964,0.00340082249840704,1.39981046096098,0.00547219245202085,3.86896613522849,1156.496,15.305,4.494,1
"1550","26B.5.4",32,33,1.69598700587986,"No",1156.496,15.305,4.494,"26B.5.4",1128.99748332839,1128.99748332839,1134.37852457256,5.38104124416964,0.0015022061881661,1.14118388473904,0.00446115957452533,1.71999268954721,1156.496,15.305,4.494,1
"1551","26B.5.4",32,33,2.94372480985201,"No",1156.496,15.305,4.494,"26B.5.4",1128.99748332839,1128.99748332839,1134.37852457256,5.38104124416964,0.00260737942583683,1.30985825673831,0.00512054786390141,2.97127868910041,1156.496,15.305,4.494,1
"1552","26B.5.4",32,33,1.94513404539335,"No",1156.496,15.305,4.494,"26B.5.4",1128.99748332839,1128.99748332839,1134.37852457256,5.38104124416964,0.00172288607735326,1.18096597108977,0.00461667722403959,1.96997657594693,1156.496,15.305,4.494,1
"1553","26B.5.4",32,33,1.71212624747518,"No",1156.496,15.305,4.494,"26B.5.4",1128.99748332839,1128.99748332839,1134.37852457256,5.38104124416964,0.0015165013853066,1.14388916488376,0.00447173515886437,1.73618883879803,1156.496,15.305,4.494,1
"1554","26B.5.4",32,33,1.16346557071408,"No",1156.496,15.305,4.494,"26B.5.4",1128.99748332839,1128.99748332839,1134.37852457256,5.38104124416964,0.00103052981773181,1.03857624293929,0.00406004186706743,1.18531282345383,1156.496,15.305,4.494,1
"1555","26B.5.4",32,33,35.8029347290331,"No",1156.496,15.305,4.494,"26B.5.4",1128.99748332839,1128.99748332839,1134.37852457256,5.38104124416964,0.0317121475093838,2.44613069122784,0.00956250740975613,35.8543909758027,1156.496,15.305,4.494,1
"1556","26B.5.4",32,33,1.49772602409783,"No",1156.496,15.305,4.494,"26B.5.4",1128.99748332839,1128.99748332839,1134.37852457256,5.38104124416964,0.00132659819549145,1.10626225304416,0.00432464259976162,1.52099710429344,1156.496,15.305,4.494,1
"1557","26B.5.4",32,33,7.97376706827635,"No",1156.496,15.305,4.494,"26B.5.4",1128.99748332839,1128.99748332839,1134.37852457256,5.38104124416964,0.00706269693779025,1.68041243327419,0.00656913238620335,8.00911584058492,1156.496,15.305,4.494,1
"1558","26B.5.4",32,33,1.92399631990737,"No",1156.496,15.305,4.494,"26B.5.4",1128.99748332839,1128.99748332839,1134.37852457256,5.38104124416964,0.00170416351525891,1.17774443076306,0.00460408345570357,1.94877108287411,1156.496,15.305,4.494,1
"1559","26B.5.4",32,33,3.79832237555692,"No",1156.496,15.305,4.494,"26B.5.4",1128.99748332839,1128.99748332839,1134.37852457256,5.38104124416964,0.00336433201282176,1.39604030023081,0.00545745399587559,3.82768916059688,1156.496,15.305,4.494,1
"1560","26B.5.4",32,33,1.34187310592286,"No",1156.496,15.305,4.494,"26B.5.4",1128.99748332839,1128.99748332839,1134.37852457256,5.38104124416964,0.00118855278752871,1.07628642390169,0.00420745994500144,1.36451362142011,1156.496,15.305,4.494,1
"1561","26B.5.4",32,33,18.1536803251417,"No",1156.496,15.305,4.494,"26B.5.4",1128.99748332839,1128.99748332839,1134.37852457256,5.38104124416964,0.0160794692576487,2.06414960538682,0.00806925237770061,18.1971013049957,1156.496,15.305,4.494,1
"1562","26B.5.4",32,33,1.04840333624976,"Yes",1156.496,15.305,4.494,"26B.5.4",1128.99748332839,1128.99748332839,1134.37852457256,5.38104124416964,0.000928614413877136,1.0118871913693,0.00395570800857304,1.06968916419378,1156.496,15.305,4.494,1
"1563","26B.5.4",32,33,8.45415656211128,"Yes",1156.496,15.305,4.494,"26B.5.4",1128.99748332839,1128.99748332839,1134.37852457256,5.38104124416964,0.00748819788082044,1.70516956144195,0.00666591389603742,8.49002611971595,1156.496,15.305,4.494,1
"1564","26B.5.4",32,33,10.9579521751558,"No",1156.496,15.305,4.494,"26B.5.4",1128.99748332839,1128.99748332839,1134.37852457256,5.38104124416964,0.00970591373051663,1.81941742679986,0.00711253600946403,10.9962250247733,1156.496,15.305,4.494,1
"1565","26B.5.4",32,33,1.6790373027337,"No",1156.496,15.305,4.494,"26B.5.4",1128.99748332839,1128.99748332839,1134.37852457256,5.38104124416964,0.00148719313154157,1.13832188678407,0.00444997134294423,1.70298278206546,1156.496,15.305,4.494,1
"1566","26B.5.4",32,33,9.7937801437802,"No",1156.496,15.305,4.494,"26B.5.4",1128.99748332839,1128.99748332839,1134.37852457256,5.38104124416964,0.0086747581712115,1.76903973407275,0.0069155976113167,9.83099325975478,1156.496,15.305,4.494,1
"1567","26B.5.4",32,33,4.110278081562,"No",1156.496,15.305,4.494,"26B.5.4",1128.99748332839,1128.99748332839,1134.37852457256,5.38104124416964,0.00364064414868712,1.42386167722527,0.00556621438411372,4.14023011073681,1156.496,15.305,4.494,1
"1568","26B.5.4",32,33,1.85605806942265,"No",1156.496,15.305,4.494,"26B.5.4",1128.99748332839,1128.99748332839,1134.37852457256,5.38104124416964,0.00164398778281668,1.16720701733641,0.00456289019716944,1.88061116976624,1156.496,15.305,4.494,1
"1569","26B.5.4",32,33,1.04068355468203,"No",1156.496,15.305,4.494,"26B.5.4",1128.99748332839,1128.99748332839,1134.37852457256,5.38104124416964,0.00092177668245459,1.01001930076792,0.00394840597938042,1.0619300901058,1156.496,15.305,4.494,1
"1570","26B.5.4",32,33,1.63052821380663,"No",1156.496,15.305,4.494,"26B.5.4",1128.99748332839,1128.99748332839,1134.37852457256,5.38104124416964,0.00144422661510252,1.13000946067545,0.00441747608970949,1.65429883484049,1156.496,15.305,4.494,1
"1571","26B.5.4",32,33,1.25590045334395,"No",1156.496,15.305,4.494,"26B.5.4",1128.99748332839,1128.99748332839,1134.37852457256,5.38104124416964,0.00111240323551602,1.05861685469925,0.00413838539104099,1.27816927581741,1156.496,15.305,4.494,1
"1572","26B.5.4",32,33,40.5705668193827,"No",1156.496,15.305,4.494,"26B.5.4",1128.99748332839,1128.99748332839,1134.37852457256,5.38104124416964,0.0359350374278752,2.52378740599577,0.00986608600146784,40.6236566350751,1156.496,15.305,4.494,1
"1573","26B.6.4",32,33,5.8986923837417,"No",718.131,11.173,4.064,"26B.6.4",713.88503974101,713.88503974101,714.806911427025,0.921871686015493,0.00826280431073564,1.55843587511182,0.00705189142998058,5.90519332278385,718.131,11.173,4.064,1
"1574","26B.6.4",32,33,1.49853226632617,"No",718.131,11.173,4.064,"26B.6.4",713.88503974101,713.88503974101,714.806911427025,0.921871686015493,0.00209912266388131,1.10641110125442,0.0050064882922511,1.50314760612916,718.131,11.173,4.064,1
"1575","26B.6.4",32,33,0.189691456878642,"No",718.131,11.173,4.064,"26B.6.4",713.88503974101,713.88503974101,714.806911427025,0.921871686015493,0.000265717092134975,0.659951382542097,0.00298626691869405,0.192444411797871,718.131,11.173,4.064,1
"1576","26B.6.4",32,33,8.71123948936428,"No",718.131,11.173,4.064,"26B.6.4",713.88503974101,713.88503974101,714.806911427025,0.921871686015493,0.0122025802537123,1.71798745562331,0.00777385916777285,8.71840599002212,718.131,11.173,4.064,1
"1577","26B.6.4",32,33,1.36265113956486,"No",718.131,11.173,4.064,"26B.6.4",713.88503974101,713.88503974101,714.806911427025,0.921871686015493,0.00190878231607041,1.08042884646517,0.00488891910457648,1.36715809566259,718.131,11.173,4.064,1
"1578","26B.6.4",32,33,6.68634411288449,"No",718.131,11.173,4.064,"26B.6.4",713.88503974101,713.88503974101,714.806911427025,0.921871686015493,0.00936613563902421,1.60804123420045,0.00727635469614678,6.69305197825627,718.131,11.173,4.064,1
"1579","26B.6.4",32,33,3.98255897560425,"No",718.131,11.173,4.064,"26B.6.4",713.88503974101,713.88503974101,714.806911427025,0.921871686015493,0.00557871191284395,1.41266945197819,0.00639230125595356,3.98845185714059,718.131,11.173,4.064,1
"1580","26B.6.4",32,33,1.19068360748602,"No",718.131,11.173,4.064,"26B.6.4",713.88503974101,713.88503974101,714.806911427025,0.921871686015493,0.00166789264545729,1.04459776826056,0.0047267841862566,1.19504109599323,718.131,11.173,4.064,1
"1581","26B.6.4",32,33,0.644508338530335,"No",718.131,11.173,4.064,"26B.6.4",713.88503974101,713.88503974101,714.806911427025,0.921871686015493,0.000902818104668724,0.895998195754771,0.00405437406750391,0.648245951187683,718.131,11.173,4.064,1
"1582","26B.6.4",32,33,1.04824389220821,"No",718.131,11.173,4.064,"26B.6.4",713.88503974101,713.88503974101,714.806911427025,0.921871686015493,0.00146836512022791,1.01184871653334,0.00457859537662806,1.05246476964765,718.131,11.173,4.064,1
"1583","26B.6.4",32,33,1.39891546875875,"No",718.131,11.173,4.064,"26B.6.4",713.88503974101,713.88503974101,714.806911427025,0.921871686015493,0.00195958087210549,1.08754658278723,0.00492112672028396,1.40345211614548,718.131,11.173,4.064,1
"1584","26B.6.4",32,33,1.0655772094589,"No",718.131,11.173,4.064,"26B.6.4",713.88503974101,713.88503974101,714.806911427025,0.921871686015493,0.0014926453842561,1.01600590207044,0.00459740655874349,1.06981542839451,718.131,11.173,4.064,1
"1585","26B.6.4",32,33,1.30247817591843,"No",718.131,11.173,4.064,"26B.6.4",713.88503974101,713.88503974101,714.806911427025,0.921871686015493,0.00182449288528439,1.06829848811442,0.00483402947359302,1.3069345308195,718.131,11.173,4.064,1
"1586","26B.6.4",32,33,1.25740998594511,"No",718.131,11.173,4.064,"26B.6.4",713.88503974101,713.88503974101,714.806911427025,0.921871686015493,0.00176136200641113,1.05893481319611,0.00479165903027605,1.26182728073417,718.131,11.173,4.064,1
"1587","26B.6.4",32,33,24.8522817816158,"No",718.131,11.173,4.064,"26B.6.4",713.88503974101,713.88503974101,714.806911427025,0.921871686015493,0.0348127224946918,2.23275755351634,0.0101031836524788,24.8615956205637,718.131,11.173,4.064,1
"1588","26B.6.4",32,33,2.61208744332767,"No",718.131,11.173,4.064,"26B.6.4",713.88503974101,713.88503974101,714.806911427025,0.921871686015493,0.00365897490200286,1.27129672402159,0.00575259246547246,2.61739059544277,718.131,11.173,4.064,1
"1589","26B.6.4",32,33,1.10779021880289,"No",718.131,11.173,4.064,"26B.6.4",713.88503974101,713.88503974101,714.806911427025,0.921871686015493,0.00155177676675334,1.02592209113305,0.00464227711760666,1.11206980263625,718.131,11.173,4.064,1
"1590","26B.6.4",32,33,15.4100967259037,"No",718.131,11.173,4.064,"26B.6.4",713.88503974101,713.88503974101,714.806911427025,0.921871686015493,0.0215862440982015,1.98130502580514,0.00896536595106949,15.4183616429287,718.131,11.173,4.064,1
"1591","26B.6.4",32,33,3.32355436520089,"No",718.131,11.173,4.064,"26B.6.4",713.88503974101,713.88503974101,714.806911427025,0.921871686015493,0.0046555876369207,1.35020806195992,0.00610966470477499,3.32918669210327,718.131,11.173,4.064,1
"1592","26B.6.4",32,33,1.44869079764656,"No",718.131,11.173,4.064,"26B.6.4",713.88503974101,713.88503974101,714.806911427025,0.921871686015493,0.00202930544415405,1.0970942158392,0.00496432957050776,1.45326727251766,718.131,11.173,4.064,1
"1593","26B.6.4",32,33,6.95735520802474,"No",718.131,11.173,4.064,"26B.6.4",713.88503974101,713.88503974101,714.806911427025,0.921871686015493,0.00974576412267835,1.62409355984227,0.00734899115134689,6.96413003488795,718.131,11.173,4.064,1
"1594","26B.6.4",32,33,1.48701119507975,"No",718.131,11.173,4.064,"26B.6.4",713.88503974101,713.88503974101,714.806911427025,0.921871686015493,0.00208298411130624,1.10427835477277,0.00499683765671553,1.49161763823509,718.131,11.173,4.064,1
"1595","26B.6.4",32,33,7.20262705715992,"No",718.131,11.173,4.064,"26B.6.4",713.88503974101,713.88503974101,714.806911427025,0.921871686015493,0.0100893374369814,1.63822191767603,0.00741292169036921,7.20946081977692,718.131,11.173,4.064,1
"1596","26B.6.4",32,33,4.84078964764787,"No",718.131,11.173,4.064,"26B.6.4",713.88503974101,713.88503974101,714.806911427025,0.921871686015493,0.00678090921950691,1.48330019148356,0.00671190395155714,4.84697716186006,718.131,11.173,4.064,1
"1597","26B.6.4",32,33,4.99100146158756,"No",718.131,11.173,4.064,"26B.6.4",713.88503974101,713.88503974101,714.806911427025,0.921871686015493,0.00699132378988954,1.49467552900687,0.00676337712826905,4.99723642746396,718.131,11.173,4.064,1
"1598","26B.6.4",32,33,1.34821819758546,"No",718.131,11.173,4.064,"26B.6.4",713.88503974101,713.88503974101,714.806911427025,0.921871686015493,0.00188856485642923,1.07755648808552,0.00487592173986948,1.35271317178067,718.131,11.173,4.064,1
"1599","26B.6.4",32,33,3.69321953404284,"No",718.131,11.173,4.064,"26B.6.4",713.88503974101,713.88503974101,714.806911427025,0.921871686015493,0.00517340934246599,1.3862810320264,0.00627289417897296,3.69900233757581,718.131,11.173,4.064,1
"1600","26B.6.4",32,33,1.40226244226134,"No",718.131,11.173,4.064,"26B.6.4",713.88503974101,713.88503974101,714.806911427025,0.921871686015493,0.00196426926493664,1.08819650202955,0.00492406759196712,1.4068018007544,718.131,11.173,4.064,1
"1601","26B.6.4",32,33,1.21128089247812,"No",718.131,11.173,4.064,"26B.6.4",713.88503974101,713.88503974101,714.806911427025,0.921871686015493,0.00169674502902814,1.04908630238473,0.00474709471415762,1.21565710468593,718.131,11.173,4.064,1
"1602","26B.6.4",32,33,1.1074192531261,"No",718.131,11.173,4.064,"26B.6.4",713.88503974101,713.88503974101,714.806911427025,0.921871686015493,0.00155125712331479,1.02583619272066,0.00464188842899401,1.11169847863844,718.131,11.173,4.064,1
"1603","26B.6.4",32,33,1.21337451391853,"Yes",718.131,11.173,4.064,"26B.6.4",713.88503974101,713.88503974101,714.806911427025,0.921871686015493,0.00169967774413473,1.0495393284754,0.00474914464823405,1.21775261590253,718.131,11.173,4.064,1
"1604","26B.6.4",32,33,19.5824539401276,"Yes",718.131,11.173,4.064,"26B.6.4",713.88503974101,713.88503974101,714.806911427025,0.921871686015493,0.0274308226815229,2.10361751634556,0.00951882754522053,19.5912290777256,718.131,11.173,4.064,1
"1605","26B.6.4",32,33,5.45536407840569,"No",718.131,11.173,4.064,"26B.6.4",713.88503974101,713.88503974101,714.806911427025,0.921871686015493,0.00764179633234062,1.52829057538394,0.0069154845465148,5.4617392678042,718.131,11.173,4.064,1
"1606","26B.6.4",32,33,1.5427679407152,"No",718.131,11.173,4.064,"26B.6.4",713.88503974101,713.88503974101,714.806911427025,0.921871686015493,0.00216108736677673,1.11448737050885,0.00504303325046919,1.54741697028044,718.131,11.173,4.064,1
"1607","26B.6.4",32,33,0.790737056985268,"No",718.131,11.173,4.064,"26B.6.4",713.88503974101,713.88503974101,714.806911427025,0.921871686015493,0.00110765321160412,0.942992031787559,0.00426702024363082,0.794670702131526,718.131,11.173,4.064,1
"1608","26B.6.4",32,33,1.40143748030714,"No",718.131,11.173,4.064,"26B.6.4",713.88503974101,713.88503974101,714.806911427025,0.921871686015493,0.00196311366997629,1.08803641808149,0.00492334321527672,1.40597617101784,718.131,11.173,4.064,1
"1609","26B.6.4",32,33,1.63037739038124,"No",718.131,11.173,4.064,"26B.6.4",713.88503974101,713.88503974101,714.806911427025,0.921871686015493,0.00228380943656239,1.12998332837545,0.00511315215251961,1.63509106057694,718.131,11.173,4.064,1
"1610","26B.6.4",32,33,1.65385978710098,"No",718.131,11.173,4.064,"26B.6.4",713.88503974101,713.88503974101,714.806911427025,0.921871686015493,0.00231670324356563,1.13403033484314,0.00513146477653086,1.65859033918625,718.131,11.173,4.064,1
"1611","26B.6.4",32,33,1.13367076896131,"Yes",718.131,11.173,4.064,"26B.6.4",713.88503974101,713.88503974101,714.806911427025,0.921871686015493,0.00158802987295068,1.03186228046195,0.00466915635652172,1.13797513200397,718.131,11.173,4.064,1
"1612","26B.6.4",32,33,10.3884194569395,"Yes",718.131,11.173,4.064,"26B.6.4",713.88503974101,713.88503974101,714.806911427025,0.921871686015493,0.014551950074074,1.79530139871692,0.00812370322708057,10.3959084689301,718.131,11.173,4.064,1
"1613","26B.6.4",32,33,1.29731005177387,"No",718.131,11.173,4.064,"26B.6.4",713.88503974101,713.88503974101,714.806911427025,0.921871686015493,0.00181725345056191,1.06723717791335,0.00482922706597972,1.30176197947134,718.131,11.173,4.064,1
"1614","26B.6.4",32,33,1.30376885187748,"No",718.131,11.173,4.064,"26B.6.4",713.88503974101,713.88503974101,714.806911427025,0.921871686015493,0.00182630084579231,1.06856304438919,0.00483522658549,1.30822631036212,718.131,11.173,4.064,1
"1615","26B.6.4",32,33,7.74270271491491,"No",718.131,11.173,4.064,"26B.6.4",713.88503974101,713.88503974101,714.806911427025,0.921871686015493,0.0108458677292409,1.66810408597914,0.00754813790935596,7.74966112953568,718.131,11.173,4.064,1
"1616","26B.6.4",32,33,1.41891498317576,"No",718.131,11.173,4.064,"26B.6.4",713.88503974101,713.88503974101,714.806911427025,0.921871686015493,0.00198759590716529,1.09141292773895,0.00493862185451811,1.42346775883138,718.131,11.173,4.064,1
"1617","26B.6.4",32,33,1.50801177602803,"No",718.131,11.173,4.064,"26B.6.4",713.88503974101,713.88503974101,714.806911427025,0.921871686015493,0.00211240142611074,1.10815671698799,0.00501438716882867,1.5126343975817,718.131,11.173,4.064,1
"1618","26B.6.4",32,33,1.16480595514006,"No",718.131,11.173,4.064,"26B.6.4",713.88503974101,713.88503974101,714.806911427025,0.921871686015493,0.0016316435984744,1.03887523984222,0.00470088985864541,1.16913957239982,718.131,11.173,4.064,1
"1619","26B.6.4",32,33,5.84939311496757,"No",718.131,11.173,4.064,"26B.6.4",713.88503974101,713.88503974101,714.806911427025,0.921871686015493,0.00819374659691659,1.55516940016055,0.00703711069560263,5.8558804280692,718.131,11.173,4.064,1
"1620","26B.6.4",32,33,7.95864506390639,"No",718.131,11.173,4.064,"26B.6.4",713.88503974101,713.88503974101,714.806911427025,0.921871686015493,0.0111483566973104,1.67961515340013,0.00760022526116322,7.96565149638199,718.131,11.173,4.064,1
"1621","26B.6.4",32,33,1.58266833095855,"No",718.131,11.173,4.064,"26B.6.4",713.88503974101,713.88503974101,714.806911427025,0.921871686015493,0.00221697926536284,1.12162447651219,0.00507532851360037,1.58734713261246,718.131,11.173,4.064,1
"1622","26B.6.4",32,33,1.31256141480815,"No",718.131,11.173,4.064,"26B.6.4",713.88503974101,713.88503974101,714.806911427025,0.921871686015493,0.00183861734276479,1.07036009223305,0.00484335819134674,1.31702636958998,718.131,11.173,4.064,1
"1623","26B.6.4",32,33,1.32125055258995,"No",718.131,11.173,4.064,"26B.6.4",713.88503974101,713.88503974101,714.806911427025,0.921871686015493,0.00185078896326121,1.07212715366572,0.00485135410928749,1.32572287858214,718.131,11.173,4.064,1
"1624","26B.6.4",32,33,1.3988013014064,"No",718.131,11.173,4.064,"26B.6.4",713.88503974101,713.88503974101,714.806911427025,0.921871686015493,0.00195942094810374,1.08752439307727,0.00492102631228647,1.40333785622984,718.131,11.173,4.064,1
"1625","26B.6.4",32,33,1.47490274677267,"No",718.131,11.173,4.064,"26B.6.4",713.88503974101,713.88503974101,714.806911427025,0.921871686015493,0.00206602276930716,1.10202347568872,0.00498663437357606,1.47949978381018,718.131,11.173,4.064,1
"1626","26B.6.4",32,33,1.45729549440086,"No",718.131,11.173,4.064,"26B.6.4",713.88503974101,713.88503974101,714.806911427025,0.921871686015493,0.00204135878086134,1.09871968501004,0.00497168478627157,1.46187874983712,718.131,11.173,4.064,1
"1627","26B.6.4",32,33,18.9250251182626,"No",718.131,11.173,4.064,"26B.6.4",713.88503974101,713.88503974101,714.806911427025,0.921871686015493,0.0265099057477495,2.08573493852795,0.00943790923522021,18.9337256595617,718.131,11.173,4.064,1
"1628","26B.6.4",32,33,4.69088239105185,"No",718.131,11.173,4.064,"26B.6.4",713.88503974101,713.88503974101,714.806911427025,0.921871686015493,0.00657092126871528,1.47168084119974,0.0066593266219429,4.69702143571255,718.131,11.173,4.064,1
"1629","26B.6.4",32,33,1.62816294820042,"No",718.131,11.173,4.064,"26B.6.4",713.88503974101,713.88503974101,714.806911427025,0.921871686015493,0.00228070747748279,1.12959943592772,0.00511141504680648,1.63287501700755,718.131,11.173,4.064,1
"1630","26B.6.4",32,33,1.34680070810987,"No",718.131,11.173,4.064,"26B.6.4",713.88503974101,713.88503974101,714.806911427025,0.921871686015493,0.00188657925735281,1.07727314604795,0.00487463962276835,1.35129450035763,718.131,11.173,4.064,1
"1631","26B.6.4",32,33,20.8636572812764,"No",718.131,11.173,4.064,"26B.6.4",713.88503974101,713.88503974101,714.806911427025,0.921871686015493,0.0292255140811544,2.13721202973649,0.00967084205211124,20.8725725567441,718.131,11.173,4.064,1
"1632","26B.6.4",32,33,1.16655725934915,"No",718.131,11.173,4.064,"26B.6.4",713.88503974101,713.88503974101,714.806911427025,0.921871686015493,0.00163409680047696,1.03926551121473,0.00470265582886668,1.17089250460686,718.131,11.173,4.064,1
"1633","26B.6.4",32,33,1.31074620167725,"Yes",718.131,11.173,4.064,"26B.6.4",713.88503974101,713.88503974101,714.806911427025,0.921871686015493,0.00183607461805443,1.06998983524813,0.00484168278583243,1.31520961195018,718.131,11.173,4.064,1
"1634","26B.6.4",32,33,9.07595489576138,"Yes",718.131,11.173,4.064,"26B.6.4",713.88503974101,713.88503974101,714.806911427025,0.921871686015493,0.0127134684024952,1.73569368046234,0.00785397948404233,9.08319525707027,718.131,11.173,4.064,1
"1635","26B.6.4",32,33,1.65314350256684,"No",718.131,11.173,4.064,"26B.6.4",713.88503974101,713.88503974101,714.806911427025,0.921871686015493,0.00231569988238804,1.13390752812833,0.0051309090785817,1.6578735423699,718.131,11.173,4.064,1
"1636","26B.6.4",32,33,1.65460443698414,"No",718.131,11.173,4.064,"26B.6.4",713.88503974101,713.88503974101,714.806911427025,0.921871686015493,0.0023177463385203,1.1341579625023,0.00513204228915762,1.65933552146195,718.131,11.173,4.064,1
"1637","26B.6.4",32,33,1.27795446576965,"No",718.131,11.173,4.064,"26B.6.4",713.88503974101,713.88503974101,714.806911427025,0.921871686015493,0.00179014042125505,1.06323397306933,0.00481111264344696,1.28238969429387,718.131,11.173,4.064,1
"1638","26B.6.4",32,33,6.33258681074446,"No",718.131,11.173,4.064,"26B.6.4",713.88503974101,713.88503974101,714.806911427025,0.921871686015493,0.00887059744667273,1.58633639403943,0.00717814072484073,6.33920413543693,718.131,11.173,4.064,1
"1639","26B.6.4",32,33,1.08837922304606,"No",718.131,11.173,4.064,"26B.6.4",713.88503974101,713.88503974101,714.806911427025,0.921871686015493,0.00152458612025392,1.02139813527572,0.0046218063070655,1.0926399354188,718.131,11.173,4.064,1
"1640","26B.6.4",32,33,5.9146154532132,"No",718.131,11.173,4.064,"26B.6.4",713.88503974101,713.88503974101,714.806911427025,0.921871686015493,0.00828510911975261,1.55948653179419,0.00705664563063303,5.92112077501832,718.131,11.173,4.064,1
"1641","26B.6.4",32,33,1.43754171365832,"No",718.131,11.173,4.064,"26B.6.4",713.88503974101,713.88503974101,714.806911427025,0.921871686015493,0.0020136879660342,1.0949772949701,0.0049547505455551,1.44210935789754,718.131,11.173,4.064,1
"1642","26B.6.4",32,33,3.9559398391772,"No",718.131,11.173,4.064,"26B.6.4",713.88503974101,713.88503974101,714.806911427025,0.921871686015493,0.00554142420551686,1.41030296702489,0.00638159295846894,3.96182284903729,718.131,11.173,4.064,1
"1643","26B.6.4",32,33,1.49822018192683,"No",718.131,11.173,4.064,"26B.6.4",713.88503974101,713.88503974101,714.806911427025,0.921871686015493,0.00209868550049791,1.10635349144822,0.00500622760902048,1.50283528141333,718.131,11.173,4.064,1
"1644","26B.6.4",32,33,2.24977204923038,"No",718.131,11.173,4.064,"26B.6.4",713.88503974101,713.88503974101,714.806911427025,0.921871686015493,0.00315144865628025,1.22471385004234,0.00554180588448812,2.25488088316468,718.131,11.173,4.064,1
"1645","26B.6.4",32,33,1.01654498270967,"No",718.131,11.173,4.064,"26B.6.4",713.88503974101,713.88503974101,714.806911427025,0.921871686015493,0.00142396173910363,1.00411082777998,0.004543581583467,1.02073358192457,718.131,11.173,4.064,1
"1646","26B.6.4",32,33,0.483418495287817,"No",718.131,11.173,4.064,"26B.6.4",713.88503974101,713.88503974101,714.806911427025,0.921871686015493,0.000677165745710537,0.833836334362984,0.00377309287742034,0.486896802780218,718.131,11.173,4.064,1
"1647","26B.6.4",32,33,2.24967151260767,"No",718.131,11.173,4.064,"26B.6.4",713.88503974101,713.88503974101,714.806911427025,0.921871686015493,0.00315130782601051,1.22470016747195,0.00554174397112845,2.2547802894658,718.131,11.173,4.064,1
"1648","26B.6.4",32,33,1.67659090597567,"No",718.131,11.173,4.064,"26B.6.4",713.88503974101,713.88503974101,714.806911427025,0.921871686015493,0.00234854467125956,1.13790701961198,0.00514900669823244,1.68133762946187,718.131,11.173,4.064,1
"1649","26B.6.4",32,33,1.3931840850429,"No",718.131,11.173,4.064,"26B.6.4",713.88503974101,713.88503974101,714.806911427025,0.921871686015493,0.00195155243139474,1.0864309424283,0.00491607846978378,1.39771607859042,718.131,11.173,4.064,1
"1650","26B.6.4",32,33,1.25085683533112,"No",718.131,11.173,4.064,"26B.6.4",713.88503974101,713.88503974101,714.806911427025,0.921871686015493,0.00175218244632906,1.05755241549329,0.00478540370808476,1.25526836351576,718.131,11.173,4.064,1
"1651","26B.6.4",32,33,1.1302627124628,"No",718.131,11.173,4.064,"26B.6.4",713.88503974101,713.88503974101,714.806911427025,0.921871686015493,0.00158325591592849,1.03108590507301,0.00466564327328285,1.13456383689349,718.131,11.173,4.064,1
"1652","26B.6.4",32,33,1.16343425615849,"No",718.131,11.173,4.064,"26B.6.4",713.88503974101,713.88503974101,714.806911427025,0.921871686015493,0.00162972214207006,1.03856925457569,0.00469950528138229,1.16776659701568,718.131,11.173,4.064,1
"1653","26B.6.4",32,33,21.3467563832802,"No",718.131,11.173,4.064,"26B.6.4",713.88503974101,713.88503974101,714.806911427025,0.921871686015493,0.0299022324253,2.14947784654727,0.00972634462994005,21.355722825003,718.131,11.173,4.064,1
"1654","26B.6.4",32,33,1.18563457747542,"No",718.131,11.173,4.064,"26B.6.4",713.88503974101,713.88503974101,714.806911427025,0.921871686015493,0.00166082003610211,1.04348861274609,0.00472176527954896,1.18998743919465,718.131,11.173,4.064,1
"1655","26B.6.4",32,33,1.02826168055292,"No",718.131,11.173,4.064,"26B.6.4",713.88503974101,713.88503974101,714.806911427025,0.921871686015493,0.00144037432263038,1.00699175088141,0.00455661770337022,1.03246229739765,718.131,11.173,4.064,1
"1656","26B.6.4",32,33,1.27295403223614,"No",718.131,11.173,4.064,"26B.6.4",713.88503974101,713.88503974101,714.806911427025,0.921871686015493,0.0017831358851531,1.06219237691211,0.00480639944149113,1.27738491579294,718.131,11.173,4.064,1
"1657","26B.6.4",32,33,10.0134621155837,"No",718.131,11.173,4.064,"26B.6.4",713.88503974101,713.88503974101,714.806911427025,0.921871686015493,0.0140267151686166,1.7788775932171,0.00804938583288968,10.0208826164729,718.131,11.173,4.064,1
"1658","26B.6.4",32,33,1.61694463854078,"No",718.131,11.173,4.064,"26B.6.4",713.88503974101,713.88503974101,714.806911427025,0.921871686015493,0.00226499302902802,1.12764860676295,0.00510258758352222,1.62164856955944,718.131,11.173,4.064,1
"1659","26B.6.4",32,33,1.44580426197434,"No",718.131,11.173,4.064,"26B.6.4",713.88503974101,713.88503974101,714.806911427025,0.921871686015493,0.00202526202608036,1.09654731332569,0.00496185484747955,1.45037845546835,718.131,11.173,4.064,1
"1660","26B.6.4",32,33,7.57149599508375,"No",718.131,11.173,4.064,"26B.6.4",713.88503974101,713.88503974101,714.806911427025,0.921871686015493,0.0106060437935926,1.65880533798878,0.00750606125910043,7.57841562043201,718.131,11.173,4.064,1
"1661","26B.6.4",32,33,5.83741562006919,"No",718.131,11.173,4.064,"26B.6.4",713.88503974101,713.88503974101,714.806911427025,0.921871686015493,0.00817696869258802,1.55437267845807,0.00703350554569845,5.84389960968521,718.131,11.173,4.064,1
"1662","26B.6.4",32,33,1.26748690342328,"No",718.131,11.173,4.064,"26B.6.4",713.88503974101,713.88503974101,714.806911427025,0.921871686015493,0.00177547760894823,1.06105004995562,0.00480123043466619,1.27191302181904,718.131,11.173,4.064,1
"1663","26B.6.4",32,33,4.64656779179022,"No",718.131,11.173,4.064,"26B.6.4",713.88503974101,713.88503974101,714.806911427025,0.921871686015493,0.00650884600898198,1.46819273058977,0.00664354299060452,4.65269228596808,718.131,11.173,4.064,1
"1664","26B.6.4",32,33,3.47034022373665,"No",718.131,11.173,4.064,"26B.6.4",713.88503974101,713.88503974101,714.806911427025,0.921871686015493,0.00486120317774926,1.36487542274636,0.00617603422146938,3.47603373481729,718.131,11.173,4.064,1
"1665","26B.6.4",32,33,2.59675463766011,"No",718.131,11.173,4.064,"26B.6.4",713.88503974101,713.88503974101,714.806911427025,0.921871686015493,0.00363749692611878,1.26942699328815,0.00574413197098174,2.60204999028489,718.131,11.173,4.064,1
"1666","26B.6.4",32,33,1.60719714581741,"No",718.131,11.173,4.064,"26B.6.4",713.88503974101,713.88503974101,714.806911427025,0.921871686015493,0.00225133887999738,1.12594528892569,0.00509488010408665,1.61189397152901,718.131,11.173,4.064,1
"1667","26B.6.4",32,33,1.63225167493401,"No",718.131,11.173,4.064,"26B.6.4",713.88503974101,713.88503974101,714.806911427025,0.921871686015493,0.00228643490767949,1.13030794614326,0.00511462104148154,1.63696669925685,718.131,11.173,4.064,1
"1668","26B.6.4",32,33,1.36789252816969,"No",718.131,11.173,4.064,"26B.6.4",713.88503974101,713.88503974101,714.806911427025,0.921871686015493,0.00191612437860575,1.08146630887727,0.00489361360141762,1.37240381199113,718.131,11.173,4.064,1
"1669","26B.6.4",32,33,20.5494673782037,"No",718.131,11.173,4.064,"26B.6.4",713.88503974101,713.88503974101,714.806911427025,0.921871686015493,0.0287854013380905,2.12912001438092,0.00963422584309774,20.5583488982251,718.131,11.173,4.064,1
"1670","26B.6.4",32,33,1.43579892170829,"No",718.131,11.173,4.064,"26B.6.4",713.88503974101,713.88503974101,714.806911427025,0.921871686015493,0.00201124668788294,1.09464527229103,0.00495324814951656,1.44036518093114,718.131,11.173,4.064,1
"1671","26B.6.4",32,33,1.3758764923946,"Yes",718.131,11.173,4.064,"26B.6.4",713.88503974101,713.88503974101,714.806911427025,0.921871686015493,0.00192730820202333,1.08304091244421,0.00490073865133248,1.38039434459783,718.131,11.173,4.064,1
"1672","26B.6.4",32,33,8.73171669972579,"Yes",718.131,11.173,4.064,"26B.6.4",713.88503974101,713.88503974101,714.806911427025,0.921871686015493,0.0122312644384502,1.71899617034841,0.00777842358190041,8.73888740818778,718.131,11.173,4.064,1
"1673","26B.6.4",32,33,1.27675263130696,"No",718.131,11.173,4.064,"26B.6.4",713.88503974101,713.88503974101,714.806911427025,0.921871686015493,0.00178845690865038,1.06298390897143,0.0048099811083629,1.28118681670103,718.131,11.173,4.064,1
"1674","26B.6.4",32,33,1.071488274215,"No",718.131,11.173,4.064,"26B.6.4",713.88503974101,713.88503974101,714.806911427025,0.921871686015493,0.00150092551960988,1.01741200002629,0.00460376912410976,1.07573235861946,718.131,11.173,4.064,1
"1675","26B.6.4",32,33,3.45210518530117,"No",718.131,11.173,4.064,"26B.6.4",713.88503974101,713.88503974101,714.806911427025,0.921871686015493,0.00483565979552332,1.3630789311375,0.00616790513256498,3.45779120240491,718.131,11.173,4.064,1
"1676","26B.6.4",32,33,1.29839979899349,"Yes",718.131,11.173,4.064,"26B.6.4",713.88503974101,713.88503974101,714.806911427025,0.921871686015493,0.00181877995295227,1.06746122855027,0.00483024089066869,1.30285266130723,718.131,11.173,4.064,1
"1677","26B.6.4",32,33,3.68038352152821,"Yes",718.131,11.173,4.064,"26B.6.4",713.88503974101,713.88503974101,714.806911427025,0.921871686015493,0.00515542883888338,1.38507493260443,0.0062674366030064,3.68616129387642,718.131,11.173,4.064,1
"1678","26B.6.4",32,33,1.12443178885947,"No",718.131,11.173,4.064,"26B.6.4",713.88503974101,713.88503974101,714.806911427025,0.921871686015493,0.00157508804116053,1.02975350480042,0.00465961418847184,1.12872735524758,718.131,11.173,4.064,1
"1679","26B.6.4",32,33,1.2547573102998,"No",718.131,11.173,4.064,"26B.6.4",713.88503974101,713.88503974101,714.806911427025,0.921871686015493,0.00175764617613364,1.05837587943468,0.00478912986608965,1.259172273524,718.131,11.173,4.064,1
"1680","26B.6.4",32,33,1.64625106717622,"No",718.131,11.173,4.064,"26B.6.4",713.88503974101,713.88503974101,714.806911427025,0.921871686015493,0.00230604505702132,1.13272377829116,0.00512555263404309,1.65097616902473,718.131,11.173,4.064,1
"1681","26B.6.4",32,33,1.13568651607726,"Yes",718.131,11.173,4.064,"26B.6.4",713.88503974101,713.88503974101,714.806911427025,0.921871686015493,0.00159085350281226,1.03232065603974,0.00467123049692128,1.13999279121122,718.131,11.173,4.064,1
"1682","26B.6.4",32,33,7.50373440978409,"Yes",718.131,11.173,4.064,"26B.6.4",713.88503974101,713.88503974101,714.806911427025,0.921871686015493,0.0105111243296349,1.65508142080724,0.00748921060770192,7.51063850099393,718.131,11.173,4.064,1
"1683","26B.6.4",32,33,2.70501262143514,"No",718.131,11.173,4.064,"26B.6.4",713.88503974101,713.88503974101,714.806911427025,0.921871686015493,0.0037891431685086,1.28245555765673,0.00580308596638378,2.71036232207906,718.131,11.173,4.064,1
"1684","26B.6.4",32,33,4.42735748442342,"No",718.131,11.173,4.064,"26B.6.4",713.88503974101,713.88503974101,714.806911427025,0.921871686015493,0.00620177933134671,1.45056150363356,0.00656376203826756,4.43340843080024,718.131,11.173,4.064,1
"1685","26B.6.4",32,33,1.29692448012996,"Yes",718.131,11.173,4.064,"26B.6.4",713.88503974101,713.88503974101,714.806911427025,0.921871686015493,0.00181671334729255,1.06715787106933,0.00482886820408325,1.30137607700281,718.131,11.173,4.064,1
"1686","26B.6.4",32,33,26.7357383308965,"Yes",718.131,11.173,4.064,"26B.6.4",713.88503974101,713.88503974101,714.806911427025,0.921871686015493,0.0374510416139214,2.27390881633095,0.0102893923006559,26.7452238303248,718.131,11.173,4.064,1
"1687","26B.6.4",32,33,4.8404866750825,"No",718.131,11.173,4.064,"26B.6.4",713.88503974101,713.88503974101,714.806911427025,0.921871686015493,0.0067804848198508,1.48327698195346,0.0067117989288937,4.84667409247728,718.131,11.173,4.064,1
"1688","26B.6.4",32,33,2.15805355271449,"No",718.131,11.173,4.064,"26B.6.4",713.88503974101,713.88503974101,714.806911427025,0.921871686015493,0.00302297069216832,1.21203609748525,0.0054844393055762,2.16310950202397,718.131,11.173,4.064,1
"1689","26B.6.4",32,33,1.47011779922407,"No",718.131,11.173,4.064,"26B.6.4",713.88503974101,713.88503974101,714.806911427025,0.921871686015493,0.00205932008290496,1.10112857737244,0.00498258497644136,1.47471110323701,718.131,11.173,4.064,1
"1690","26B.6.4",32,33,1.45339359830819,"No",718.131,11.173,4.064,"26B.6.4",713.88503974101,713.88503974101,714.806911427025,0.921871686015493,0.0020358930603665,1.09798349230062,0.00496835352886068,1.45797378275256,718.131,11.173,4.064,1
"1691","26B.6.4",32,33,1.38907186034984,"No",718.131,11.173,4.064,"26B.6.4",713.88503974101,713.88503974101,714.806911427025,0.921871686015493,0.00194579208559095,1.08562835613186,0.00491244678270822,1.39360050594788,718.131,11.173,4.064,1
"1692","26B.6.4",32,33,18.3860522796047,"No",718.131,11.173,4.064,"26B.6.4",713.88503974101,713.88503974101,714.806911427025,0.921871686015493,0.0257549202687802,2.07072354990917,0.00936998299940679,18.3946902016303,718.131,11.173,4.064,1
"1693","26B.6.4",32,33,1.78202319854889,"No",718.131,11.173,4.064,"26B.6.4",713.88503974101,713.88503974101,714.806911427025,0.921871686015493,0.0024962327256436,1.15538929231343,0.00522811363552049,1.78684284848075,718.131,11.173,4.064,1
"1694","26B.6.4",32,33,1.16275574978992,"No",718.131,11.173,4.064,"26B.6.4",713.88503974101,713.88503974101,714.806911427025,0.921871686015493,0.00162877170000894,1.03841779994625,0.00469881995218754,1.16708745886152,718.131,11.173,4.064,1
"1695","26B.6.4",32,33,1.37150433080774,"No",718.131,11.173,4.064,"26B.6.4",713.88503974101,713.88503974101,714.806911427025,0.921871686015493,0.00192118374031946,1.082179482819,0.00489684069936117,1.37601858959941,718.131,11.173,4.064,1
"1696","26B.6.4",32,33,1.40771200139308,"No",718.131,11.173,4.064,"26B.6.4",713.88503974101,713.88503974101,714.806911427025,0.921871686015493,0.00197190292978234,1.08925221888266,0.0049288446897918,1.41225576375736,718.131,11.173,4.064,1
"1697","26B.6.4",32,33,23.1300693986594,"No",718.131,11.173,4.064,"26B.6.4",713.88503974101,713.88503974101,714.806911427025,0.921871686015493,0.0324002719079962,2.19302828926306,0.00992340951959252,23.1392175089242,718.131,11.173,4.064,1
"1698","26B.6.4",32,33,2.224733152825,"No",718.131,11.173,4.064,"26B.6.4",713.88503974101,713.88503974101,714.806911427025,0.921871686015493,0.00311637452667745,1.22129191390073,0.00552632169130678,2.22982771232003,718.131,11.173,4.064,1
"1699","26B.6.4",32,33,1.8830447807082,"No",718.131,11.173,4.064,"26B.6.4",713.88503974101,713.88503974101,714.806911427025,0.921871686015493,0.00263774231967565,1.17142681724751,0.00530068311781159,1.88793133039105,718.131,11.173,4.064,1
"1700","26B.6.4",32,33,1.98118539761135,"No",718.131,11.173,4.064,"26B.6.4",713.88503974101,713.88503974101,714.806911427025,0.921871686015493,0.00277521629859354,1.18640038672542,0.00536843822276252,1.98613440880704,718.131,11.173,4.064,1
"1701","26B.6.4",32,33,1.65662832696168,"No",718.131,11.173,4.064,"26B.6.4",713.88503974101,713.88503974101,714.806911427025,0.921871686015493,0.00232058137478647,1.13450462523618,0.00513361093115383,1.66136085752614,718.131,11.173,4.064,1
"1702","26B.6.4",32,33,1.62259862356571,"No",718.131,11.173,4.064,"26B.6.4",713.88503974101,713.88503974101,714.806911427025,0.921871686015493,0.00227291305075446,1.12863308157846,0.0051070423125396,1.62730666127292,718.131,11.173,4.064,1
"1703","26B.6.4",32,33,1.34733934354473,"No",718.131,11.173,4.064,"26B.6.4",713.88503974101,713.88503974101,714.806911427025,0.921871686015493,0.00188733377020133,1.07738084024527,0.00487512693687559,1.35183358503356,718.131,11.173,4.064,1
"1704","26B.6.4",32,33,1.2174001226168,"No",718.131,11.173,4.064,"26B.6.4",713.88503974101,713.88503974101,714.806911427025,0.921871686015493,0.00170531675948618,1.05040876083789,0.00475307881243285,1.22178185139538,718.131,11.173,4.064,1
"1705","26B.6.4",32,33,1.3228433554645,"No",718.131,11.173,4.064,"26B.6.4",713.88503974101,713.88503974101,714.806911427025,0.921871686015493,0.00185302013885095,1.07245012718366,0.00485281555805138,1.32731702872493,718.131,11.173,4.064,1
"1706","26B.6.4",32,33,1.0981797804265,"No",718.131,11.173,4.064,"26B.6.4",713.88503974101,713.88503974101,714.806911427025,0.921871686015493,0.00153831460150069,1.02368976416709,0.00463217588235433,1.10245005221708,718.131,11.173,4.064,1
"1707","26B.6.4",32,33,19.6358810821004,"No",718.131,11.173,4.064,"26B.6.4",713.88503974101,713.88503974101,714.806911427025,0.921871686015493,0.0275056626613496,2.1050508845294,0.00952531350782772,19.6446621989236,718.131,11.173,4.064,1
"1708","26B.6.4",32,33,1.56389397559173,"No",718.131,11.173,4.064,"26B.6.4",713.88503974101,713.88503974101,714.806911427025,0.921871686015493,0.00219068041565782,1.11828326730278,0.00506020960818638,1.56855883955482,718.131,11.173,4.064,1
"1709","26B.6.4",32,33,8.7352563743762,"No",718.131,11.173,4.064,"26B.6.4",713.88503974101,713.88503974101,714.806911427025,0.921871686015493,0.0122362227643057,1.71917035609602,0.00777921176895412,8.74242780944551,718.131,11.173,4.064,1
"1710","26B.6.4",32,33,2.07184747783105,"No",718.131,11.173,4.064,"26B.6.4",713.88503974101,713.88503974101,714.806911427025,0.921871686015493,0.0029022144497981,1.19974637183477,0.00542882854072188,2.07685216115097,718.131,11.173,4.064,1
"1711","26B.6.4",32,33,5.55094526717375,"No",718.131,11.173,4.064,"26B.6.4",713.88503974101,713.88503974101,714.806911427025,0.921871686015493,0.00777568510076578,1.53494117513371,0.00694557837849635,5.55734819922389,718.131,11.173,4.064,1
"1712","26B.6.4",32,33,6.76877482604494,"No",718.131,11.173,4.064,"26B.6.4",713.88503974101,713.88503974101,714.806911427025,0.921871686015493,0.00948160340844316,1.61297455630823,0.0072986778808532,6.77550327052864,718.131,11.173,4.064,1
"1713","26B.6.4",32,33,1.24212363864739,"No",718.131,11.173,4.064,"26B.6.4",713.88503974101,713.88503974101,714.806911427025,0.921871686015493,0.00173994910875009,1.0557016655074,0.00477702910110028,1.24652744651897,718.131,11.173,4.064,1
"1714","26B.6.4",32,33,1.20782642713974,"No",718.131,11.173,4.064,"26B.6.4",713.88503974101,713.88503974101,714.806911427025,0.921871686015493,0.0016919060631638,1.04833752591737,0.00474370651549156,1.21219951586314,718.131,11.173,4.064,1
"1715","26B.6.4",32,33,1.32284731379685,"No",718.131,11.173,4.064,"26B.6.4",713.88503974101,713.88503974101,714.806911427025,0.921871686015493,0.00185302568362655,1.0724509294535,0.00485281918830646,1.32732099040391,718.131,11.173,4.064,1
"1716","26B.6.4",32,33,1.18632439091325,"No",718.131,11.173,4.064,"26B.6.4",713.88503974101,713.88503974101,714.806911427025,0.921871686015493,0.00166178631694486,1.04364035753462,0.00472245192170784,1.19067788562844,718.131,11.173,4.064,1
"1717","26B.6.4",32,33,1.35621372770177,"No",718.131,11.173,4.064,"26B.6.4",713.88503974101,713.88503974101,714.806911427025,0.921871686015493,0.00189976488118282,1.07915054402823,0.00488313481139898,1.3607153514234,718.131,11.173,4.064,1
"1718","26B.6.4",32,33,19.7720235929185,"No",718.131,11.173,4.064,"26B.6.4",713.88503974101,713.88503974101,714.806911427025,0.921871686015493,0.0276963691522259,2.10869020153788,0.00954178134512081,19.7808198909747,718.131,11.173,4.064,1
"1719","26B.6.4",32,33,1.66822027932837,"No",718.131,11.173,4.064,"26B.6.4",713.88503974101,713.88503974101,714.806911427025,0.921871686015493,0.00233681921662566,1.13648406067733,0.00514256783727142,1.67296106701096,718.131,11.173,4.064,1
"1720","26B.6.4",32,33,1.53855120794055,"No",718.131,11.173,4.064,"26B.6.4",713.88503974101,713.88503974101,714.806911427025,0.921871686015493,0.00215518062754015,1.11372505237513,0.00503958377603142,1.54319705753298,718.131,11.173,4.064,1
"1721","26B.6.4",32,33,1.1028482631495,"No",718.131,11.173,4.064,"26B.6.4",713.88503974101,713.88503974101,714.806911427025,0.921871686015493,0.00154485414563331,1.02477598844846,0.00463709102568691,1.10712306607156,718.131,11.173,4.064,1
"1722","26B.6.4",32,33,0.75948409857639,"No",718.131,11.173,4.064,"26B.6.4",713.88503974101,713.88503974101,714.806911427025,0.921871686015493,0.00106387451241719,0.933532992838512,0.00422421827996591,0.76337828580424,718.131,11.173,4.064,1
"1723","26B.6.4",32,33,1.73542382028548,"No",718.131,11.173,4.064,"26B.6.4",713.88503974101,713.88503974101,714.806911427025,0.921871686015493,0.00243095698001331,1.14776080146895,0.00519359486572767,1.74021164834083,718.131,11.173,4.064,1
"1724","26B.6.4",32,33,1.27576877099348,"No",718.131,11.173,4.064,"26B.6.4",713.88503974101,713.88503974101,714.806911427025,0.921871686015493,0.0017870787311306,1.06277906701367,0.00480905420256622,1.28020210189934,718.131,11.173,4.064,1
"1725","26B.6.4",32,33,1.36961466254423,"No",718.131,11.173,4.064,"26B.6.4",713.88503974101,713.88503974101,714.806911427025,0.921871686015493,0.00191853671991937,1.08180653145214,0.00489515310182203,1.37412736558751,718.131,11.173,4.064,1
"1726","26B.6.4",32,33,1.41960660963491,"No",718.131,11.173,4.064,"26B.6.4",713.88503974101,713.88503974101,714.806911427025,0.921871686015493,0.00198856472766249,1.09154590119572,0.00493922355677307,1.4241599399828,718.131,11.173,4.064,1
"1727","26B.6.4",32,33,1.32942410193491,"No",718.131,11.173,4.064,"26B.6.4",713.88503974101,713.88503974101,714.806911427025,0.921871686015493,0.00186223835481579,1.07378142513073,0.00485883965486125,1.33390332863961,718.131,11.173,4.064,1
"1728","26B.6.4",32,33,1.01088992631761,"Yes",718.131,11.173,4.064,"26B.6.4",713.88503974101,713.88503974101,714.806911427025,0.921871686015493,0.00141604021662137,1.00271143382172,0.00453724935355685,1.01507268802905,718.131,11.173,4.064,1
"1729","26B.6.4",32,33,22.3612847040589,"Yes",718.131,11.173,4.064,"26B.6.4",713.88503974101,713.88503974101,714.806911427025,0.921871686015493,0.0313233692530822,2.17457398311573,0.00983990415023799,22.3703558330881,718.131,11.173,4.064,1
"1730","26B.6.4",32,33,3.42733503621719,"No",718.131,11.173,4.064,"26B.6.4",713.88503974101,713.88503974101,714.806911427025,0.921871686015493,0.00480096212334214,1.36062717352951,0.00615681097800895,3.43301082593396,718.131,11.173,4.064,1
"1731","26B.6.4",32,33,2.31094582203575,"No",718.131,11.173,4.064,"26B.6.4",713.88503974101,713.88503974101,714.806911427025,0.921871686015493,0.00323714000628747,1.2329556099549,0.00557909968465245,2.31608903606849,718.131,11.173,4.064,1
"1732","26B.6.4",32,33,2.23108835617326,"No",718.131,11.173,4.064,"26B.6.4",713.88503974101,713.88503974101,714.806911427025,0.921871686015493,0.00312527680504787,1.22216317096168,0.00553026411222993,2.23618655007451,718.131,11.173,4.064,1
"1733","26B.6.4",32,33,1.3715995273082,"No",718.131,11.173,4.064,"26B.6.4",713.88503974101,713.88503974101,714.806911427025,0.921871686015493,0.00192131709022198,1.08219826092563,0.00489692566992128,1.37611386443183,718.131,11.173,4.064,1
"1734","26B.6.4",32,33,1.40562735218312,"No",718.131,11.173,4.064,"26B.6.4",713.88503974101,713.88503974101,714.806911427025,0.921871686015493,0.00196898278284844,1.08884873243508,0.00492701892161793,1.41016943142342,718.131,11.173,4.064,1
"1735","26B.6.4",32,33,24.7886888968818,"No",718.131,11.173,4.064,"26B.6.4",713.88503974101,713.88503974101,714.806911427025,0.921871686015493,0.0347236424871362,2.23132786644907,0.0100967143468511,24.79799677196,718.131,11.173,4.064,1
"1736","26B.6.4",32,33,1.0105606638131,"No",718.131,11.173,4.064,"26B.6.4",713.88503974101,713.88503974101,714.806911427025,0.921871686015493,0.0014155789903928,1.00262977418615,0.00453687984532528,1.01474308488536,718.131,11.173,4.064,1
"1737","26B.6.4",32,33,6.19607206726505,"No",718.131,11.173,4.064,"26B.6.4",713.88503974101,713.88503974101,714.806911427025,0.921871686015493,0.00867936953758397,1.57771703634048,0.007139138302181,6.20265343672838,718.131,11.173,4.064,1
"1738","26B.6.4",32,33,5.79924629902058,"No",718.131,11.173,4.064,"26B.6.4",713.88503974101,713.88503974101,714.806911427025,0.921871686015493,0.00812350165108445,1.55182551597331,0.00702197968596698,5.80571966327285,718.131,11.173,4.064,1
"1739","26B.6.4",32,33,1.71660492957081,"No",718.131,11.173,4.064,"26B.6.4",713.88503974101,713.88503974101,714.806911427025,0.921871686015493,0.00240459574582705,1.14463649558984,0.00517945744358189,1.72137972473697,718.131,11.173,4.064,1
"1740","26B.6.4",32,33,2.6160180492988,"No",718.131,11.173,4.064,"26B.6.4",713.88503974101,713.88503974101,714.806911427025,0.921871686015493,0.00366448083888669,1.27177470851987,0.00575475533584839,2.62132319530286,718.131,11.173,4.064,1
"1741","26B.6.4",32,33,1.99246157322563,"No",718.131,11.173,4.064,"26B.6.4",713.88503974101,713.88503974101,714.806911427025,0.921871686015493,0.00279101180485372,1.18808493375762,0.00537606076467744,1.99741761142688,718.131,11.173,4.064,1
"1742","26B.6.4",32,33,2.03704787178076,"No",718.131,11.173,4.064,"26B.6.4",713.88503974101,713.88503974101,714.806911427025,0.921871686015493,0.00285346765708913,1.19467646665008,0.005405887320301,2.04203140623913,718.131,11.173,4.064,1
"1743","26B.6.4",32,33,1.22468946644957,"No",718.131,11.173,4.064,"26B.6.4",713.88503974101,713.88503974101,714.806911427025,0.921871686015493,0.00171552756854783,1.05197760784577,0.00476017781403214,1.22907773959672,718.131,11.173,4.064,1
"1744","26B.6.4",32,33,1.40530447306111,"Yes",718.131,11.173,4.064,"26B.6.4",713.88503974101,713.88503974101,714.806911427025,0.921871686015493,0.0019685304983712,1.08878619864724,0.00492673595746807,1.40984629144478,718.131,11.173,4.064,1
"1745","26B.6.4",32,33,19.6011626104247,"Yes",718.131,11.173,4.064,"26B.6.4",713.88503974101,713.88503974101,714.806911427025,0.921871686015493,0.0274570295205175,2.10411977457368,0.00952110025374265,19.6099398431683,718.131,11.173,4.064,1
"1746","26B.7.4",32,33,3.32109201215181,"No",4784.066,38.553,12.132,"26B.7.4",1761.27591740626,1761.27591740626,1853.95951670913,92.6835993028674,0.00188561711389469,1.34995790710537,0.00370304623521023,3.66430366561603,4784.066,38.553,12.132,1
"1747","26B.7.4",32,33,2.98405900790383,"No",4784.066,38.553,12.132,"26B.7.4",1761.27591740626,1761.27591740626,1853.95951670913,92.6835993028674,0.00169425981381628,1.31432222463599,0.00360529460968708,3.31821068887686,4784.066,38.553,12.132,1
"1748","26B.7.4",32,33,15.4638839980187,"No",4784.066,38.553,12.132,"26B.7.4",1761.27591740626,1761.27591740626,1853.95951670913,92.6835993028674,0.00877993268697591,1.98303165007568,0.00543961989293517,15.9680475485354,4784.066,38.553,12.132,1
"1749","26B.7.4",32,33,9.22504537261792,"No",4784.066,38.553,12.132,"26B.7.4",1761.27591740626,1761.27591740626,1853.95951670913,92.6835993028674,0.00523770596159809,1.74277823574924,0.00478058489878073,9.66812718780985,4784.066,38.553,12.132,1
"1750","26B.7.4",32,33,1.68142633274782,"No",4784.066,38.553,12.132,"26B.7.4",1761.27591740626,1761.27591740626,1853.95951670913,92.6835993028674,0.000954663784436438,1.13872658823301,0.00312362125018534,1.97093479307392,4784.066,38.553,12.132,1
"1751","26B.7.4",32,33,0.58690966977487,"No",4784.066,38.553,12.132,"26B.7.4",1761.27591740626,1761.27591740626,1853.95951670913,92.6835993028674,0.000333229827294284,0.875271557903553,0.00240094230362426,0.809437644193285,4784.066,38.553,12.132,1
"1752","26B.7.4",32,33,1.3366605084296,"No",4784.066,38.553,12.132,"26B.7.4",1761.27591740626,1761.27591740626,1853.95951670913,92.6835993028674,0.000758916019471855,1.07523967086291,0.00294947138290795,1.61002813223831,4784.066,38.553,12.132,1
"1753","26B.7.4",32,33,6.22581555020819,"No",4784.066,38.553,12.132,"26B.7.4",1761.27591740626,1761.27591740626,1853.95951670913,92.6835993028674,0.00353483261122234,1.57960704666251,0.00433299282627086,6.62741292110047,4784.066,38.553,12.132,1
"1754","26B.7.4",32,33,7.56746839159854,"No",4784.066,38.553,12.132,"26B.7.4",1761.27591740626,1761.27591740626,1853.95951670913,92.6835993028674,0.00429658312863482,1.65858469654299,0.00454963505453317,7.98914494396717,4784.066,38.553,12.132,1
"1755","26B.7.4",32,33,6.41693970455169,"No",4784.066,38.553,12.132,"26B.7.4",1761.27591740626,1761.27591740626,1853.95951670913,92.6835993028674,0.00364334721274199,1.59159288724962,0.00436587097871421,6.82158434095085,4784.066,38.553,12.132,1
"1756","26B.7.4",32,33,5.77293641773788,"No",4784.066,38.553,12.132,"26B.7.4",1761.27591740626,1761.27591740626,1853.95951670913,92.6835993028674,0.0032777013304306,1.55006244245117,0.00425194953238759,6.1670224044537,4784.066,38.553,12.132,1
"1757","26B.7.4",32,33,4.27638102850507,"No",4784.066,38.553,12.132,"26B.7.4",1761.27591740626,1761.27591740626,1853.95951670913,92.6835993028674,0.00242800176067966,1.43803381519342,0.00394464573852921,4.64198499352668,4784.066,38.553,12.132,1
"1758","26B.7.4",32,33,2.26897174643488,"No",4784.066,38.553,12.132,"26B.7.4",1761.27591740626,1761.27591740626,1853.95951670913,92.6835993028674,0.00128825456818616,1.2273184756816,0.00336663612758259,2.5810037002823,4784.066,38.553,12.132,1
"1759","26B.7.4",32,33,2.88022418683313,"No",4784.066,38.553,12.132,"26B.7.4",1761.27591740626,1761.27591740626,1853.95951670913,92.6835993028674,0.0016353054955039,1.30273647574692,0.00357351394187519,3.21143032112509,4784.066,38.553,12.132,1
"1760","26B.7.4",32,33,1.57771663251327,"No",4784.066,38.553,12.132,"26B.7.4",1761.27591740626,1761.27591740626,1853.95951670913,92.6835993028674,0.000895780506007651,1.12074613797655,0.0030742993874227,1.8626537650742,4784.066,38.553,12.132,1
"1761","26B.7.4",32,33,2.30474185506735,"No",4784.066,38.553,12.132,"26B.7.4",1761.27591740626,1761.27591740626,1853.95951670913,92.6835993028674,0.00130856377032704,1.23212727718467,0.00337982706798755,2.61799639274969,4784.066,38.553,12.132,1
"1762","26B.7.4",32,33,2.81746133940352,"No",4784.066,38.553,12.132,"26B.7.4",1761.27591740626,1761.27591740626,1853.95951670913,92.6835993028674,0.00159967062034928,1.29558076436363,0.00355388523348461,3.14684821435218,4784.066,38.553,12.132,1
"1763","26B.7.4",32,33,2.53631063404805,"No",4784.066,38.553,12.132,"26B.7.4",1761.27591740626,1761.27591740626,1853.95951670913,92.6835993028674,0.00144004162492788,1.26197459063171,0.00346170071835061,2.8571535163341,4784.066,38.553,12.132,1
"1764","26B.7.4",32,33,2.56102790285341,"No",4784.066,38.553,12.132,"26B.7.4",1761.27591740626,1761.27591740626,1853.95951670913,92.6835993028674,0.0014540753538633,1.26503801816537,0.00347010395354457,2.88264962722303,4784.066,38.553,12.132,1
"1765","26B.7.4",32,33,1.77240840352642,"No",4784.066,38.553,12.132,"26B.7.4",1761.27591740626,1761.27591740626,1853.95951670913,92.6835993028674,0.00100632069399811,1.15382767142554,0.0031650447708517,2.06575614484368,4784.066,38.553,12.132,1
"1766","26B.7.4",32,33,38.6459295724465,"No",4784.066,38.553,12.132,"26B.7.4",1761.27591740626,1761.27591740626,1853.95951670913,92.6835993028674,0.0219420076039865,2.49330805177321,0.0068393502832511,39.2798251735913,4784.066,38.553,12.132,1
"1767","26B.7.4",32,33,5.25569967151242,"No",4784.066,38.553,12.132,"26B.7.4",1761.27591740626,1761.27591740626,1853.95951670913,92.6835993028674,0.00298402971367043,1.51411072262836,0.00415333099025493,5.64064533678539,4784.066,38.553,12.132,1
"1768","26B.7.4",32,33,2.77436742794129,"No",4784.066,38.553,12.132,"26B.7.4",1761.27591740626,1761.27591740626,1853.95951670913,92.6835993028674,0.00157520318112733,1.29059801933045,0.00354021715158441,3.10248749586388,4784.066,38.553,12.132,1
"1769","26B.7.4",32,33,2.48621923086594,"No",4784.066,38.553,12.132,"26B.7.4",1761.27591740626,1761.27591740626,1853.95951670913,92.6835993028674,0.0014116012183527,1.25569699616146,0.00344448075730819,2.80546610518273,4784.066,38.553,12.132,1
"1770","26B.7.4",32,33,2.64245895790133,"No",4784.066,38.553,12.132,"26B.7.4",1761.27591740626,1761.27591740626,1853.95951670913,92.6835993028674,0.00150030948120425,1.27497615538286,0.00349736508621733,2.96660734216814,4784.066,38.553,12.132,1
"1771","26B.7.4",32,33,16.3785919194838,"No",4784.066,38.553,12.132,"26B.7.4",1761.27591740626,1761.27591740626,1853.95951670913,92.6835993028674,0.00929927659693645,2.01172744395894,0.00551833482985763,16.8900510536734,4784.066,38.553,12.132,1
"1772","26B.7.4",32,33,10.2288405872825,"No",4784.066,38.553,12.132,"26B.7.4",1761.27591740626,1761.27591740626,1853.95951670913,92.6835993028674,0.00580763098285361,1.78836681540732,0.0049056381447989,10.6835127874199,4784.066,38.553,12.132,1
"1773","26B.7.4",32,33,4.49629949893396,"No",4784.066,38.553,12.132,"26B.7.4",1761.27591740626,1761.27591740626,1853.95951670913,92.6835993028674,0.00255286491713089,1.45617579560532,0.00399441069187328,4.86651585895063,4784.066,38.553,12.132,1
"1774","26B.7.4",32,33,18.2450495602147,"No",4784.066,38.553,12.132,"26B.7.4",1761.27591740626,1761.27591740626,1853.95951670913,92.6835993028674,0.0103589956462263,2.06674198394718,0.0056692442649689,18.7704955240191,4784.066,38.553,12.132,1
"1775","26B.7.4",32,33,2.52321961210398,"No",4784.066,38.553,12.132,"26B.7.4",1761.27591740626,1761.27591740626,1853.95951670913,92.6835993028674,0.00143260893263095,1.26034302689188,0.00345722520401606,2.84364768761278,4784.066,38.553,12.132,1
"1776","26B.7.4",32,33,2.30884452276717,"No",4784.066,38.553,12.132,"26B.7.4",1761.27591740626,1761.27591740626,1853.95951670913,92.6835993028674,0.00131089314283436,1.23267523853938,0.00338133017132203,2.62223837347668,4784.066,38.553,12.132,1
"1777","26B.7.4",32,33,1.76129962684129,"No",4784.066,38.553,12.132,"26B.7.4",1761.27591740626,1761.27591740626,1853.95951670913,92.6835993028674,0.00100001346151094,1.15201546910105,0.00316007374993331,2.05418663604762,4784.066,38.553,12.132,1
"1778","26B.7.4",32,33,15.6744893992861,"No",4784.066,38.553,12.132,"26B.7.4",1761.27591740626,1761.27591740626,1853.95951670913,92.6835993028674,0.00889950816018033,1.98974925432388,0.00545804683720506,16.1803608253219,4784.066,38.553,12.132,1
"1779","26B.7.4",32,33,10.9817483229642,"No",4784.066,38.553,12.132,"26B.7.4",1761.27591740626,1761.27591740626,1853.95951670913,92.6835993028674,0.00623510956712364,1.8204043793057,0.00499351983337214,11.4445657143114,4784.066,38.553,12.132,1
"1780","26B.7.4",32,33,2.15563763607658,"No",4784.066,38.553,12.132,"26B.7.4",1761.27591740626,1761.27591740626,1853.95951670913,92.6835993028674,0.00122390683638659,1.21169673979799,0.00332378441350561,2.46369793882705,4784.066,38.553,12.132,1
"1781","26B.7.4",32,33,13.3770290486863,"No",4784.066,38.553,12.132,"26B.7.4",1761.27591740626,1761.27591740626,1853.95951670913,92.6835993028674,0.0075950786111843,1.91244924243423,0.00524600650875996,13.8632478138844,4784.066,38.553,12.132,1
"1782","26B.7.4",32,33,11.3543922169016,"No",4784.066,38.553,12.132,"26B.7.4",1761.27591740626,1761.27591740626,1853.95951670913,92.6835993028674,0.00644668566956994,1.83565462568917,0.00503535252101308,11.8210868123078,4784.066,38.553,12.132,1
"1783","26B.7.4",32,33,10.5691309827524,"No",4784.066,38.553,12.132,"26B.7.4",1761.27591740626,1761.27591740626,1853.95951670913,92.6835993028674,0.00600083773263476,1.80305851018039,0.00494593867915773,11.027538381468,4784.066,38.553,12.132,1
"1784","26B.7.4",32,33,4.00690424487186,"No",4784.066,38.553,12.132,"26B.7.4",1761.27591740626,1761.27591740626,1853.95951670913,92.6835993028674,0.00227500087026263,1.4148234225649,0.00388097771111264,4.36660722795198,4784.066,38.553,12.132,1
"1785","26B.7.4",32,33,1.0917065476696,"Yes",4784.066,38.553,12.132,"26B.7.4",1761.27591740626,1761.27591740626,1853.95951670913,92.6835993028674,0.000619838457382248,1.02217788048556,0.00280391850155056,1.35158380654521,4784.066,38.553,12.132,1
"1786","26B.7.4",32,33,8.63902228193801,"Yes",4784.066,38.553,12.132,"26B.7.4",1761.27591740626,1761.27591740626,1853.95951670913,92.6835993028674,0.004904979507504,1.71441575279007,0.00470278426130131,9.07489325402029,4784.066,38.553,12.132,1
"1787","26B.7.4",32,33,2.69471887832721,"No",4784.066,38.553,12.132,"26B.7.4",1761.27591740626,1761.27591740626,1853.95951670913,92.6835993028674,0.0015299811072734,1.28123373815555,0.00351453015351755,3.02045818281367,4784.066,38.553,12.132,1
"1788","26B.7.4",32,33,8.91058575568205,"No",4784.066,38.553,12.132,"26B.7.4",1761.27591740626,1761.27591740626,1853.95951670913,92.6835993028674,0.00505916515840642,1.7277327419123,0.00473931386431625,9.34984242285287,4784.066,38.553,12.132,1
"1789","26B.7.4",32,33,5.38321206332444,"No",4784.066,38.553,12.132,"26B.7.4",1761.27591740626,1761.27591740626,1853.95951670913,92.6835993028674,0.00305642745132859,1.52321206896701,0.00417829673631063,5.77047164380113,4784.066,38.553,12.132,1
"1790","26B.7.4",32,33,7.87532732490038,"No",4784.066,38.553,12.132,"26B.7.4",1761.27591740626,1761.27591740626,1853.95951670913,92.6835993028674,0.00447137626028406,1.6752018864346,0.00459521738131834,8.30122861138006,4784.066,38.553,12.132,1
"1791","26B.7.4",32,33,8.19292273417041,"No",4784.066,38.553,12.132,"26B.7.4",1761.27591740626,1761.27591740626,1853.95951670913,92.6835993028674,0.00465169747295228,1.69184165975619,0.00464086165632053,8.62305449634486,4784.066,38.553,12.132,1
"1792","26B.7.4",32,33,6.94767836159618,"No",4784.066,38.553,12.132,"26B.7.4",1761.27591740626,1761.27591740626,1853.95951670913,92.6835993028674,0.00394468481226251,1.62352853522598,0.00445347310348078,7.36044227822529,4784.066,38.553,12.132,1
"1793","26B.7.4",32,33,3.73541177696299,"No",4784.066,38.553,12.132,"26B.7.4",1761.27591740626,1761.27591740626,1853.95951670913,92.6835993028674,0.00212085553435826,1.39022348552601,0.00381349804840701,4.08886050202381,4784.066,38.553,12.132,1
"1794","26B.7.4",32,33,2.34541492644466,"No",4784.066,38.553,12.132,"26B.7.4",1761.27591740626,1761.27591740626,1853.95951670913,92.6835993028674,0.00133165672866216,1.23752767864222,0.00339464081601683,2.66004245561352,4784.066,38.553,12.132,1
"1795","26B.7.4",32,33,5.28843030560807,"No",4784.066,38.553,12.132,"26B.7.4",1761.27591740626,1761.27591740626,1853.95951670913,92.6835993028674,0.00300261319271092,1.51646257348185,0.00415978231173906,5.67397390257644,4784.066,38.553,12.132,1
"1796","26B.7.4",32,33,5.55688572839431,"No",4784.066,38.553,12.132,"26B.7.4",1761.27591740626,1761.27591740626,1853.95951670913,92.6835993028674,0.00315503418486392,1.53535167285456,0.00421159667420953,5.94723166697203,4784.066,38.553,12.132,1
"1797","26B.7.4",32,33,2.22695748379188,"No",4784.066,38.553,12.132,"26B.7.4",1761.27591740626,1761.27591740626,1853.95951670913,92.6835993028674,0.00126440012140256,1.22159706729508,0.0033509418309869,2.53753483374229,4784.066,38.553,12.132,1
"1798","26B.7.4",32,33,3.88447556173736,"No",4784.066,38.553,12.132,"26B.7.4",1761.27591740626,1761.27591740626,1853.95951670913,92.6835993028674,0.00220548951095512,1.40389005767883,0.00385098658659947,4.24139885945046,4784.066,38.553,12.132,1
"1799","26B.7.4",32,33,4.58170463130535,"No",4784.066,38.553,12.132,"26B.7.4",1761.27591740626,1761.27591740626,1853.95951670913,92.6835993028674,0.002601355407194,1.463041926878,0.00401324505806049,4.95366662817084,4784.066,38.553,12.132,1
"1800","26B.7.4",32,33,4.18967030138887,"No",4784.066,38.553,12.132,"26B.7.4",1761.27591740626,1761.27591740626,1853.95951670913,92.6835993028674,0.00237876999281224,1.43068809085201,0.00392449580887276,4.55340669840421,4784.066,38.553,12.132,1
"1801","26B.7.4",32,33,2.25487595504159,"No",4784.066,38.553,12.132,"26B.7.4",1761.27591740626,1761.27591740626,1853.95951670913,92.6835993028674,0.00128025139772662,1.2254078662824,0.00336139516791605,2.56642215788332,4784.066,38.553,12.132,1
"1802","26B.7.4",32,33,2.07944300010756,"No",4784.066,38.553,12.132,"26B.7.4",1761.27591740626,1761.27591740626,1853.95951670913,92.6835993028674,0.00118064579181316,1.20084444966345,0.00329401568374404,2.38474422983705,4784.066,38.553,12.132,1
"1803","26B.7.4",32,33,39.7505029001328,"No",4784.066,38.553,12.132,"26B.7.4",1761.27591740626,1761.27591740626,1853.95951670913,92.6835993028674,0.0225691514357792,2.51093607822021,0.00688770541834469,40.3888802292428,4784.066,38.553,12.132,1
"1804","26B.7.4",32,33,19.6772633010054,"No",4784.066,38.553,12.132,"26B.7.4",1761.27591740626,1761.27591740626,1853.95951670913,92.6835993028674,0.011172163944638,2.10615909703943,0.00577736866756757,20.2127306236152,4784.066,38.553,12.132,1
"1805","26B.7.4",32,33,2.667881137752,"No",4784.066,38.553,12.132,"26B.7.4",1761.27591740626,1761.27591740626,1853.95951670913,92.6835993028674,0.0015147434376329,1.27803167951162,0.00350574664171773,2.99280635475033,4784.066,38.553,12.132,1
"1806","26B.7.4",32,33,2.34293006119653,"No",4784.066,38.553,12.132,"26B.7.4",1761.27591740626,1761.27591740626,1853.95951670913,92.6835993028674,0.00133024589619487,1.23719977163048,0.00339374133995249,2.65747422368626,4784.066,38.553,12.132,1
"1807","26B.7.4",32,33,9.41741375797586,"No",4784.066,38.553,12.132,"26B.7.4",1761.27591740626,1761.27591740626,1853.95951670913,92.6835993028674,0.00534692700042388,1.75179350955803,0.00480531454076535,9.8627876053964,4784.066,38.553,12.132,1
"1808","26B.7.4",32,33,5.44784494657902,"No",4784.066,38.553,12.132,"26B.7.4",1761.27591740626,1761.27591740626,1853.95951670913,92.6835993028674,0.00309312407711892,1.52776369200794,0.00419078221491488,5.83626172615177,4784.066,38.553,12.132,1
"1809","26B.7.4",32,33,2.22777826150183,"No",4784.066,38.553,12.132,"26B.7.4",1761.27591740626,1761.27591740626,1853.95951670913,92.6835993028674,0.00126486613453647,1.22170961110217,0.00335125054796167,2.53838422445263,4784.066,38.553,12.132,1
"1810","26B.7.4",32,33,3.54781967906543,"No",4784.066,38.553,12.132,"26B.7.4",1761.27591740626,1761.27591740626,1853.95951670913,92.6835993028674,0.00201434632927368,1.37243057462827,0.00376469062162244,3.89674475613915,4784.066,38.553,12.132,1
"1811","26B.7.4",32,33,3.124082631879,"No",4784.066,38.553,12.132,"26B.7.4",1761.27591740626,1761.27591740626,1853.95951670913,92.6835993028674,0.00177376105640488,1.32947638679048,0.00364686373033787,3.4620870885738,4784.066,38.553,12.132,1
"1812","26B.7.4",32,33,2.08005091395544,"No",4784.066,38.553,12.132,"26B.7.4",1761.27591740626,1761.27591740626,1853.95951670913,92.6835993028674,0.00118099094718709,1.2009322051289,0.00329425640424666,2.38537445452754,4784.066,38.553,12.132,1
"1813","26B.7.4",32,33,13.3938337824223,"No",4784.066,38.553,12.132,"26B.7.4",1761.27591740626,1761.27591740626,1853.95951670913,92.6835993028674,0.00760461983841049,1.91304958260148,0.0052476532915111,13.8802051773731,4784.066,38.553,12.132,1
"1814","26B.7.4",32,33,5.07355385050764,"No",4784.066,38.553,12.132,"26B.7.4",1761.27591740626,1761.27591740626,1853.95951670913,92.6835993028674,0.00288061274236873,1.5008181341544,0.00411686832023711,5.45512002428317,4784.066,38.553,12.132,1
"1815","26B.7.4",32,33,1.77227633454377,"No",4784.066,38.553,12.132,"26B.7.4",1761.27591740626,1761.27591740626,1853.95951670913,92.6835993028674,0.00100624570916391,1.15380617678799,0.00316498580928241,2.06561861109056,4784.066,38.553,12.132,1
"1816","26B.7.4",32,33,1.99251338131814,"No",4784.066,38.553,12.132,"26B.7.4",1761.27591740626,1761.27591740626,1853.95951670913,92.6835993028674,0.00113128974377417,1.18809265684433,0.0032590364609531,2.29457261077855,4784.066,38.553,12.132,1
"1817","26B.7.4",32,33,5.91074213240604,"No",4784.066,38.553,12.132,"26B.7.4",1761.27591740626,1761.27591740626,1853.95951670913,92.6835993028674,0.00335594331018304,1.55923115274082,0.00427710006333459,6.30715916085441,4784.066,38.553,12.132,1
"1818","26B.7.4",32,33,2.65732554917964,"No",4784.066,38.553,12.132,"26B.7.4",1761.27591740626,1761.27591740626,1853.95951670913,92.6835993028674,0.00150875028887748,1.27676565247177,0.00350227382479585,2.98192889300594,4784.066,38.553,12.132,1
"1819","26B.7.4",32,33,1.52683537577255,"No",4784.066,38.553,12.132,"26B.7.4",1761.27591740626,1761.27591740626,1853.95951670913,92.6835993028674,0.000866891644110505,1.11159875944273,0.00304920737124694,1.80944688996055,4784.066,38.553,12.132,1
"1820","26B.7.4",32,33,11.2658280773372,"No",4784.066,38.553,12.132,"26B.7.4",1761.27591740626,1761.27591740626,1853.95951670913,92.6835993028674,0.00639640158932496,1.83206458602558,0.00502550474517461,11.7316099454336,4784.066,38.553,12.132,1
"1821","26B.7.4",32,33,1.0413254897343,"Yes",4784.066,38.553,12.132,"26B.7.4",1761.27591740626,1761.27591740626,1853.95951670913,92.6835993028674,0.000591233593466608,1.0101750197823,0.00277099366152036,1.29815115592944,4784.066,38.553,12.132,1
"1822","26B.7.4",32,33,10.8473200644846,"Yes",4784.066,38.553,12.132,"26B.7.4",1761.27591740626,1761.27591740626,1853.95951670913,92.6835993028674,0.00615878520638544,1.8148077018377,0.00497816768400625,11.3087145633715,4784.066,38.553,12.132,1
"1823","26B.7.4",32,33,11.9981229411398,"No",4784.066,38.553,12.132,"26B.7.4",1761.27591740626,1761.27591740626,1853.95951670913,92.6835993028674,0.00681217679897018,1.86113693059714,0.00510525259179103,12.4712961266973,4784.066,38.553,12.132,1
"1824","26B.7.4",32,33,4.49904658165015,"No",4784.066,38.553,12.132,"26B.7.4",1761.27591740626,1761.27591740626,1853.95951670913,92.6835993028674,0.00255442462886546,1.45639816286453,0.00399502066366403,4.86931947604787,4784.066,38.553,12.132,1
"1825","26B.7.4",32,33,3.4913249563369,"No",4784.066,38.553,12.132,"26B.7.4",1761.27591740626,1761.27591740626,1853.95951670913,92.6835993028674,0.00198227030860582,1.3669340701035,0.00374961325492816,3.83885260879738,4784.066,38.553,12.132,1
"1826","26B.7.4",32,33,1.3445064548783,"No",4784.066,38.553,12.132,"26B.7.4",1761.27591740626,1761.27591740626,1853.95951670913,92.6835993028674,0.000763370714145847,1.07681407333837,0.00295379009916479,1.61827435285406,4784.066,38.553,12.132,1
"1827","26B.7.4",32,33,6.91322854139516,"No",4784.066,38.553,12.132,"26B.7.4",1761.27591740626,1761.27591740626,1853.95951670913,92.6835993028674,0.00392512523056348,1.62151222980885,0.00444794221089173,7.32547983499176,4784.066,38.553,12.132,1
"1828","26B.7.4",32,33,8.99895681171953,"No",4784.066,38.553,12.132,"26B.7.4",1761.27591740626,1761.27591740626,1853.95951670913,92.6835993028674,0.00510933961157649,1.7320006149676,0.00475102099323233,9.43929853773579,4784.066,38.553,12.132,1
"1829","26B.7.4",32,33,3.7063571774424,"No",4784.066,38.553,12.132,"26B.7.4",1761.27591740626,1761.27591740626,1853.95951670913,92.6835993028674,0.00210435919824565,1.38751222213211,0.00380606082858662,4.05911659420146,4784.066,38.553,12.132,1
"1830","26B.7.4",32,33,6.05923770365316,"No",4784.066,38.553,12.132,"26B.7.4",1761.27591740626,1761.27591740626,1853.95951670913,92.6835993028674,0.0034402546720654,1.56893336037167,0.00430371402163031,6.45812140954808,4784.066,38.553,12.132,1
"1831","26B.7.4",32,33,6.27002741571677,"No",4784.066,38.553,12.132,"26B.7.4",1761.27591740626,1761.27591740626,1853.95951670913,92.6835993028674,0.00355993479144955,1.5824039558517,0.00434066497959412,6.67233586939347,4784.066,38.553,12.132,1
"1832","26B.7.4",32,33,5.72286152474406,"No",4784.066,38.553,12.132,"26B.7.4",1761.27591740626,1761.27591740626,1853.95951670913,92.6835993028674,0.00324927029784852,1.54669011299001,0.00424269895364783,6.11609013452665,4784.066,38.553,12.132,1
"1833","26B.7.4",32,33,5.27623343759862,"No",4784.066,38.553,12.132,"26B.7.4",1761.27591740626,1761.27591740626,1853.95951670913,92.6835993028674,0.0029956881743825,1.51558745028247,0.00415738177639513,5.66155454431107,4784.066,38.553,12.132,1
"1834","26B.7.4",32,33,3.47710578950503,"No",4784.066,38.553,12.132,"26B.7.4",1761.27591740626,1761.27591740626,1853.95951670913,92.6835993028674,0.00197419708924743,1.36554015665061,0.00374578963499398,3.82427905510764,4784.066,38.553,12.132,1
"1835","26B.7.4",32,33,3.38504432260199,"No",4784.066,38.553,12.132,"26B.7.4",1761.27591740626,1761.27591740626,1853.95951670913,92.6835993028674,0.00192192733071998,1.35641033412116,0.00372074577639078,3.72989643324883,4784.066,38.553,12.132,1
"1836","26B.7.4",32,33,3.05919591719796,"No",4784.066,38.553,12.132,"26B.7.4",1761.27591740626,1761.27591740626,1853.95951670913,92.6835993028674,0.00173692031269188,1.32251870367938,0.00362777822988283,3.39543146101608,4784.066,38.553,12.132,1
"1837","26B.7.4",32,33,2.6430166433706,"No",4784.066,38.553,12.132,"26B.7.4",1761.27591740626,1761.27591740626,1853.95951670913,92.6835993028674,0.00150062611840105,1.27504342032626,0.00349754959952261,2.96718212899466,4784.066,38.553,12.132,1
"1838","26B.7.4",32,33,1.49474791715499,"No",4784.066,38.553,12.132,"26B.7.4",1761.27591740626,1761.27591740626,1853.95951670913,92.6835993028674,0.000848673340947185,1.1057119142782,0.00303305926788086,1.77586276700111,4784.066,38.553,12.132,1
"1839","26B.7.4",32,33,1.40480331070721,"Yes",4784.066,38.553,12.132,"26B.7.4",1761.27591740626,1761.27591740626,1853.95951670913,92.6835993028674,0.000797605472727972,1.08868911441167,0.00298636431937416,1.68159030465647,4784.066,38.553,12.132,1
"1840","26B.7.4",32,33,42.2087288355654,"Yes",4784.066,38.553,12.132,"26B.7.4",1761.27591740626,1761.27591740626,1853.95951670913,92.6835993028674,0.0239648588948653,2.54888691773017,0.00699180771118712,42.8567547398718,4784.066,38.553,12.132,1
"1841","26B.7.4",32,33,4.78849141910286,"No",4784.066,38.553,12.132,"26B.7.4",1761.27591740626,1761.27591740626,1853.95951670913,92.6835993028674,0.00271876278542128,1.47927759111703,0.00405778082841306,5.16458115146235,4784.066,38.553,12.132,1
"1842","26B.7.4",32,33,1.4436128615099,"Yes",4784.066,38.553,12.132,"26B.7.4",1761.27591740626,1761.27591740626,1853.95951670913,92.6835993028674,0.000819640379592446,1.09613156871537,0.00300677958732066,1.72229201597317,4784.066,38.553,12.132,1
"1843","26B.7.4",32,33,2.24300760037452,"Yes",4784.066,38.553,12.132,"26B.7.4",1761.27591740626,1761.27591740626,1853.95951670913,92.6835993028674,0.00127351289948805,1.22379221538196,0.00335696330381658,2.55414304209988,4784.066,38.553,12.132,1
"1844","26B.7.4",32,33,20.8082855149473,"No",4784.066,38.553,12.132,"26B.7.4",1761.27591740626,1761.27591740626,1853.95951670913,92.6835993028674,0.0118143246661719,2.13579258581473,0.00585865577916413,21.3512868196368,4784.066,38.553,12.132,1
"1845","26B.7.4",32,33,13.3057616390665,"No",4784.066,38.553,12.132,"26B.7.4",1761.27591740626,1761.27591740626,1853.95951670913,92.6835993028674,0.00755461509895689,1.90989694831555,0.00523900535481465,13.7913315121177,4784.066,38.553,12.132,1
"1846","26B.7.4",32,33,13.6332005964024,"No",4784.066,38.553,12.132,"26B.7.4",1761.27591740626,1761.27591740626,1853.95951670913,92.6835993028674,0.00774052518499164,1.92154011847433,0.00527094353392043,14.1217306148483,4784.066,38.553,12.132,1
"1847","26B.7.4",32,33,8.38157347388535,"No",4784.066,38.553,12.132,"26B.7.4",1761.27591740626,1761.27591740626,1853.95951670913,92.6835993028674,0.00475880774332534,1.70149778907791,0.00466734921800173,8.81416019861317,4784.066,38.553,12.132,1
"1848","26B.7.4",32,33,10.3946616758336,"No",4784.066,38.553,12.132,"26B.7.4",1761.27591740626,1761.27591740626,1853.95951670913,92.6835993028674,0.00590177925735863,1.79557102924241,0.00492539989942789,10.8511654665185,4784.066,38.553,12.132,1
"1849","26B.7.4",32,33,12.0738301955064,"No",4784.066,38.553,12.132,"26B.7.4",1761.27591740626,1761.27591740626,1853.95951670913,92.6835993028674,0.00685516112278813,1.86406591759858,0.00511328704548146,12.5477480431503,4784.066,38.553,12.132,1
"1850","26B.7.4",32,33,11.0575357753107,"No",4784.066,38.553,12.132,"26B.7.4",1761.27591740626,1761.27591740626,1853.95951670913,92.6835993028674,0.0062781394249656,1.82353703615228,0.00500211297029951,11.5211496095176,4784.066,38.553,12.132,1
"1851","26B.7.4",32,33,8.34295547530499,"No",4784.066,38.553,12.132,"26B.7.4",1761.27591740626,1761.27591740626,1853.95951670913,92.6835993028674,0.00473688159410663,1.69953448597372,0.00466196371514251,8.77504305224376,4784.066,38.553,12.132,1
"1852","26B.7.4",32,33,5.59495966357448,"No",4784.066,38.553,12.132,"26B.7.4",1761.27591740626,1761.27591740626,1853.95951670913,92.6835993028674,0.00317665143109087,1.53797487237435,0.00421879232753682,5.98597252120191,4784.066,38.553,12.132,1
"1853","26B.7.4",32,33,6.26755304341668,"No",4784.066,38.553,12.132,"26B.7.4",1761.27591740626,1761.27591740626,1853.95951670913,92.6835993028674,0.00355852991656559,1.58224781474455,0.00434023667161801,6.66982179996853,4784.066,38.553,12.132,1
"1854","26B.7.4",32,33,5.60230059460892,"No",4784.066,38.553,12.132,"26B.7.4",1761.27591740626,1761.27591740626,1853.95951670913,92.6835993028674,0.00318081939305633,1.53847910374394,0.0042201754759039,5.99344164740538,4784.066,38.553,12.132,1
"1855","26B.7.4",32,33,4.00836308725108,"No",4784.066,38.553,12.132,"26B.7.4",1761.27591740626,1761.27591740626,1853.95951670913,92.6835993028674,0.00227582915750872,1.41495218298076,0.00388133091158704,4.36809880622245,4784.066,38.553,12.132,1
"1856","26B.7.4",32,33,3.65450922533407,"No",4784.066,38.553,12.132,"26B.7.4",1761.27591740626,1761.27591740626,1853.95951670913,92.6835993028674,0.00207492147551525,1.3826341061194,0.00379267975274662,4.00602843582173,4784.066,38.553,12.132,1
"1857","26B.7.4",32,33,3.21097534291314,"No",4784.066,38.553,12.132,"26B.7.4",1761.27591740626,1761.27591740626,1853.95951670913,92.6835993028674,0.00182309614931985,1.33862595885041,0.00367196176353726,3.55130597566027,4784.066,38.553,12.132,1
"1858","26B.7.4",32,33,2.22939474495272,"No",4784.066,38.553,12.132,"26B.7.4",1761.27591740626,1761.27591740626,1853.95951670913,92.6835993028674,0.00126578392568714,1.22193116998261,0.00335185830230257,2.54005703676332,4784.066,38.553,12.132,1
"1859","26B.7.4",32,33,2.26130711961196,"No",4784.066,38.553,12.132,"26B.7.4",1761.27591740626,1761.27591740626,1853.95951670913,92.6835993028674,0.00128390282139443,1.22628068422815,0.00336378937975852,2.57307522662474,4784.066,38.553,12.132,1
"1860","26B.7.4",32,33,38.2932373385949,"No",4784.066,38.553,12.132,"26B.7.4",1761.27591740626,1761.27591740626,1853.95951670913,92.6835993028674,0.0217417594598054,2.48759984378612,0.00682369219644325,38.9256816918962,4784.066,38.553,12.132,1
"1861","26B.7.4",32,33,3.29893829727874,"No",4784.066,38.553,12.132,"26B.7.4",1761.27591740626,1761.27591740626,1853.95951670913,92.6835993028674,0.0018730388945174,1.34770099239193,0.0036968553314133,3.64157615549612,4784.066,38.553,12.132,1
"1862","26B.7.4",32,33,8.56594116799295,"No",4784.066,38.553,12.132,"26B.7.4",1761.27591740626,1761.27591740626,1853.95951670913,92.6835993028674,0.00486348622798839,1.71077845329537,0.00469280684783584,9.00088739748352,4784.066,38.553,12.132,1
"1863","26B.7.4",32,33,8.93325474657303,"No",4784.066,38.553,12.132,"26B.7.4",1761.27591740626,1761.27591740626,1853.95951670913,92.6835993028674,0.00507203593615734,1.72883055548855,0.00474232525778938,9.37279052052985,4784.066,38.553,12.132,1
"1864","26B.7.4",32,33,4.94329666892069,"No",4784.066,38.553,12.132,"26B.7.4",1761.27591740626,1761.27591740626,1853.95951670913,92.6835993028674,0.00280665659483974,1.49109106835793,0.00409018617393636,5.32238984533994,4784.066,38.553,12.132,1
"1865","26B.7.4",32,33,2.30475051312541,"No",4784.066,38.553,12.132,"26B.7.4",1761.27591740626,1761.27591740626,1853.95951670913,92.6835993028674,0.00130856868611449,1.23212843434404,0.00337983024217142,2.61800534500254,4784.066,38.553,12.132,1
"1866","26B.7.4",32,33,16.7903237039484,"No",4784.066,38.553,12.132,"26B.7.4",1761.27591740626,1761.27591740626,1853.95951670913,92.6835993028674,0.00953304563925146,2.02425288665105,0.0055526931555219,17.3049672914265,4784.066,38.553,12.132,1
"1867","26B.7.4",32,33,13.6424885399494,"No",4784.066,38.553,12.132,"26B.7.4",1761.27591740626,1761.27591740626,1853.95951670913,92.6835993028674,0.00774579860266298,1.92186730867222,0.00527184104370509,14.1311017428325,4784.066,38.553,12.132,1
"1868","26B.7.4",32,33,2.79573367689272,"No",4784.066,38.553,12.132,"26B.7.4",1761.27591740626,1761.27591740626,1853.95951670913,92.6835993028674,0.0015873343008118,1.29307569741189,0.0035470136275658,3.12448366667184,4784.066,38.553,12.132,1
"1869","26B.7.4",32,33,2.65892922945939,"No",4784.066,38.553,12.132,"26B.7.4",1761.27591740626,1761.27591740626,1853.95951670913,92.6835993028674,0.00150966081076896,1.2769582390262,0.00350280210564934,2.98358153625663,4784.066,38.553,12.132,1
"1870","26B.7.4",32,33,12.0249338158411,"No",4784.066,38.553,12.132,"26B.7.4",1761.27591740626,1761.27591740626,1853.95951670913,92.6835993028674,0.00682739921496774,1.86217577954974,0.00510810224042277,12.4983711170905,4784.066,38.553,12.132,1
"1871","26B.7.4",32,33,9.5857849759535,"No",4784.066,38.553,12.132,"26B.7.4",1761.27591740626,1761.27591740626,1853.95951670913,92.6835993028674,0.00544252316245259,1.759571506793,0.00482665023073527,10.0331362919141,4784.066,38.553,12.132,1
"1872","26B.7.4",32,33,8.74491373241077,"No",4784.066,38.553,12.132,"26B.7.4",1761.27591740626,1761.27591740626,1853.95951670913,92.6835993028674,0.0049651015187268,1.71964532111602,0.00471712939991583,9.18211426357234,4784.066,38.553,12.132,1
"1873","26B.7.4",32,33,8.14710566549995,"No",4784.066,38.553,12.132,"26B.7.4",1761.27591740626,1761.27591740626,1853.95951670913,92.6835993028674,0.00462568390618647,1.68947137268793,0.00463435976277385,8.57663480877821,4784.066,38.553,12.132,1
"1874","26B.7.4",32,33,7.42334603426991,"No",4784.066,38.553,12.132,"26B.7.4",1761.27591740626,1761.27591740626,1853.95951670913,92.6835993028674,0.00421475474734355,1.65063073067894,0.004527816668054,7.84300038004867,4784.066,38.553,12.132,1
"1875","26B.7.4",32,33,6.21221083638771,"No",4784.066,38.553,12.132,"26B.7.4",1761.27591740626,1761.27591740626,1853.95951670913,92.6835993028674,0.00352710825998014,1.57874339537577,0.00433062375933249,6.61358863362916,4784.066,38.553,12.132,1
"1876","26B.7.4",32,33,3.53844669419614,"No",4784.066,38.553,12.132,"26B.7.4",1761.27591740626,1761.27591740626,1853.95951670913,92.6835993028674,0.00200902462767278,1.37152321911489,0.00376220167037432,3.88714108630969,4784.066,38.553,12.132,1
"1877","26B.7.4",32,33,2.43851646476708,"No",4784.066,38.553,12.132,"26B.7.4",1761.27591740626,1761.27591740626,1853.95951670913,92.6835993028674,0.00138451700875929,1.24962994319217,0.00342783832902321,2.75622085892928,4784.066,38.553,12.132,1
"1878","26B.7.4",32,33,2.22208041440895,"No",4784.066,38.553,12.132,"26B.7.4",1761.27591740626,1761.27591740626,1853.95951670913,92.6835993028674,0.00126163106668789,1.22092768846255,0.00334910566946462,2.53248758230057,4784.066,38.553,12.132,1
"1879","26B.7.4",32,33,1.30094034866197,"Yes",4784.066,38.553,12.132,"26B.7.4",1761.27591740626,1761.27591740626,1853.95951670913,92.6835993028674,0.000738635176808525,1.06798301518426,0.00292956577596303,1.57246304917272,4784.066,38.553,12.132,1
"1880","26B.7.4",32,33,1.01621999489609,"Yes",4784.066,38.553,12.132,"26B.7.4",1761.27591740626,1761.27591740626,1853.95951670913,92.6835993028674,0.000576979441354439,1.00403056499838,0.00275413891365358,1.27148350239359,4784.066,38.553,12.132,1
"1881","26B.7.4",32,33,1.37271502631251,"Yes",4784.066,38.553,12.132,"26B.7.4",1761.27591740626,1761.27591740626,1853.95951670913,92.6835993028674,0.000779386700712989,1.08241822729745,0.00296916275716432,1.64790771756252,4784.066,38.553,12.132,1
"1882","26B.7.4",32,33,42.0442311868825,"Yes",4784.066,38.553,12.132,"26B.7.4",1761.27591740626,1761.27591740626,1853.95951670913,92.6835993028674,0.023871462030094,2.54639987248397,0.00698498554029773,42.6916247878358,4784.066,38.553,12.132,1
"1883","26B.7.4",32,33,5.84975190843366,"No",4784.066,38.553,12.132,"26B.7.4",1761.27591740626,1761.27591740626,1853.95951670913,92.6835993028674,0.00332131487782351,1.55519324758259,0.00426602375538781,6.24514234479453,4784.066,38.553,12.132,1
"1884","26B.7.4",32,33,1.86032602045027,"No",4784.066,38.553,12.132,"26B.7.4",1761.27591740626,1761.27591740626,1853.95951670913,92.6835993028674,0.00105623769794677,1.16787742908134,0.00320358441858374,2.15724575503519,4784.066,38.553,12.132,1
"1885","26B.7.4",32,33,19.94877223089,"No",4784.066,38.553,12.132,"26B.7.4",1761.27591740626,1761.27591740626,1853.95951670913,92.6835993028674,0.0113263186271618,2.113387054953,0.00579719555416843,20.4860771807129,4784.066,38.553,12.132,1
"1886","26B.7.4",32,33,8.6424769793853,"No",4784.066,38.553,12.132,"26B.7.4",1761.27591740626,1761.27591740626,1853.95951670913,92.6835993028674,0.00490694098180405,1.71458712344854,0.00470325434519678,9.07839152053499,4784.066,38.553,12.132,1
"1887","26B.7.4",32,33,7.5159181115582,"No",4784.066,38.553,12.132,"26B.7.4",1761.27591740626,1761.27591740626,1853.95951670913,92.6835993028674,0.0042673144152374,1.65575284488903,0.00454186705113791,7.93687469741276,4784.066,38.553,12.132,1
"1888","26B.7.4",32,33,1.62545453315618,"No",4784.066,38.553,12.132,"26B.7.4",1761.27591740626,1761.27591740626,1853.95951670913,92.6835993028674,0.000922884663948565,1.12912937633591,0.00309729530387471,1.91252301002315,4784.066,38.553,12.132,1
"1889","26B.7.4",32,33,2.20551765958732,"No",4784.066,38.553,12.132,"26B.7.4",1761.27591740626,1761.27591740626,1853.95951670913,92.6835993028674,0.00125222722788107,1.21864618955318,0.00334284732918416,2.51534478197609,4784.066,38.553,12.132,1
"1890","26B.7.4",32,33,5.01233459308181,"No",4784.066,38.553,12.132,"26B.7.4",1761.27591740626,1761.27591740626,1853.95951670913,92.6835993028674,0.0028458542716369,1.49627015523731,0.00410439283776609,5.39274449423888,4784.066,38.553,12.132,1
"1891","26B.7.4",32,33,3.38121547502652,"No",4784.066,38.553,12.132,"26B.7.4",1761.27591740626,1761.27591740626,1853.95951670913,92.6835993028674,0.00191975342512255,1.3560266099897,0.00371969318934871,3.72597002811772,4784.066,38.553,12.132,1
"1892","26B.7.4",32,33,1.75168389683226,"No",4784.066,38.553,12.132,"26B.7.4",1761.27591740626,1761.27591740626,1853.95951670913,92.6835993028674,0.000994553936450725,1.1504398965968,0.0031557518241907,2.04417033440484,4784.066,38.553,12.132,1
"1893","26B.7.4",32,33,1.4619988273873,"No",4784.066,38.553,12.132,"26B.7.4",1761.27591740626,1761.27591740626,1853.95951670913,92.6835993028674,0.000830079383325875,1.09960512690541,0.00301630784483945,1.7415610950525,4784.066,38.553,12.132,1
"1894","26B.7.4",32,33,11.1919886522138,"No",4784.066,38.553,12.132,"26B.7.4",1761.27591740626,1761.27591740626,1853.95951670913,92.6835993028674,0.00635447776331131,1.82905521185418,0.00501724978282572,11.6570054206876,4784.066,38.553,12.132,1
"1895","26B.7.4",32,33,1.87945125445771,"No",4784.066,38.553,12.132,"26B.7.4",1761.27591740626,1761.27591740626,1853.95951670913,92.6835993028674,0.00106709643610269,1.17086754099955,0.00321178654297836,2.17713119145346,4784.066,38.553,12.132,1
"1896","26B.7.4",32,33,8.52293844491835,"No",4784.066,38.553,12.132,"26B.7.4",1761.27591740626,1761.27591740626,1853.95951670913,92.6835993028674,0.00483907056281656,1.70862728755975,0.00468690602223479,8.95733776465336,4784.066,38.553,12.132,1
"1897","26B.7.4",32,33,8.34424003656988,"No",4784.066,38.553,12.132,"26B.7.4",1761.27591740626,1761.27591740626,1853.95951670913,92.6835993028674,0.00473761092972759,1.69959990134524,0.00466214315491908,8.77634424463301,4784.066,38.553,12.132,1
"1898","26B.7.4",32,33,3.47860998789053,"No",4784.066,38.553,12.132,"26B.7.4",1761.27591740626,1761.27591740626,1853.95951670913,92.6835993028674,0.00197505112828279,1.36568781610431,0.00374619467709287,3.82582079425274,4784.066,38.553,12.132,1
"1899","26B.7.4",32,33,4.59858343700114,"No",4784.066,38.553,12.132,"26B.7.4",1761.27591740626,1761.27591740626,1853.95951670913,92.6835993028674,0.00261093869027247,1.46438751550702,0.00401693611900441,4.97088753468016,4784.066,38.553,12.132,1
"1900","26B.7.4",32,33,1.34346971812425,"Yes",4784.066,38.553,12.132,"26B.7.4",1761.27591740626,1761.27591740626,1853.95951670913,92.6835993028674,0.000762782085899812,1.07660643289201,0.00295322052424017,1.61718482584593,4784.066,38.553,12.132,1
"1901","26B.7.4",32,33,2.59712304745335,"Yes",4784.066,38.553,12.132,"26B.7.4",1761.27591740626,1761.27591740626,1853.95951670913,92.6835993028674,0.00147456910174415,1.26947201529853,0.00348226677455142,2.91987206585156,4784.066,38.553,12.132,1
"1902","26B.7.4",32,33,3.94946244946758,"No",4784.066,38.553,12.132,"26B.7.4",1761.27591740626,1761.27591740626,1853.95951670913,92.6835993028674,0.00224238712994143,1.40972531059098,0.00386699316814851,4.30786929477118,4784.066,38.553,12.132,1
"1903","26B.7.4",32,33,2.28845677422608,"No",4784.066,38.553,12.132,"26B.7.4",1761.27591740626,1761.27591740626,1853.95951670913,92.6835993028674,0.00129931758653475,1.22994496338685,0.00337384080067466,2.60115648310747,4784.066,38.553,12.132,1
"1904","26B.7.4",32,33,47.5167297824962,"No",4784.066,38.553,12.132,"26B.7.4",1761.27591740626,1761.27591740626,1853.95951670913,92.6835993028674,0.0269785837147377,2.62549766238372,0.00720195732257335,48.1842331091779,4784.066,38.553,12.132,1
"1905","26B.7.4",32,33,2.29832563232676,"No",4784.066,38.553,12.132,"26B.7.4",1761.27591740626,1761.27591740626,1853.95951670913,92.6835993028674,0.00130492083018508,1.23126884376769,0.00337747231409767,2.61136192294312,4784.066,38.553,12.132,1
"1906","26B.7.4",32,33,17.1432902211311,"No",4784.066,38.553,12.132,"26B.7.4",1761.27591740626,1761.27591740626,1853.95951670913,92.6835993028674,0.00973344951333757,2.03480850570614,0.00558164809196586,17.6606174563365,4784.066,38.553,12.132,1
"1907","26B.7.4",32,33,6.59517976963957,"No",4784.066,38.553,12.132,"26B.7.4",1761.27591740626,1761.27591740626,1853.95951670913,92.6835993028674,0.00374454661218099,1.60253181195251,0.00439587735426495,7.00260550492681,4784.066,38.553,12.132,1
"1908","26B.7.4",32,33,1.33578426401597,"Yes",4784.066,38.553,12.132,"26B.7.4",1761.27591740626,1761.27591740626,1853.95951670913,92.6835993028674,0.000758418513995868,1.07506340986541,0.00294898788440791,1.60910707544344,4784.066,38.553,12.132,1
"1909","26B.7.4",32,33,0.513366049564711,"Yes",4784.066,38.553,12.132,"26B.7.4",1761.27591740626,1761.27591740626,1853.95951670913,92.6835993028674,0.000291473950498749,0.846460674275891,0.00232191166601034,0.728569180033866,4784.066,38.553,12.132,1
"1910","26B.7.4",32,33,15.7173720759533,"No",4784.066,38.553,12.132,"26B.7.4",1761.27591740626,1761.27591740626,1853.95951670913,92.6835993028674,0.00892385566657802,1.99110876231984,0.00546177608012418,16.2235891416455,4784.066,38.553,12.132,1
"1911","26B.7.4",32,33,4.1993990794783,"No",4784.066,38.553,12.132,"26B.7.4",1761.27591740626,1761.27591740626,1853.95951670913,92.6835993028674,0.00238429370320497,1.43151791408708,0.00392677208266643,4.56334644974184,4784.066,38.553,12.132,1
"1912","26B.7.4",32,33,6.14768388817913,"No",4784.066,38.553,12.132,"26B.7.4",1761.27591740626,1761.27591740626,1853.95951670913,92.6835993028674,0.00349047178095327,1.57462768181543,0.00431933401650081,6.54801531141973,4784.066,38.553,12.132,1
"1913","26B.7.4",32,33,11.7280387128597,"No",4784.066,38.553,12.132,"26B.7.4",1761.27591740626,1761.27591740626,1853.95951670913,92.6835993028674,0.00665883101957753,1.85057353785813,0.00507627633148889,12.198526274318,4784.066,38.553,12.132,1
"1914","26B.7.4",32,33,8.0957337142825,"No",4784.066,38.553,12.132,"26B.7.4",1761.27591740626,1761.27591740626,1853.95951670913,92.6835993028674,0.00459651644258253,1.68680179198166,0.00462703688201445,8.52458414661472,4784.066,38.553,12.132,1
"1915","26B.7.4",32,33,5.87610570056044,"No",4784.066,38.553,12.132,"26B.7.4",1761.27591740626,1761.27591740626,1853.95951670913,92.6835993028674,0.00333627777595113,1.55694187643193,0.00427082038900373,6.27194070618938,4784.066,38.553,12.132,1
"1916","26B.7.4",32,33,2.34565235397459,"No",4784.066,38.553,12.132,"26B.7.4",1761.27591740626,1761.27591740626,1853.95951670913,92.6835993028674,0.00133179153294102,1.23755899634036,0.00339472672305406,2.66028784531687,4784.066,38.553,12.132,1
"1917","26B.7.4",32,33,3.89956954803871,"No",4784.066,38.553,12.132,"26B.7.4",1761.27591740626,1761.27591740626,1853.95951670913,92.6835993028674,0.00221405942674865,1.40525185603652,0.00385472211217031,4.25683906770701,4784.066,38.553,12.132,1
"1918","26B.7.4",32,33,4.33491041327814,"No",4784.066,38.553,12.132,"26B.7.4",1761.27591740626,1761.27591740626,1853.95951670913,92.6835993028674,0.00246123300184672,1.44292923158306,0.00395807427073457,4.70175898299789,4784.066,38.553,12.132,1
"1919","26B.7.4",32,33,2.10678549826029,"No",4784.066,38.553,12.132,"26B.7.4",1761.27591740626,1761.27591740626,1853.95951670913,92.6835993028674,0.00119617004777017,1.20477259504171,0.00330479091153281,2.41308541488455,4784.066,38.553,12.132,1
"1920","26B.7.4",32,33,2.76748103128967,"No",4784.066,38.553,12.132,"26B.7.4",1761.27591740626,1761.27591740626,1853.95951670913,92.6835993028674,0.00157129329024449,1.28979640826822,0.00353801826611511,3.09539729859251,4784.066,38.553,12.132,1
"1921","26B.7.4",32,33,1.95741659275407,"No",4784.066,38.553,12.132,"26B.7.4",1761.27591740626,1761.27591740626,1853.95951670913,92.6835993028674,0.00111136283271088,1.18282587489784,0.00324458924229838,2.25813680198965,4784.066,38.553,12.132,1
"1922","26B.7.4",32,33,2.07271740160777,"No",4784.066,38.553,12.132,"26B.7.4",1761.27591740626,1761.27591740626,1853.95951670913,92.6835993028674,0.00117682719733099,1.19987228887417,0.00329134896626208,2.37777147036271,4784.066,38.553,12.132,1
"1923","26B.7.4",32,33,34.5320060220501,"No",4784.066,38.553,12.132,"26B.7.4",1761.27591740626,1761.27591740626,1853.95951670913,92.6835993028674,0.0196062443599999,2.42412746450406,0.00664958220834426,35.1483132349798,4784.066,38.553,12.132,1
"1924","26B.7.4",32,33,2.23346481816818,"No",4784.066,38.553,12.132,"26B.7.4",1761.27591740626,1761.27591740626,1853.95951670913,92.6835993028674,0.00126809479201719,1.22248849031904,0.00335338707809829,2.54426880242205,4784.066,38.553,12.132,1
"1925","26B.7.4",32,33,10.7655023980694,"No",4784.066,38.553,12.132,"26B.7.4",1761.27591740626,1761.27591740626,1853.95951670913,92.6835993028674,0.00611233157262674,1.81137585939589,0.00496875385623644,11.2260243895154,4784.066,38.553,12.132,1
"1926","26B.7.4",32,33,1.97437539883159,"No",4784.066,38.553,12.132,"26B.7.4",1761.27591740626,1761.27591740626,1853.95951670913,92.6835993028674,0.00112099153762299,1.18537955590604,0.00325159420059638,2.27574485281519,4784.066,38.553,12.132,1
"1927","26B.7.4",32,33,2.06104695711589,"No",4784.066,38.553,12.132,"26B.7.4",1761.27591740626,1761.27591740626,1853.95951670913,92.6835993028674,0.00117020106659443,1.19817973939845,0.00328670616300801,2.36567071415439,4784.066,38.553,12.132,1
"1928","26B.7.4",32,33,1.50770845748922,"No",4784.066,38.553,12.132,"26B.7.4",1761.27591740626,1761.27591740626,1853.95951670913,92.6835993028674,0.000856031949672907,1.10810098966588,0.00303961269934226,1.78943070295096,4784.066,38.553,12.132,1
"1929","26B.7.4",32,33,16.3149291064635,"No",4784.066,38.553,12.132,"26B.7.4",1761.27591740626,1761.27591740626,1853.95951670913,92.6835993028674,0.00926313074812811,2.00976971566087,0.00551296461915285,16.8258905101959,4784.066,38.553,12.132,1
"1930","26B.7.4",32,33,18.6480740972388,"No",4784.066,38.553,12.132,"26B.7.4",1761.27591740626,1761.27591740626,1853.95951670913,92.6835993028674,0.0105878209728212,2.07806197960469,0.00570029594967811,19.1763980429466,4784.066,38.553,12.132,1
"1931","26B.7.4",32,33,5.05064345232131,"No",4784.066,38.553,12.132,"26B.7.4",1761.27591740626,1761.27591740626,1853.95951670913,92.6835993028674,0.00286760490074669,1.49912096480795,0.0041122128442954,5.43177813983009,4784.066,38.553,12.132,1
"1932","26B.7.4",32,33,1.43493920176057,"Yes",4784.066,38.553,12.132,"26B.7.4",1761.27591740626,1761.27591740626,1853.95951670913,92.6835993028674,0.000814715733962758,1.09448137403405,0.00300225296677208,1.71319881273872,4784.066,38.553,12.132,1
"1933","26B.7.4",32,33,12.1821662193477,"Yes",4784.066,38.553,12.132,"26B.7.4",1761.27591740626,1761.27591740626,1853.95951670913,92.6835993028674,0.00691667108994923,1.86823339211427,0.00512471877289638,12.6571436006347,4784.066,38.553,12.132,1
"1934","26B.7.4",32,33,3.24983478811321,"No",4784.066,38.553,12.132,"26B.7.4",1761.27591740626,1761.27591740626,1853.95951670913,92.6835993028674,0.00184515938473688,1.34265774329002,0.00368302128184646,3.5911904568238,4784.066,38.553,12.132,1
"1935","26B.7.4",32,33,13.5738184299546,"No",4784.066,38.553,12.132,"26B.7.4",1761.27591740626,1761.27591740626,1853.95951670913,92.6835993028674,0.00770680975979281,1.91944427774601,0.005265194469392,14.0618156044074,4784.066,38.553,12.132,1
"1936","26B.7.4",32,33,12.5883662938277,"No",4784.066,38.553,12.132,"26B.7.4",1761.27591740626,1761.27591740626,1853.95951670913,92.6835993028674,0.00714729939211678,1.88361587875911,0.00516691420651585,13.0672544997767,4784.066,38.553,12.132,1
"1937","26B.7.4",32,33,1.61726829875011,"No",4784.066,38.553,12.132,"26B.7.4",1761.27591740626,1761.27591740626,1853.95951670913,92.6835993028674,0.000918236763909075,1.12770503225559,0.00309338821021162,1.90397465211358,4784.066,38.553,12.132,1
"1938","26B.7.4",32,33,1.29549412911991,"Yes",4784.066,38.553,12.132,"26B.7.4",1761.27591740626,1761.27591740626,1853.95951670913,92.6835993028674,0.000735542975587672,1.06686351275068,0.00292649488815966,1.56673220869599,4784.066,38.553,12.132,1
"1939","26B.7.4",32,33,9.60239759976963,"Yes",4784.066,38.553,12.132,"26B.7.4",1761.27591740626,1761.27591740626,1853.95951670913,92.6835993028674,0.00545195531538896,1.76033336723767,0.00482874007697161,10.0499426102014,4784.066,38.553,12.132,1
"1940","26B.7.4",32,33,1.21630455859704,"Yes",4784.066,38.553,12.132,"26B.7.4",1761.27591740626,1761.27591740626,1853.95951670913,92.6835993028674,0.000690581496389406,1.05017235980084,0.00288070967458602,1.48329909978426,4784.066,38.553,12.132,1
"1941","26B.7.4",32,33,6.441581439107,"Yes",4784.066,38.553,12.132,"26B.7.4",1761.27591740626,1761.27591740626,1853.95951670913,92.6835993028674,0.00365733805558029,1.59311866353947,0.00437005630932057,6.84661398701104,4784.066,38.553,12.132,1
"1942","26B.7.4",32,33,2.31497223292497,"No",4784.066,38.553,12.132,"26B.7.4",1761.27591740626,1761.27591740626,1853.95951670913,92.6835993028674,0.0013143722741262,1.23349231072427,0.00338357146793006,2.62857381507121,4784.066,38.553,12.132,1
"1943","26B.7.4",32,33,3.80359418043393,"No",4784.066,38.553,12.132,"26B.7.4",1761.27591740626,1761.27591740626,1853.95951670913,92.6835993028674,0.00215956747199229,1.39652444980588,0.00383078211477082,4.15864485497594,4784.066,38.553,12.132,1
"1944","26B.7.4",32,33,5.43862137749829,"No",4784.066,38.553,12.132,"26B.7.4",1761.27591740626,1761.27591740626,1853.95951670913,92.6835993028674,0.00308788720935188,1.52711662928899,0.0041890072683386,5.82687364863378,4784.066,38.553,12.132,1
"1945","26B.7.4",32,33,2.36026046021462,"No",4784.066,38.553,12.132,"26B.7.4",1761.27591740626,1761.27591740626,1853.95951670913,92.6835993028674,0.00134008558050941,1.23948131079662,0.00339999979066061,2.67538467844204,4784.066,38.553,12.132,1
"1946","26B.7.4",32,33,1.68773850981754,"No",4784.066,38.553,12.132,"26B.7.4",1761.27591740626,1761.27591740626,1853.95951670913,92.6835993028674,0.000958247650545854,1.13979379929207,0.00312654869842176,1.97751829658297,4784.066,38.553,12.132,1
"1947","26B.7.4",32,33,39.6478254057147,"No",4784.066,38.553,12.132,"26B.7.4",1761.27591740626,1761.27591740626,1853.95951670913,92.6835993028674,0.022510854213065,2.50931303753111,0.00688325328344349,40.2857900949375,4784.066,38.553,12.132,1
"1948","26B.7.4",32,33,9.23621845270463,"No",4784.066,38.553,12.132,"26B.7.4",1761.27591740626,1761.27591740626,1853.95951670913,92.6835993028674,0.00524404970364117,1.74330569556701,0.00478203176470308,9.67943436863795,4784.066,38.553,12.132,1
"1949","26B.7.4",32,33,5.80143606023204,"No",4784.066,38.553,12.132,"26B.7.4",1761.27591740626,1761.27591740626,1853.95951670913,92.6835993028674,0.00329388257847499,1.55197198527662,0.00425718756635407,6.19600752678915,4784.066,38.553,12.132,1
"1950","26B.7.4",32,33,9.55337569266354,"No",4784.066,38.553,12.132,"26B.7.4",1761.27591740626,1761.27591740626,1853.95951670913,92.6835993028674,0.00542412213682698,1.7580823513314,0.00482256535409082,10.000348407554,4784.066,38.553,12.132,1
"1951","26B.7.4",32,33,2.78163024237091,"No",4784.066,38.553,12.132,"26B.7.4",1761.27591740626,1761.27591740626,1853.95951670913,92.6835993028674,0.00157932679081156,1.29144183206298,0.00354253179972712,3.10996484021449,4784.066,38.553,12.132,1
"1952","26B.7.4",32,33,1.63590582202397,"No",4784.066,38.553,12.132,"26B.7.4",1761.27591740626,1761.27591740626,1853.95951670913,92.6835993028674,0.000928818594438676,1.13094002522223,0.00310226206358364,1.92343463605764,4784.066,38.553,12.132,1
"1953","26B.7.4",32,33,4.70698933392555,"No",4784.066,38.553,12.132,"26B.7.4",1761.27591740626,1761.27591740626,1853.95951670913,92.6835993028674,0.00267248832928874,1.47294253441658,0.00404040324371879,5.08146844918839,4784.066,38.553,12.132,1
"1954","26B.7.4",32,33,6.62859873392319,"No",4784.066,38.553,12.132,"26B.7.4",1761.27591740626,1761.27591740626,1853.95951670913,92.6835993028674,0.00376352090459784,1.60455804513672,0.00440143547954052,7.03653961626635,4784.066,38.553,12.132,1
"1955","26B.7.4",32,33,9.38536466151806,"No",4784.066,38.553,12.132,"26B.7.4",1761.27591740626,1761.27591740626,1853.95951670913,92.6835993028674,0.00532873047815211,1.75030118924499,0.00480122098267154,9.83035910324051,4784.066,38.553,12.132,1
"1956","26B.7.4",32,33,7.90222051819002,"No",4784.066,38.553,12.132,"26B.7.4",1761.27591740626,1761.27591740626,1853.95951670913,92.6835993028674,0.00448664541432396,1.67663020646075,0.00459913538132982,8.32848493901284,4784.066,38.553,12.132,1
"1957","26B.7.4",32,33,4.12847686442802,"No",4784.066,38.553,12.132,"26B.7.4",1761.27591740626,1761.27591740626,1853.95951670913,92.6835993028674,0.00234402618217128,1.42543514960303,0.0039100865563965,4.4908777600606,4784.066,38.553,12.132,1
"1958","26B.7.4",32,33,2.50709310536109,"No",4784.066,38.553,12.132,"26B.7.4",1761.27591740626,1761.27591740626,1853.95951670913,92.6835993028674,0.00142345278248803,1.25832439306803,0.00345168792441471,2.82700796586609,4784.066,38.553,12.132,1
"1959","26B.7.4",32,33,2.45075359208519,"No",4784.066,38.553,12.132,"26B.7.4",1761.27591740626,1761.27591740626,1853.95951670913,92.6835993028674,0.0013914648851239,1.25119474579417,0.00343213071203286,2.76885581975431,4784.066,38.553,12.132,1
"1960","26B.7.4",32,33,2.08480462667062,"No",4784.066,38.553,12.132,"26B.7.4",1761.27591740626,1761.27591740626,1853.95951670913,92.6835993028674,0.00118368996366044,1.20161776534111,0.00329613695263229,2.39030246323577,4784.066,38.553,12.132,1
"1961","26B.7.4",32,33,1.45075382894836,"Yes",4784.066,38.553,12.132,"26B.7.4",1761.27591740626,1761.27591740626,1853.95951670913,92.6835993028674,0.000823694808184747,1.09748459107242,0.00301049103959563,1.72977697416712,4784.066,38.553,12.132,1
"1962","26B.7.4",32,33,1.26767606934533,"Yes",4784.066,38.553,12.132,"26B.7.4",1761.27591740626,1761.27591740626,1853.95951670913,92.6835993028674,0.00071974870990808,1.06108963681015,0.00291065666872215,1.53744620573739,4784.066,38.553,12.132,1
"1963","26B.7.4",32,33,1.24134213583777,"Yes",4784.066,38.553,12.132,"26B.7.4",1761.27591740626,1761.27591740626,1853.95951670913,92.6835993028674,0.000704797086912894,1.05553557323608,0.00289542141279318,1.50970021387403,4784.066,38.553,12.132,1
"1964","26B.7.4",32,33,45.9564390067545,"Yes",4784.066,38.553,12.132,"26B.7.4",1761.27591740626,1761.27591740626,1853.95951670913,92.6835993028674,0.0260926970911135,2.60367391650055,0.00714209298191096,46.6183938908738,4784.066,38.553,12.132,1
"1965","26B.7.4",32,33,5.80487729720007,"No",4784.066,38.553,12.132,"26B.7.4",1761.27591740626,1761.27591740626,1853.95951670913,92.6835993028674,0.00329583641031589,1.55220207984913,0.00425781873480457,6.19950726272094,4784.066,38.553,12.132,1
"1966","26B.7.4",32,33,3.73915302525125,"No",4784.066,38.553,12.132,"26B.7.4",1761.27591740626,1761.27591740626,1853.95951670913,92.6835993028674,0.00212297970368987,1.39057145378224,0.00381445255412487,4.09269021733756,4784.066,38.553,12.132,1
"1967","26B.7.4",32,33,3.12222735221319,"No",4784.066,38.553,12.132,"26B.7.4",1761.27591740626,1761.27591740626,1853.95951670913,92.6835993028674,0.00177270768387678,1.32927896083494,0.00364632217460673,3.4601816155736,4784.066,38.553,12.132,1
"1968","26B.7.4",32,33,2.76718303297903,"No",4784.066,38.553,12.132,"26B.7.4",1761.27591740626,1761.27591740626,1853.95951670913,92.6835993028674,0.00157112409568066,1.28976168601832,0.00353792302011071,3.09509047253936,4784.066,38.553,12.132,1
"1969","26B.7.4",32,33,1.92535960920907,"No",4784.066,38.553,12.132,"26B.7.4",1761.27591740626,1761.27591740626,1853.95951670913,92.6835993028674,0.00109316183238595,1.17795300443723,0.00323122255544181,2.22484094579602,4784.066,38.553,12.132,1
"1970","26B.7.4",32,33,16.1527886503183,"No",4784.066,38.553,12.132,"26B.7.4",1761.27591740626,1761.27591740626,1853.95951670913,92.6835993028674,0.00917107222706237,2.00475764201578,0.00549921608644354,16.6624757905542,4784.066,38.553,12.132,1
"1971","26B.7.4",32,33,4.89085635332296,"No",4784.066,38.553,12.132,"26B.7.4",1761.27591740626,1761.27591740626,1853.95951670913,92.6835993028674,0.00277688254576572,1.48712072759832,0.00407929520072528,5.26894011514509,4784.066,38.553,12.132,1
"1972","26B.7.4",32,33,1.88859599704184,"No",4784.066,38.553,12.132,"26B.7.4",1761.27591740626,1761.27591740626,1853.95951670913,92.6835993028674,0.00107228854853309,1.17228920607537,0.00321568628791044,2.18663737643426,4784.066,38.553,12.132,1
"1973","26B.7.4",32,33,1.9928257631439,"No",4784.066,38.553,12.132,"26B.7.4",1761.27591740626,1761.27591740626,1853.95951670913,92.6835993028674,0.00113146710486942,1.18813922073933,0.00325916418956978,2.29489683095224,4784.066,38.553,12.132,1
"1974","26B.7.4",32,33,50.206730887657,"No",4784.066,38.553,12.132,"26B.7.4",1761.27591740626,1761.27591740626,1853.95951670913,92.6835993028674,0.0285058862109429,2.661892337085,0.00730179092658791,50.8834871520901,4784.066,38.553,12.132,1
"1975","26B.7.4",32,33,5.12928206247917,"No",4784.066,38.553,12.132,"26B.7.4",1761.27591740626,1761.27591740626,1853.95951670913,92.6835993028674,0.00291225356106203,1.50492253503505,0.0041281270314524,5.51189173413364,4784.066,38.553,12.132,1
"1976","26B.7.4",32,33,4.59089222880097,"No",4784.066,38.553,12.132,"26B.7.4",1761.27591740626,1761.27591740626,1853.95951670913,92.6835993028674,0.00260657185136656,1.46377482790721,0.00401525546622411,4.96304055753113,4784.066,38.553,12.132,1
"1977","26B.7.4",32,33,17.2544024435738,"No",4784.066,38.553,12.132,"26B.7.4",1761.27591740626,1761.27591740626,1853.95951670913,92.6835993028674,0.00979653572336551,2.03809761532005,0.00559067039177897,17.7725658979998,4784.066,38.553,12.132,1
"1978","26B.7.4",32,33,4.25330997872956,"No",4784.066,38.553,12.132,"26B.7.4",1761.27591740626,1761.27591740626,1853.95951670913,92.6835993028674,0.00241490270587086,1.43609033292589,0.00393931460586494,4.61841983518748,4784.066,38.553,12.132,1
"1979","26B.7.4",32,33,4.05217075153336,"No",4784.066,38.553,12.132,"26B.7.4",1761.27591740626,1761.27591740626,1853.95951670913,92.6835993028674,0.00230070184432022,1.41880246512876,0.00389189255409277,4.41288536154671,4784.066,38.553,12.132,1
"1980","26B.7.4",32,33,1.61587487680066,"No",4784.066,38.553,12.132,"26B.7.4",1761.27591740626,1761.27591740626,1853.95951670913,92.6835993028674,0.000917445620434235,1.12746204893237,0.00309272168685149,1.90251945438009,4784.066,38.553,12.132,1
"1981","26B.7.4",32,33,8.70288993956671,"No",4784.066,38.553,12.132,"26B.7.4",1761.27591740626,1761.27591740626,1853.95951670913,92.6835993028674,0.00494124166097894,1.71757564337401,0.00471145210262359,9.13956427838092,4784.066,38.553,12.132,1
"1982","26B.7.4",32,33,1.5738467685345,"No",4784.066,38.553,12.132,"26B.7.4",1761.27591740626,1761.27591740626,1853.95951670913,92.6835993028674,0.000893583312518247,1.12005825618655,0.00307241247075715,1.85860901486729,4784.066,38.553,12.132,1
"1983","26B.7.4",32,33,9.1110770909536,"No",4784.066,38.553,12.132,"26B.7.4",1761.27591740626,1761.27591740626,1853.95951670913,92.6835993028674,0.00517299816622202,1.73737044908688,0.00476575089252359,9.55278403705354,4784.066,38.553,12.132,1
"1984","26B.7.4",32,33,8.81610385169984,"No",4784.066,38.553,12.132,"26B.7.4",1761.27591740626,1761.27591740626,1853.95951670913,92.6835993028674,0.00500552114780679,1.72313448628974,0.00472670046868216,9.25419146396386,4784.066,38.553,12.132,1
"1985","26B.7.4",32,33,7.34399953719625,"No",4784.066,38.553,12.132,"26B.7.4",1761.27591740626,1761.27591740626,1853.95951670913,92.6835993028674,0.00416970416992437,1.64620213350729,0.00451566865958839,7.76252796182605,4784.066,38.553,12.132,1
"1986","26B.7.4",32,33,4.59799479609205,"No",4784.066,38.553,12.132,"26B.7.4",1761.27591740626,1761.27591740626,1853.95951670913,92.6835993028674,0.00261060447749906,1.46434065108721,0.00401680756602328,4.97028697901808,4784.066,38.553,12.132,1
"1987","26B.7.4",32,33,46.7397843780686,"No",4784.066,38.553,12.132,"26B.7.4",1761.27591740626,1761.27591740626,1853.95951670913,92.6835993028674,0.0265374572582017,2.61469885159128,0.00717233529107208,47.4045422282521,4784.066,38.553,12.132,1
"1988","26B.8.4",32,33,1.31910371702529,"No",1082.182,17.133,3.591,"26B.8.4",1065.22185854058,1065.22185854058,1069.29513478921,4.07327624863137,0.00123833707170874,1.07169137627137,0.00458935225940799,1.33779741658014,1082.182,17.133,3.591,1
"1989","26B.8.4",32,33,1.5399152863297,"No",1082.182,17.133,3.591,"26B.8.4",1065.22185854058,1065.22185854058,1069.29513478921,4.07327624863137,0.00144562869601594,1.11397182730051,0.00477041173954905,1.5593464911646,1082.182,17.133,3.591,1
"1990","26B.8.4",32,33,1.42903390043302,"No",1082.182,17.133,3.591,"26B.8.4",1065.22185854058,1065.22185854058,1069.29513478921,4.07327624863137,0.00134153640293383,1.09335358395134,0.00468211730722026,1.44810545765383,1082.182,17.133,3.591,1
"1991","26B.8.4",32,33,13.4695000103981,"No",1082.182,17.133,3.591,"26B.8.4",1065.22185854058,1065.22185854058,1069.29513478921,4.07327624863137,0.0126447837156216,1.91574574105633,0.00820388428967053,13.5029166974217,1082.182,17.133,3.591,1
"1992","26B.8.4",32,33,3.47532614614528,"No",1082.182,17.133,3.591,"26B.8.4",1065.22185854058,1065.22185854058,1069.29513478921,4.07327624863137,0.00326253739376573,1.36536539629057,0.00584696574510545,3.49914245284138,1082.182,17.133,3.591,1
"1993","26B.8.4",32,33,8.67019777741621,"No",1082.182,17.133,3.591,"26B.8.4",1065.22185854058,1065.22185854058,1069.29513478921,4.07327624863137,0.00813933520787388,1.71596035998551,0.00734833435214645,8.70012957319981,1082.182,17.133,3.591,1
"1994","26B.8.4",32,33,4.7356982907157,"No",1082.182,17.133,3.591,"26B.8.4",1065.22185854058,1065.22185854058,1069.29513478921,4.07327624863137,0.00444573893480171,1.47518336528275,0.00631724418092839,4.76143017139468,1082.182,17.133,3.591,1
"1995","26B.8.4",32,33,3.68557836608255,"No",1082.182,17.133,3.591,"26B.8.4",1065.22185854058,1065.22185854058,1069.29513478921,4.07327624863137,0.00345991620105507,1.38556343085053,0.00593346069840613,3.70974699061756,1082.182,17.133,3.591,1
"1996","26B.8.4",32,33,1.33608143519401,"No",1082.182,17.133,3.591,"26B.8.4",1065.22185854058,1065.22185854058,1069.29513478921,4.07327624863137,0.00125427527090415,1.0751231970667,0.00460404850020046,1.35483499659743,1082.182,17.133,3.591,1
"1997","26B.8.4",32,33,1.10128847538241,"No",1082.182,17.133,3.591,"26B.8.4",1065.22185854058,1065.22185854058,1069.29513478921,4.07327624863137,0.00103385831463432,1.02441345409779,0.00438689188345316,1.11915749789659,1082.182,17.133,3.591,1
"1998","26B.8.4",32,33,1.23076142784016,"No",1082.182,17.133,3.591,"26B.8.4",1065.22185854058,1065.22185854058,1069.29513478921,4.07327624863137,0.00115540384190611,1.05327910627349,0.00451050456613867,1.24913395895875,1082.182,17.133,3.591,1
"1999","26B.8.4",32,33,45.3565303287383,"No",1082.182,17.133,3.591,"26B.8.4",1065.22185854058,1065.22185854058,1069.29513478921,4.07327624863137,0.0425794213337675,2.59513500718765,0.0111132635499435,45.401797721201,1082.182,17.133,3.591,1
"2000","26B.8.4",32,33,2.65410551001783,"No",1082.182,17.133,3.591,"26B.8.4",1065.22185854058,1065.22185854058,1069.29513478921,4.07327624863137,0.00249159880520488,1.27637869340028,0.00546589397854174,2.67636960613817,1082.182,17.133,3.591,1
"2001","26B.8.4",32,33,2.2897856082097,"No",1082.182,17.133,3.591,"26B.8.4",1065.22185854058,1065.22185854058,1069.29513478921,4.07327624863137,0.002149585637819,1.23012347199081,0.00526781316014086,2.31124286643713,1082.182,17.133,3.591,1
"2002","26B.8.4",32,33,1.38097256604251,"No",1082.182,17.133,3.591,"26B.8.4",1065.22185854058,1065.22185854058,1069.29513478921,4.07327624863137,0.00129641778843567,1.08404238438194,0.00464224353784246,1.39988170638557,1082.182,17.133,3.591,1
"2003","26B.8.4",32,33,1.603659130587,"No",1082.182,17.133,3.591,"26B.8.4",1065.22185854058,1065.22185854058,1069.29513478921,4.07327624863137,0.00150546960497422,1.12532512475857,0.00481903047671029,1.62328837296921,1082.182,17.133,3.591,1
"2004","26B.8.4",32,33,1.16061880071874,"No",1082.182,17.133,3.591,"26B.8.4",1065.22185854058,1065.22185854058,1069.29513478921,4.07327624863137,0.00108955593749161,1.0379403615564,0.00444481876863907,1.17872377543851,1082.182,17.133,3.591,1
"2005","26B.8.4",32,33,1.20100198085886,"Yes",1082.182,17.133,3.591,"26B.8.4",1065.22185854058,1065.22185854058,1069.29513478921,4.07327624863137,0.00112746651904449,1.04685355192652,0.00448298812529279,1.21926242991251,1082.182,17.133,3.591,1
"2006","26B.8.4",32,33,16.3327491272756,"Yes",1082.182,17.133,3.591,"26B.8.4",1065.22185854058,1065.22185854058,1069.29513478921,4.07327624863137,0.0153327205936728,2.01031828498021,0.00860887655492986,16.3678154596742,1082.182,17.133,3.591,1
"2007","26B.8.4",32,33,9.6414628753434,"No",1082.182,17.133,3.591,"26B.8.4",1065.22185854058,1065.22185854058,1069.29513478921,4.07327624863137,0.00905113127189559,1.76212102607251,0.00754601025203027,9.67219985967493,1082.182,17.133,3.591,1
"2008","26B.8.4",32,33,4.32851226417876,"No",1082.182,17.133,3.591,"26B.8.4",1065.22185854058,1065.22185854058,1069.29513478921,4.07327624863137,0.00406348426806513,1.44239651062124,0.00617683955619101,4.3536722380346,1082.182,17.133,3.591,1
"2009","26B.8.4",32,33,6.45493144384145,"No",1082.182,17.133,3.591,"26B.8.4",1065.22185854058,1065.22185854058,1069.29513478921,4.07327624863137,0.0060597061467412,1.59394344673658,0.00682581582778058,6.48273487733028,1082.182,17.133,3.591,1
"2010","26B.8.4",32,33,6.20078113058594,"No",1082.182,17.133,3.591,"26B.8.4",1065.22185854058,1065.22185854058,1069.29513478921,4.07327624863137,0.00582111705732493,1.57801672027068,0.00675761208954993,6.22830675140777,1082.182,17.133,3.591,1
"2011","26B.8.4",32,33,2.73541716939417,"No",1082.182,17.133,3.591,"26B.8.4",1065.22185854058,1065.22185854058,1069.29513478921,4.07327624863137,0.00256793187960099,1.28604419123125,0.00550728497532588,2.75784986247861,1082.182,17.133,3.591,1
"2012","26B.8.4",32,33,2.73788396773137,"No",1082.182,17.133,3.591,"26B.8.4",1065.22185854058,1065.22185854058,1069.29513478921,4.07327624863137,0.00257024763975688,1.28633403179396,0.00550852617262468,2.76032171655528,1082.182,17.133,3.591,1
"2013","26B.8.4",32,33,1.65945770567129,"No",1082.182,17.133,3.591,"26B.8.4",1065.22185854058,1065.22185854058,1069.29513478921,4.07327624863137,0.00155785172109109,1.13498872437916,0.00486041334470263,1.6792555119068,1082.182,17.133,3.591,1
"2014","26B.8.4",32,33,1.52437839636877,"No",1082.182,17.133,3.591,"26B.8.4",1065.22185854058,1065.22185854058,1069.29513478921,4.07327624863137,0.00143104310538394,1.1111512938917,0.00475833324226985,1.54376040214758,1082.182,17.133,3.591,1
"2015","26B.8.4",32,33,1.36312849604109,"No",1082.182,17.133,3.591,"26B.8.4",1065.22185854058,1065.22185854058,1069.29513478921,4.07327624863137,0.00127966628276729,1.08052345651481,0.00462717427451231,1.38197625511174,1082.182,17.133,3.591,1
"2016","26B.8.4",32,33,1.53322539280665,"No",1082.182,17.133,3.591,"26B.8.4",1065.22185854058,1065.22185854058,1069.29513478921,4.07327624863137,0.00143934841414845,1.11275998717026,0.0047652222219669,1.55263545930284,1082.182,17.133,3.591,1
"2017","26B.8.4",32,33,1.45067236006518,"No",1082.182,17.133,3.591,"26B.8.4",1065.22185854058,1065.22185854058,1069.29513478921,4.07327624863137,0.00136184997372537,1.09746918309536,0.00469974172283901,1.46981570639952,1082.182,17.133,3.591,1
"2018","26B.8.4",32,33,1.03110475837935,"No",1082.182,17.133,3.591,"26B.8.4",1065.22185854058,1065.22185854058,1069.29513478921,4.07327624863137,0.000967971836206987,1.00768709728309,0.00431526385215718,1.04868202013492,1082.182,17.133,3.591,1
"2019","26B.8.4",32,33,30.7873242091334,"No",1082.182,17.133,3.591,"26B.8.4",1065.22185854058,1065.22185854058,1069.29513478921,4.07327624863137,0.0289022647838957,2.35555357468162,0.0100872931885796,30.8284125408914,1082.182,17.133,3.591,1
"2020","26B.8.4",32,33,1.5891436082957,"No",1082.182,17.133,3.591,"26B.8.4",1065.22185854058,1065.22185854058,1069.29513478921,4.07327624863137,0.00149184284527631,1.12276996493245,0.00480808840067905,1.60872828057951,1082.182,17.133,3.591,1
"2021","26B.8.4",32,33,22.5047792338939,"No",1082.182,17.133,3.591,"26B.8.4",1065.22185854058,1065.22185854058,1069.29513478921,4.07327624863137,0.0211268470069952,2.17805423233433,0.00932717975864867,22.5427714136715,1082.182,17.133,3.591,1
"2022","26B.8.4",32,33,7.45733069391514,"No",1082.182,17.133,3.591,"26B.8.4",1065.22185854058,1065.22185854058,1069.29513478921,4.07327624863137,0.00700073006775521,1.65251667520567,0.00707664660272877,7.48615583044199,1082.182,17.133,3.591,1
"2023","26B.8.4",32,33,1.29666639134908,"No",1082.182,17.133,3.591,"26B.8.4",1065.22185854058,1065.22185854058,1069.29513478921,4.07327624863137,0.00121727354818422,1.06710477583635,0.00456971085374256,1.31528008603274,1082.182,17.133,3.591,1
"2024","26B.8.4",32,33,3.64519062391208,"No",1082.182,17.133,3.591,"26B.8.4",1065.22185854058,1065.22185854058,1069.29513478921,4.07327624863137,0.00342200133679778,1.38175187038566,0.00591713828131982,3.66929276273325,1082.182,17.133,3.591,1
"2025","26B.8.4",32,33,2.53463911379416,"No",1082.182,17.133,3.591,"26B.8.4",1065.22185854058,1065.22185854058,1069.29513478921,4.07327624863137,0.00237944714847175,1.26176661752519,0.00540332002776004,2.55664832892699,1082.182,17.133,3.591,1
"2026","26B.8.4",32,33,2.02221879400737,"No",1082.182,17.133,3.591,"26B.8.4",1065.22185854058,1065.22185854058,1069.29513478921,4.07327624863137,0.00189840151870141,1.19249628726214,0.00510668057190407,2.04301971469026,1082.182,17.133,3.591,1
"2027","26B.8.4",32,33,1.35170272555171,"No",1082.182,17.133,3.591,"26B.8.4",1065.22185854058,1065.22185854058,1069.29513478921,4.07327624863137,0.00126894009422941,1.07825206207703,0.00461744737978697,1.37051086429311,1082.182,17.133,3.591,1
"2028","26B.8.4",32,33,1.1287649042888,"No",1082.182,17.133,3.591,"26B.8.4",1065.22185854058,1065.22185854058,1069.29513478921,4.07327624863137,0.00105965240502601,1.03074414007019,0.00441400206518489,1.14674435406233,1082.182,17.133,3.591,1
"2029","26B.8.4",32,33,51.4141486113006,"No",1082.182,17.133,3.591,"26B.8.4",1065.22185854058,1065.22185854058,1069.29513478921,4.07327624863137,0.0482661411790226,2.67775391001565,0.0114670661994364,51.4608571396922,1082.182,17.133,3.591,1
"2030","26B.8.4",32,33,4.30188853411845,"No",1082.182,17.133,3.591,"26B.8.4",1065.22185854058,1065.22185854058,1069.29513478921,4.07327624863137,0.00403849066711069,1.44017341016864,0.00616731947297402,4.32700973004543,1082.182,17.133,3.591,1
"2031","26B.8.4",32,33,3.6190922760399,"No",1082.182,17.133,3.591,"26B.8.4",1065.22185854058,1065.22185854058,1069.29513478921,4.07327624863137,0.00339750094970664,1.37927198170903,0.00590651854232296,3.64315115773044,1082.182,17.133,3.591,1
"2032","26B.8.4",32,33,1.93107070622174,"No",1082.182,17.133,3.591,"26B.8.4",1065.22185854058,1065.22185854058,1069.29513478921,4.07327624863137,0.00181283428493236,1.17882556008736,0.00504813780106867,1.95163316602665,1082.182,17.133,3.591,1
"2033","26B.8.4",32,33,1.67331322749017,"No",1082.182,17.133,3.591,"26B.8.4",1065.22185854058,1065.22185854058,1069.29513478921,4.07327624863137,0.00157085889110716,1.13735046900237,0.00487052715009722,1.69315223004898,1082.182,17.133,3.591,1
"2034","26B.8.4",32,33,26.8134453652958,"No",1082.182,17.133,3.591,"26B.8.4",1065.22185854058,1065.22185854058,1069.29513478921,4.07327624863137,0.0251717002897704,2.2755592892365,0.0097447300563422,26.8531383427836,1082.182,17.133,3.591,1
"2035","26B.8.4",32,33,2.41911647607853,"No",1082.182,17.133,3.591,"26B.8.4",1065.22185854058,1065.22185854058,1069.29513478921,4.07327624863137,0.00227099778011772,1.24713708843199,0.00534067133627615,2.44087050578433,1082.182,17.133,3.591,1
"2036","26B.8.4",32,33,11.4888174388336,"No",1082.182,17.133,3.591,"26B.8.4",1065.22185854058,1065.22185854058,1069.29513478921,4.07327624863137,0.0107853752218096,1.84106377180633,0.00788407032839092,11.5209314352448,1082.182,17.133,3.591,1
"2037","26B.8.4",32,33,2.31120713596018,"No",1082.182,17.133,3.591,"26B.8.4",1065.22185854058,1065.22185854058,1069.29513478921,4.07327624863137,0.00216969555912669,1.23299046308786,0.00528009060527132,2.33271440361326,1082.182,17.133,3.591,1
"2038","26B.8.4",32,33,16.0802420543727,"No",1082.182,17.133,3.591,"26B.8.4",1065.22185854058,1065.22185854058,1069.29513478921,4.07327624863137,0.0150956741315875,2.00250286203945,0.00857540821719235,16.1151720609861,1082.182,17.133,3.591,1
"2039","26B.8.4",32,33,1.88699425835015,"No",1082.182,17.133,3.591,"26B.8.4",1065.22185854058,1065.22185854058,1069.29513478921,4.07327624863137,0.00177145656862078,1.17204056919582,0.00501908212891564,1.9074383663758,1082.182,17.133,3.591,1
"2040","26B.8.4",32,33,1.50514219485027,"No",1082.182,17.133,3.591,"26B.8.4",1065.22185854058,1065.22185854058,1069.29513478921,4.07327624863137,0.00141298470622111,1.10762916518305,0.00474325027183182,1.52446276352383,1082.182,17.133,3.591,1
"2041","26B.8.4",32,33,1.23756865719496,"No",1082.182,17.133,3.591,"26B.8.4",1065.22185854058,1065.22185854058,1069.29513478921,4.07327624863137,0.00116179427531698,1.05473249298133,0.00451672846951151,1.25596653999134,1082.182,17.133,3.591,1
"2042","26B.8.4",32,33,1.13250194848043,"No",1082.182,17.133,3.591,"26B.8.4",1065.22185854058,1065.22185854058,1069.29513478921,4.07327624863137,0.00106316063588108,1.03159621372183,0.0044176509385685,1.15049626112324,1082.182,17.133,3.591,1
"2043","26B.8.4",32,33,1.2705410693267,"No",1082.182,17.133,3.591,"26B.8.4",1065.22185854058,1065.22185854058,1069.29513478921,4.07327624863137,0.00119274783852767,1.06168865591079,0.00454651715939368,1.28906028968606,1082.182,17.133,3.591,1
"2044","26B.8.4",32,33,4.02873030018081,"No",1082.182,17.133,3.591,"26B.8.4",1065.22185854058,1065.22185854058,1069.29513478921,4.07327624863137,0.00378205748209149,1.41674617479996,0.00606699596757735,4.05344285075609,1082.182,17.133,3.591,1
"2045","26B.8.4",32,33,1.75848831462443,"No",1082.182,17.133,3.591,"26B.8.4",1065.22185854058,1065.22185854058,1069.29513478921,4.07327624863137,0.0016508188416577,1.15155549405497,0.00493135796880448,1.77857509791226,1082.182,17.133,3.591,1
"2046","26B.8.4",32,33,1.17144940018852,"No",1082.182,17.133,3.591,"26B.8.4",1065.22185854058,1065.22185854058,1069.29513478921,4.07327624863137,0.00109972339639508,1.04035338262855,0.00445515215748092,1.18959646565563,1082.182,17.133,3.591,1
"2047","26B.8.4",32,33,5.04615130077827,"No",1082.182,17.133,3.591,"26B.8.4",1065.22185854058,1065.22185854058,1069.29513478921,4.07327624863137,0.00473718339547764,1.49878751591724,0.00641832529853775,5.0722949127728,1082.182,17.133,3.591,1
"2048","26B.8.4",32,33,3.71330010980955,"No",1082.182,17.133,3.591,"26B.8.4",1065.22185854058,1065.22185854058,1069.29513478921,4.07327624863137,0.00348594058602684,1.38816155537749,0.00594458676411129,3.73751405388373,1082.182,17.133,3.591,1
"2049","26B.8.4",32,33,2.2838332419114,"No",1082.182,17.133,3.591,"26B.8.4",1065.22185854058,1065.22185854058,1069.29513478921,4.07327624863137,0.0021439977255446,1.22932325579202,0.00526438635826373,2.30527654182814,1082.182,17.133,3.591,1
"2050","26B.8.4",32,33,2.07645325600174,"No",1082.182,17.133,3.591,"26B.8.4",1065.22185854058,1065.22185854058,1069.29513478921,4.07327624863137,0.0019493152899121,1.20041258462259,0.0051405808887133,2.09739226203991,1082.182,17.133,3.591,1
"2051","26B.8.4",32,33,2.23515060348641,"No",1082.182,17.133,3.591,"26B.8.4",1065.22185854058,1065.22185854058,1069.29513478921,4.07327624863137,0.00209829584848052,1.22271910399111,0.00523610510149516,2.25647870603167,1082.182,17.133,3.591,1
"2052","26B.8.4",32,33,2.11180937150102,"No",1082.182,17.133,3.591,"26B.8.4",1065.22185854058,1065.22185854058,1069.29513478921,4.07327624863137,0.00198250660608329,1.20549018350521,0.00516232491914992,2.13283694698191,1082.182,17.133,3.591,1
"2053","26B.8.4",32,33,1.13942957660408,"No",1082.182,17.133,3.591,"26B.8.4",1065.22185854058,1065.22185854058,1069.29513478921,4.07327624863137,0.00106966409623359,1.03317020212049,0.00442439129999498,1.157451344601,1082.182,17.133,3.591,1
"2054","26B.8.4",32,33,1.57271073889685,"No",1082.182,17.133,3.591,"26B.8.4",1065.22185854058,1065.22185854058,1069.29513478921,4.07327624863137,0.00147641613461778,1.11985608213032,0.00479561014908752,1.59224458381483,1082.182,17.133,3.591,1
"2055","26B.8.4",32,33,1.21370333865654,"No",1082.182,17.133,3.591,"26B.8.4",1065.22185854058,1065.22185854058,1069.29513478921,4.07327624863137,0.0011393901926866,1.04961042759278,0.00449479401815337,1.23201187637317,1082.182,17.133,3.591,1
"2056","26B.8.4",32,33,1.12948252270697,"Yes",1082.182,17.133,3.591,"26B.8.4",1065.22185854058,1065.22185854058,1069.29513478921,4.07327624863137,0.00106032608479742,1.0309079263236,0.0044147034544363,1.14746482943267,1082.182,17.133,3.591,1
"2057","26B.8.4",32,33,43.8621795075793,"Yes",1082.182,17.133,3.591,"26B.8.4",1065.22185854058,1065.22185854058,1069.29513478921,4.07327624863137,0.041176567262404,2.57349039680174,0.0110205738598163,43.9070693493288,1082.182,17.133,3.591,1
"2058","26B.8.4",32,33,1.51963325945659,"No",1082.182,17.133,3.591,"26B.8.4",1065.22185854058,1065.22185854058,1069.29513478921,4.07327624863137,0.00142658850573962,1.11028557528724,0.00475462593649007,1.53900016435483,1082.182,17.133,3.591,1
"2059","26B.8.4",32,33,3.43308336824287,"No",1082.182,17.133,3.591,"26B.8.4",1065.22185854058,1065.22185854058,1069.29513478921,4.07327624863137,0.00322288107469593,1.36119732659644,0.00582911663248622,3.45682697057248,1082.182,17.133,3.591,1
"2060","26B.8.4",32,33,1.910100243777,"No",1082.182,17.133,3.591,"26B.8.4",1065.22185854058,1065.22185854058,1069.29513478921,4.07327624863137,0.00179314781091138,1.17561207996446,0.00503437657037379,1.93060665028777,1082.182,17.133,3.591,1
"2061","26B.8.4",32,33,3.36050296812976,"No",1082.182,17.133,3.591,"26B.8.4",1065.22185854058,1065.22185854058,1069.29513478921,4.07327624863137,0.0031547446582948,1.35394514979506,0.00579806030906516,3.38412006947481,1082.182,17.133,3.591,1
"2062","26B.8.4",32,33,2.73789523715361,"No",1082.182,17.133,3.591,"26B.8.4",1065.22185854058,1065.22185854058,1069.29513478921,4.07327624863137,0.00257025821917013,1.28633535546392,0.00550853184103615,2.76033300906654,1082.182,17.133,3.591,1
"2063","26B.8.4",32,33,1.72106290102404,"No",1082.182,17.133,3.591,"26B.8.4",1065.22185854058,1065.22185854058,1069.29513478921,4.07327624863137,0.00161568492725262,1.14537891961221,0.00490490774581872,1.74104194524681,1082.182,17.133,3.591,1
"2064","26B.8.4",32,33,1.25631076674974,"No",1082.182,17.133,3.591,"26B.8.4",1065.22185854058,1065.22185854058,1069.29513478921,4.07327624863137,0.0011793888349897,1.05870330890021,0.00453373287340287,1.27477791318061,1082.182,17.133,3.591,1
"2065","26B.8.4",32,33,1.1471905762173,"No",1082.182,17.133,3.591,"26B.8.4",1065.22185854058,1065.22185854058,1069.29513478921,4.07327624863137,0.00107694990205047,1.03492503491338,0.0044319060995177,1.16524295406863,1082.182,17.133,3.591,1
"2066","26B.8.4",32,33,1.17946832891098,"No",1082.182,17.133,3.591,"26B.8.4",1065.22185854058,1065.22185854058,1069.29513478921,4.07327624863137,0.00110725133872761,1.04212921468167,0.00446275688308174,1.19764637052625,1082.182,17.133,3.591,1
"2067","26B.8.4",32,33,1.0545726484294,"No",1082.182,17.133,3.591,"26B.8.4",1065.22185854058,1065.22185854058,1069.29513478921,4.07327624863137,0.000990002824270077,1.01337252609681,0.00433961082008998,1.07224908211117,1082.182,17.133,3.591,1
"2068","26B.8.4",32,33,50.5703438896357,"No",1082.182,17.133,3.591,"26B.8.4",1065.22185854058,1065.22185854058,1069.29513478921,4.07327624863137,0.0474740012929515,2.66669886905544,0.0114197246995121,50.6168595830202,1082.182,17.133,3.591,1
"2069","26B.8.4",32,33,1.27323956043518,"No",1082.182,17.133,3.591,"26B.8.4",1065.22185854058,1065.22185854058,1069.29513478921,4.07327624863137,0.00119528110527096,1.06225193530179,0.00454892931610502,1.29176860617517,1082.182,17.133,3.591,1
"2070","26B.8.4",32,33,8.71853492878513,"No",1082.182,17.133,3.591,"26B.8.4",1065.22185854058,1065.22185854058,1069.29513478921,4.07327624863137,0.00818471275151079,1.71834703531263,0.00735855491941751,8.74850835576264,1082.182,17.133,3.591,1
"2071","26B.8.4",32,33,4.23018229032534,"No",1082.182,17.133,3.591,"26B.8.4",1065.22185854058,1065.22185854058,1069.29513478921,4.07327624863137,0.00397117488381335,1.43413412759667,0.00614145718115145,4.25519814199331,1082.182,17.133,3.591,1
"2072","26B.8.4",32,33,1.27722690071538,"No",1082.182,17.133,3.591,"26B.8.4",1065.22185854058,1065.22185854058,1069.29513478921,4.07327624863137,0.00119902430697888,1.06308261065528,0.00455248655459251,1.29577043607041,1082.182,17.133,3.591,1
"2073","26B.8.4",32,33,3.47176825388304,"No",1082.182,17.133,3.591,"26B.8.4",1065.22185854058,1065.22185854058,1069.29513478921,4.07327624863137,0.00325919734564927,1.36501581118319,0.0058454687010516,3.49557846270516,1082.182,17.133,3.591,1
"2074","26B.8.4",32,33,1.49969878649936,"No",1082.182,17.133,3.591,"26B.8.4",1065.22185854058,1065.22185854058,1069.29513478921,4.07327624863137,0.0014078745891997,1.10662635759361,0.00473895590371594,1.51900186302528,1082.182,17.133,3.591,1
"2075","26B.8.4",32,33,1.27330821317475,"No",1082.182,17.133,3.591,"26B.8.4",1065.22185854058,1065.22185854058,1069.29513478921,4.07327624863137,0.0011953455545113,1.06226625409796,0.0045489906341309,1.29183750868,1082.182,17.133,3.591,1
"2076","26B.8.4",32,33,16.7620061346746,"No",1082.182,17.133,3.591,"26B.8.4",1065.22185854058,1065.22185854058,1069.29513478921,4.07327624863137,0.0157356948698364,2.02339884995291,0.00866489204758099,16.797300633649,1082.182,17.133,3.591,1
"2077","26B.8.4",32,33,1.65790028245314,"No",1082.182,17.133,3.591,"26B.8.4",1065.22185854058,1065.22185854058,1069.29513478921,4.07327624863137,0.00155638965644637,1.13472233008656,0.00485927255242258,1.67769344192655,1082.182,17.133,3.591,1
"2078","26B.8.4",32,33,1.44576642106287,"Yes",1082.182,17.133,3.591,"26B.8.4",1065.22185854058,1065.22185854058,1069.29513478921,4.07327624863137,0.00135724441764991,1.09654013829547,0.00469576323243975,1.46489356190677,1082.182,17.133,3.591,1
"2079","26B.8.4",32,33,0.0230815812752372,"Yes",1082.182,17.133,3.591,"26B.8.4",1065.22185854058,1065.22185854058,1069.29513478921,4.07327624863137,2.16683323667995e-05,0.389777162358901,0.00166916030150502,0.029880532286516,1082.182,17.133,3.591,1
"2080","26B.8.4",32,33,1.42445279477658,"No",1082.182,17.133,3.591,"26B.8.4",1065.22185854058,1065.22185854058,1069.29513478921,4.07327624863137,0.00133723579116952,1.09247627780988,0.00467836037960878,1.44350904899338,1082.182,17.133,3.591,1
"2081","26B.8.4",32,33,9.41017631112922,"No",1082.182,17.133,3.591,"26B.8.4",1065.22185854058,1065.22185854058,1069.29513478921,4.07327624863137,0.00883400602013719,1.7514568415447,0.00750034253421421,9.44072727823044,1082.182,17.133,3.591,1
"2082","26B.8.4",32,33,7.64265313340766,"No",1082.182,17.133,3.591,"26B.8.4",1065.22185854058,1065.22185854058,1069.29513478921,4.07327624863137,0.00717470550583571,1.66268905257334,0.00712020823258745,7.67165570848677,1082.182,17.133,3.591,1
"2083","26B.8.4",32,33,5.92029594443952,"No",1082.182,17.133,3.591,"26B.8.4",1065.22185854058,1065.22185854058,1069.29513478921,4.07327624863137,0.00555780553785358,1.55986083596164,0.00667986232826591,5.94750486900538,1082.182,17.133,3.591,1
"2084","26B.8.4",32,33,1.61414807167655,"No",1082.182,17.133,3.591,"26B.8.4",1065.22185854058,1065.22185854058,1069.29513478921,4.07327624863137,0.00151531632470256,1.12716071249086,0.00482689109674796,1.63380933253566,1082.182,17.133,3.591,1
"2085","26B.8.4",32,33,4.51121737106659,"No",1082.182,17.133,3.591,"26B.8.4",1065.22185854058,1065.22185854058,1069.29513478921,4.07327624863137,0.00423500262869862,1.45738212478543,0.00624101312681572,4.53663874160345,1082.182,17.133,3.591,1
"2086","26B.8.4",32,33,5.91027949337467,"No",1082.182,17.133,3.591,"26B.8.4",1065.22185854058,1065.22185854058,1069.29513478921,4.07327624863137,0.00554840237832906,1.55920064124378,0.00667703514668439,5.93747690204894,1082.182,17.133,3.591,1
"2087","26B.8.4",32,33,5.97069465117431,"No",1082.182,17.133,3.591,"26B.8.4",1065.22185854058,1065.22185854058,1069.29513478921,4.07327624863137,0.00560511841106464,1.56317001357468,0.00669403336863394,5.99796129830231,1082.182,17.133,3.591,1
"2088","26B.8.4",32,33,1.62095479242544,"No",1082.182,17.133,3.591,"26B.8.4",1065.22185854058,1065.22185854058,1069.29513478921,4.07327624863137,0.00152170628064866,1.12834712246478,0.00483197171362603,1.64063674804061,1082.182,17.133,3.591,1
"2089","26B.8.4",32,33,2.97586057861383,"No",1082.182,17.133,3.591,"26B.8.4",1065.22185854058,1065.22185854058,1069.29513478921,4.07327624863137,0.00279365331715117,1.31341854802829,0.00562451141662976,2.99877076737735,1082.182,17.133,3.591,1
"2090","26B.8.4",32,33,1.43943048894807,"No",1082.182,17.133,3.591,"26B.8.4",1065.22185854058,1065.22185854058,1069.29513478921,4.07327624863137,0.00135129642469051,1.0953367885091,0.00469061007343966,1.4585366395518,1082.182,17.133,3.591,1
"2091","26B.8.4",32,33,1.36634881201879,"No",1082.182,17.133,3.591,"26B.8.4",1065.22185854058,1065.22185854058,1069.29513478921,4.07327624863137,0.00128268942386403,1.08116106121286,0.00462990471783432,1.38520769293937,1082.182,17.133,3.591,1
"2092","26B.8.4",32,33,1.50789275177959,"No",1082.182,17.133,3.591,"26B.8.4",1065.22185854058,1065.22185854058,1069.29513478921,4.07327624863137,0.00141556685087696,1.10813485021172,0.00474541578961078,1.52722214120529,1082.182,17.133,3.591,1
"2093","26B.8.4",32,33,43.8919183427652,"No",1082.182,17.133,3.591,"26B.8.4",1065.22185854058,1065.22185854058,1069.29513478921,4.07327624863137,0.041204485235498,2.57392649663032,0.0110224413897582,43.93681579148,1082.182,17.133,3.591,1
"2094","26B.8.4",32,33,4.22930454396292,"No",1082.182,17.133,3.591,"26B.8.4",1065.22185854058,1065.22185854058,1069.29513478921,4.07327624863137,0.00397035088047979,1.43405972749473,0.00614113857424322,4.25431909785694,1082.182,17.133,3.591,1
"2095","26B.8.4",32,33,1.44614284266501,"No",1082.182,17.133,3.591,"26B.8.4",1065.22185854058,1065.22185854058,1069.29513478921,4.07327624863137,0.00135759779154956,1.09661150547754,0.00469606885133857,1.46527122837911,1082.182,17.133,3.591,1
"2096","26B.8.4",32,33,37.5644215152269,"No",1082.182,17.133,3.591,"26B.8.4",1065.22185854058,1065.22185854058,1069.29513478921,4.07327624863137,0.03526441108399,2.4756781080227,0.0106017078892159,37.607605200167,1082.182,17.133,3.591,1
"2097","26B.8.4",32,33,2.26186984041271,"No",1082.182,17.133,3.591,"26B.8.4",1065.22185854058,1065.22185854058,1069.29513478921,4.07327624863137,0.00212337910856581,1.22635696635471,0.00525168368337749,2.28326139882554,1082.182,17.133,3.591,1
"2098","26B.8.4",32,33,2.93343420113609,"No",1082.182,17.133,3.591,"26B.8.4",1065.22185854058,1065.22185854058,1069.29513478921,4.07327624863137,0.00275382464001919,1.30871200955613,0.00560435639490479,2.95626229292832,1082.182,17.133,3.591,1
"2099","26B.8.4",32,33,1.20428592204266,"No",1082.182,17.133,3.591,"26B.8.4",1065.22185854058,1065.22185854058,1069.29513478921,4.07327624863137,0.00113054938967607,1.04756843127684,0.00448604948533938,1.22255884086148,1082.182,17.133,3.591,1
"2100","26B.8.4",32,33,1.50763681477244,"No",1082.182,17.133,3.591,"26B.8.4",1065.22185854058,1065.22185854058,1069.29513478921,4.07327624863137,0.0014153265844901,1.10808782585101,0.00474521441507254,1.52696538394402,1082.182,17.133,3.591,1
"2101","26B.8.4",32,33,2.16790982751224,"No",1082.182,17.133,3.591,"26B.8.4",1065.22185854058,1065.22185854058,1069.29513478921,4.07327624863137,0.00203517211943286,1.21341763815072,0.00519627301530359,2.18907568296688,1082.182,17.133,3.591,1
"2102","26B.8.4",32,33,1.11488113887135,"No",1082.182,17.133,3.591,"26B.8.4",1065.22185854058,1065.22185854058,1069.29513478921,4.07327624863137,0.00104661872072247,1.02755988644043,0.0044003659924182,1.13280504515355,1082.182,17.133,3.591,1
"2103","26B.8.4",32,33,3.15768045991155,"No",1082.182,17.133,3.591,"26B.8.4",1065.22185854058,1065.22185854058,1069.29513478921,4.07327624863137,0.00296434065316474,1.33303651190517,0.00570852230711263,3.18093284823989,1082.182,17.133,3.591,1
"2104","26B.8.4",32,33,2.36862012480799,"No",1082.182,17.133,3.591,"26B.8.4",1065.22185854058,1065.22185854058,1069.29513478921,4.07327624863137,0.0022235932409922,1.24057736717794,0.00531258034643998,2.39025973215209,1082.182,17.133,3.591,1
"2105","26B.8.4",32,33,2.42532219351692,"No",1082.182,17.133,3.591,"26B.8.4",1065.22185854058,1065.22185854058,1069.29513478921,4.07327624863137,0.00227682353124048,1.24793613494741,0.00534409312916551,2.44709016113042,1082.182,17.133,3.591,1
"2106","26B.8.4",32,33,2.04563348602957,"No",1082.182,17.133,3.591,"26B.8.4",1065.22185854058,1065.22185854058,1069.29513478921,4.07327624863137,0.00192038256596819,1.19593329272709,0.00512139901524085,2.06649435899811,1082.182,17.133,3.591,1
"2107","26B.8.4",32,33,1.41200966919054,"No",1082.182,17.133,3.591,"26B.8.4",1065.22185854058,1065.22185854058,1069.29513478921,4.07327624863137,0.00132555453858699,1.09008262566343,0.00466810993519,1.43102417051555,1082.182,17.133,3.591,1
"2108","26B.8.4",32,33,1.28621471062851,"No",1082.182,17.133,3.591,"26B.8.4",1065.22185854058,1065.22185854058,1069.29513478921,4.07327624863137,0.00120746180743108,1.06494791619375,0.00456047443653034,1.30479078283332,1082.182,17.133,3.591,1
"2109","26B.8.4",32,33,1.45542356786297,"No",1082.182,17.133,3.591,"26B.8.4",1065.22185854058,1065.22185854058,1069.29513478921,4.07327624863137,0.00136631027254453,1.09836668282197,0.0047035851263499,1.47458256944155,1082.182,17.133,3.591,1
"2110","26B.8.4",32,33,1.45706452995213,"No",1082.182,17.133,3.591,"26B.8.4",1065.22185854058,1065.22185854058,1069.29513478921,4.07327624863137,0.00136785076110661,1.09867614883793,0.00470491036661124,1.47622892960039,1082.182,17.133,3.591,1
"2111","26B.8.4",32,33,1.40553411965466,"No",1082.182,17.133,3.591,"26B.8.4",1065.22185854058,1065.22185854058,1069.29513478921,4.07327624863137,0.00131947547676155,1.08883067668129,0.00466274865766455,1.42452678301526,1082.182,17.133,3.591,1
"2112","26B.8.4",32,33,1.24953123004176,"Yes",1082.182,17.133,3.591,"26B.8.4",1065.22185854058,1065.22185854058,1069.29513478921,4.07327624863137,0.00117302439864846,1.05727211671977,0.00452760401465457,1.26797341193786,1082.182,17.133,3.591,1
"2113","26B.8.4",32,33,1.012561820189,"Yes",1082.182,17.133,3.591,"26B.8.4",1065.22185854058,1065.22185854058,1069.29513478921,4.07327624863137,0.000950564252949403,1.00312576883704,0.00429573066986864,1.0300595178971,1082.182,17.133,3.591,1
"2114","26B.8.4",32,33,38.9965189688471,"Yes",1082.182,17.133,3.591,"26B.8.4",1065.22185854058,1065.22185854058,1069.29513478921,4.07327624863137,0.036608823463569,2.49894363414485,0.0107013388998213,39.0401084784163,1082.182,17.133,3.591,1
"2115","26B.8.4",32,33,1.49699260671315,"No",1082.182,17.133,3.591,"26B.8.4",1065.22185854058,1065.22185854058,1069.29513478921,4.07327624863137,0.0014053341045443,1.10612679752881,0.00473681661514568,1.51628696932574,1082.182,17.133,3.591,1
"2116","26B.8.4",32,33,0.368103632562356,"No",1082.182,17.133,3.591,"26B.8.4",1065.22185854058,1065.22185854058,1069.29513478921,4.07327624863137,0.000345565226258763,0.778919409259684,0.00333560167594134,0.381690459643863,1082.182,17.133,3.591,1
"2117","26B.8.4",32,33,1.33262325642968,"No",1082.182,17.133,3.591,"26B.8.4",1065.22185854058,1065.22185854058,1069.29513478921,4.07327624863137,0.00125102883098499,1.07442683562589,0.00460106644023199,1.35136467107905,1082.182,17.133,3.591,1
"2118","26B.8.4",32,33,1.65984581866981,"No",1082.182,17.133,3.591,"26B.8.4",1065.22185854058,1065.22185854058,1069.29513478921,4.07327624863137,0.00155821607054131,1.13505508118455,0.00486069750743964,1.67964478237865,1082.182,17.133,3.591,1
"2119","26B.8.4",32,33,1.30710958876606,"No",1082.182,17.133,3.591,"26B.8.4",1065.22185854058,1065.22185854058,1069.29513478921,4.07327624863137,0.0012270773250531,1.06924690083455,0.00457888417212332,1.32576064890961,1082.182,17.133,3.591,1
"2120","26B.8.4",32,33,19.1979925720581,"No",1082.182,17.133,3.591,"26B.8.4",1065.22185854058,1065.22185854058,1069.29513478921,4.07327624863137,0.018022529690069,2.0932155619351,0.00896387129848686,19.234504896114,1082.182,17.133,3.591,1
"2121","26B.8.4",32,33,2.82572385698051,"No",1082.182,17.133,3.591,"26B.8.4",1065.22185854058,1065.22185854058,1069.29513478921,4.07327624863137,0.00265270923078121,1.29652958009825,0.00555218702842905,2.84833944853137,1082.182,17.133,3.591,1
"2122","26B.8.4",32,33,1.42610469696277,"No",1082.182,17.133,3.591,"26B.8.4",1065.22185854058,1065.22185854058,1069.29513478921,4.07327624863137,0.0013387865499837,1.09279286950037,0.00467971613446719,1.44516647354364,1082.182,17.133,3.591,1
"2123","26B.8.4",32,33,1.67426750275459,"No",1082.182,17.133,3.591,"26B.8.4",1065.22185854058,1065.22185854058,1069.29513478921,4.07327624863137,0.00157175473759846,1.13751258948405,0.00487122140593931,1.69410933320923,1082.182,17.133,3.591,1
"2124","26B.8.4",32,33,1.47315460574157,"No",1082.182,17.133,3.591,"26B.8.4",1065.22185854058,1065.22185854058,1069.29513478921,4.07327624863137,0.00138295566686914,1.10169678477238,0.00471784577195043,1.49237169486916,1082.182,17.133,3.591,1
"2125","26B.8.4",32,33,1.54297410526841,"No",1082.182,17.133,3.591,"26B.8.4",1065.22185854058,1065.22185854058,1069.29513478921,4.07327624863137,0.00144850022828331,1.11452460168786,0.00477277891021004,1.56241495224334,1082.182,17.133,3.591,1
"2126","26B.8.4",32,33,1.37693761363268,"No",1082.182,17.133,3.591,"26B.8.4",1065.22185854058,1065.22185854058,1069.29513478921,4.07327624863137,0.00129262988981391,1.0832496712783,0.00463884886680769,1.39583292654284,1082.182,17.133,3.591,1
"2127","26B.8.4",32,33,49.203141925462,"No",1082.182,17.133,3.591,"26B.8.4",1065.22185854058,1065.22185854058,1069.29513478921,4.07327624863137,0.0461905109540967,2.64848921647088,0.0113417446839196,49.2493399847011,1082.182,17.133,3.591,1
"2128","26B.8.4",32,33,2.62656594237034,"No",1082.182,17.133,3.591,"26B.8.4",1065.22185854058,1065.22185854058,1069.29513478921,4.07327624863137,0.00246574544195788,1.27305473678804,0.00545165964939967,2.64877205813587,1082.182,17.133,3.591,1
"2129","26B.8.4",32,33,1.89069381668376,"No",1082.182,17.133,3.591,"26B.8.4",1065.22185854058,1065.22185854058,1069.29513478921,4.07327624863137,0.00177492960881795,1.17261461018569,0.00502154037050663,1.91114793780649,1082.182,17.133,3.591,1
"2130","26B.8.4",32,33,2.05120064160254,"No",1082.182,17.133,3.591,"26B.8.4",1065.22185854058,1065.22185854058,1069.29513478921,4.07327624863137,0.00192560885336394,1.19674614149752,0.00512487991414863,2.07207569323393,1082.182,17.133,3.591,1
"2131","26B.8.4",32,33,1.4797872875887,"Yes",1082.182,17.133,3.591,"26B.8.4",1065.22185854058,1065.22185854058,1069.29513478921,4.07327624863137,0.00138918224004161,1.10293475720718,0.00472314719707759,1.49902597088534,1082.182,17.133,3.591,1
"2132","26B.8.4",32,33,22.5684686049664,"Yes",1082.182,17.133,3.591,"26B.8.4",1065.22185854058,1065.22185854058,1069.29513478921,4.07327624863137,0.021186636778076,2.17959359346235,0.00933377183415413,22.6064876360886,1082.182,17.133,3.591,1
"2133","26B.8.4",32,33,2.73455874550372,"No",1082.182,17.133,3.591,"26B.8.4",1065.22185854058,1065.22185854058,1069.29513478921,4.07327624863137,0.00256712601565483,1.28594328331385,0.00550685285280541,2.75698967843376,1082.182,17.133,3.591,1
"2134","26B.8.4",32,33,14.7600449569525,"No",1082.182,17.133,3.591,"26B.8.4",1065.22185854058,1065.22185854058,1069.29513478921,4.07327624863137,0.0138563106254454,1.96007152761549,0.00839370260229247,14.7942348264005,1082.182,17.133,3.591,1
"2135","26B.8.4",32,33,16.1535187776614,"No",1082.182,17.133,3.591,"26B.8.4",1065.22185854058,1065.22185854058,1069.29513478921,4.07327624863137,0.0151644642363918,2.00478029605392,0.00858516097546902,16.1884885099535,1082.182,17.133,3.591,1
"2136","26B.8.4",32,33,4.62830277302739,"No",1082.182,17.133,3.591,"26B.8.4",1065.22185854058,1065.22185854058,1069.29513478921,4.07327624863137,0.00434491907570169,1.46674778297188,0.00628112010678263,4.65388751037315,1082.182,17.133,3.591,1
"2137","26B.8.4",32,33,4.68029636015217,"No",1082.182,17.133,3.591,"26B.8.4",1065.22185854058,1065.22185854058,1069.29513478921,4.07327624863137,0.00439372917728562,1.47084984293382,0.00629868654295202,4.70595265044515,1082.182,17.133,3.591,1
"2138","26B.8.4",32,33,4.46405200350797,"No",1082.182,17.133,3.591,"26B.8.4",1065.22185854058,1065.22185854058,1069.29513478921,4.07327624863137,0.0041907251223928,1.4535578179189,0.00622463612523933,4.48940666599328,1082.182,17.133,3.591,1
"2139","26B.8.4",32,33,1.18692182935542,"No",1082.182,17.133,3.591,"26B.8.4",1065.22185854058,1065.22185854058,1069.29513478921,4.07327624863137,0.00111424847306604,1.04377172825363,0.00446979069294481,1.20512852162134,1082.182,17.133,3.591,1
"2140","26B.8.4",32,33,2.70760950479095,"No",1082.182,17.133,3.591,"26B.8.4",1065.22185854058,1065.22185854058,1069.29513478921,4.07327624863137,0.00254182683455307,1.28276324468603,0.00549323483013139,2.72998496775268,1082.182,17.133,3.591,1
"2141","26B.8.4",32,33,3.16375712878988,"No",1082.182,17.133,3.591,"26B.8.4",1065.22185854058,1065.22185854058,1069.29513478921,4.07327624863137,0.00297004525716776,1.33367737649274,0.00571126671040638,3.18702069583098,1082.182,17.133,3.591,1
"2142","26B.8.4",32,33,1.3051420337817,"No",1082.182,17.133,3.591,"26B.8.4",1065.22185854058,1065.22185854058,1069.29513478921,4.07327624863137,0.00122523024036497,1.06884429674558,0.00457716008249615,1.32378607123192,1082.182,17.133,3.591,1
"2143","26B.8.4",32,33,1.17600909078826,"No",1082.182,17.133,3.591,"26B.8.4",1065.22185854058,1065.22185854058,1069.29513478921,4.07327624863137,0.00110400390431292,1.04136426307738,0.00445948109636623,1.19417378921931,1082.182,17.133,3.591,1
"2144","26B.8.4",32,33,45.0641626843784,"No",1082.182,17.133,3.591,"26B.8.4",1065.22185854058,1065.22185854058,1069.29513478921,4.07327624863137,0.042304954900305,2.59094280776526,0.0110953111055019,45.1093569515756,1082.182,17.133,3.591,1
"2145","26B.8.4",32,33,12.269884225093,"No",1082.182,17.133,3.591,"26B.8.4",1065.22185854058,1065.22185854058,1069.29513478921,4.07327624863137,0.0115186185175579,1.87158741495045,0.00801478310049165,12.3025306507342,1082.182,17.133,3.591,1
"2146","26B.8.4",32,33,3.54333077884273,"No",1082.182,17.133,3.591,"26B.8.4",1065.22185854058,1065.22185854058,1069.29513478921,4.07327624863137,0.00332637820979126,1.37199624948605,0.00587536134645882,3.56726274866739,1082.182,17.133,3.591,1
"2147","26B.8.4",32,33,1.42354677444054,"No",1082.182,17.133,3.591,"26B.8.4",1065.22185854058,1065.22185854058,1069.29513478921,4.07327624863137,0.00133638524503326,1.09230251952493,0.00467761628667747,1.44259999776128,1082.182,17.133,3.591,1
"2148","26B.8.4",32,33,7.09959952913193,"No",1082.182,17.133,3.591,"26B.8.4",1065.22185854058,1065.22185854058,1069.29513478921,4.07327624863137,0.00666490221939194,1.63233188133291,0.00699020835061935,7.12807257877949,1082.182,17.133,3.591,1
"2149","26B.8.4",32,33,1.48311538307175,"No",1082.182,17.133,3.591,"26B.8.4",1065.22185854058,1065.22185854058,1069.29513478921,4.07327624863137,0.00139230656147416,1.10355436998299,0.00472580059278051,1.50236487438209,1082.182,17.133,3.591,1
"2150","26B.8.4",32,33,1.47780145876575,"Yes",1082.182,17.133,3.591,"26B.8.4",1065.22185854058,1065.22185854058,1069.29513478921,4.07327624863137,0.0013873180003933,1.10256454475748,0.00472156181962652,1.49703368438208,1082.182,17.133,3.591,1
"2151","26B.8.4",32,33,4.60107106956321,"Yes",1082.182,17.133,3.591,"26B.8.4",1065.22185854058,1065.22185854058,1069.29513478921,4.07327624863137,0.00431935472659841,1.46458551774864,0.00627186054100889,4.62661809013963,1082.182,17.133,3.591,1
"2152","26B.8.4",32,33,2.30720024401577,"No",1082.182,17.133,3.591,"26B.8.4",1065.22185854058,1065.22185854058,1069.29513478921,4.07327624863137,0.0021659340028722,1.23245571279774,0.0052778006200139,2.32869818392628,1082.182,17.133,3.591,1
"2153","26B.8.4",32,33,2.79103975065623,"No",1082.182,17.133,3.591,"26B.8.4",1065.22185854058,1065.22185854058,1069.29513478921,4.07327624863137,0.00262014877772047,1.29253259961772,0.00553507057885666,2.81358562217959,1082.182,17.133,3.591,1
"2154","26B.8.4",32,33,3.91106333731181,"No",1082.182,17.133,3.591,"26B.8.4",1065.22185854058,1065.22185854058,1069.29513478921,4.07327624863137,0.00367159508223967,1.40628619115987,0.00602220270842188,3.93559343256846,1082.182,17.133,3.591,1
"2155","26B.8.4",32,33,2.55222218081475,"No",1082.182,17.133,3.591,"26B.8.4",1065.22185854058,1065.22185854058,1069.29513478921,4.07327624863137,0.00239595363196118,1.2639492009373,0.00541266660302925,2.57426946713063,1082.182,17.133,3.591,1
"2156","26B.8.4",32,33,1.06939934327619,"No",1082.182,17.133,3.591,"26B.8.4",1065.22185854058,1065.22185854058,1069.29513478921,4.07327624863137,0.00100392170391746,1.01691576058938,0.00435478417277727,1.08713758221508,1082.182,17.133,3.591,1
"2157","26B.8.4",32,33,1.04101900990809,"No",1082.182,17.133,3.591,"26B.8.4",1065.22185854058,1065.22185854058,1069.29513478921,4.07327624863137,0.000977279053712199,1.0101006836493,0.00432559966178325,1.05863837227152,1082.182,17.133,3.591,1
"2158","26B.8.4",32,33,1.22005607410036,"No",1082.182,17.133,3.591,"26B.8.4",1065.22185854058,1065.22185854058,1069.29513478921,4.07327624863137,0.00114535396013363,1.05098120105909,0.00450066414312035,1.2383885224576,1082.182,17.133,3.591,1
"2159","26B.8.4",32,33,1.24157223280519,"Yes",1082.182,17.133,3.591,"26B.8.4",1065.22185854058,1065.22185854058,1069.29513478921,4.07327624863137,0.00116555271829121,1.05558448373521,0.00452037698789834,1.25998497702486,1082.182,17.133,3.591,1
"2160","26B.8.4",32,33,48.8540848982398,"Yes",1082.182,17.133,3.591,"26B.8.4",1065.22185854058,1065.22185854058,1069.29513478921,4.07327624863137,0.0458628261394981,2.64377943897881,0.0113215757915938,48.9002008040087,1082.182,17.133,3.591,1
"2161","26B.9.4",32,33,22.0583654194827,"No",1823.272,20.457,6.603,"26B.9.4",1552.91477011255,1552.91477011255,1585.9644679783,33.0496978657477,0.0142044919940351,2.16717175446693,0.00660338869500967,22.2766054207428,1823.272,20.457,6.603,1
"2162","26B.9.4",32,33,9.92905713883464,"No",1823.272,20.457,6.603,"26B.9.4",1552.91477011255,1552.91477011255,1585.9644679783,33.0496978657477,0.00639381975748417,1.7751170788973,0.00540879513907853,10.1078161839989,1823.272,20.457,6.603,1
"2163","26B.9.4",32,33,9.07656491950257,"No",1823.272,20.457,6.603,"26B.9.4",1552.91477011255,1552.91477011255,1585.9644679783,33.0496978657477,0.0058448570998167,1.73572284509786,0.00528876061131966,9.25135685979095,1823.272,20.457,6.603,1
"2164","26B.9.4",32,33,8.52360761601407,"No",1823.272,20.457,6.603,"26B.9.4",1552.91477011255,1552.91477011255,1585.9644679783,33.0496978657477,0.00548878005416632,1.70866082441853,0.00520630243002891,8.69567433832423,1823.272,20.457,6.603,1
"2165","26B.9.4",32,33,7.4355226322063,"No",1823.272,20.457,6.603,"26B.9.4",1552.91477011255,1552.91477011255,1585.9644679783,33.0496978657477,0.00478810735483402,1.6513072017474,0.00503154550880949,7.60181369107021,1823.272,20.457,6.603,1
"2166","26B.9.4",32,33,2.0498305775149,"No",1823.272,20.457,6.603,"26B.9.4",1552.91477011255,1552.91477011255,1585.9644679783,33.0496978657477,0.00131998910498245,1.19654625493834,0.00364588547106619,2.17032599078676,1823.272,20.457,6.603,1
"2167","26B.9.4",32,33,3.11623365674361,"No",1823.272,20.457,6.603,"26B.9.4",1552.91477011255,1552.91477011255,1585.9644679783,33.0496978657477,0.00200669973440832,1.32864055158975,0.00404837779009225,3.25003131955257,1823.272,20.457,6.603,1
"2168","26B.9.4",32,33,5.08036624727273,"No",1823.272,20.457,6.603,"26B.9.4",1552.91477011255,1552.91477011255,1585.9644679783,33.0496978657477,0.00327150359121416,1.50132167786519,0.00457453848535715,5.23155336208902,1823.272,20.457,6.603,1
"2169","26B.9.4",32,33,3.09186195426602,"No",1823.272,20.457,6.603,"26B.9.4",1552.91477011255,1552.91477011255,1585.9644679783,33.0496978657477,0.00199100556822054,1.32603511180986,0.00404043899541546,3.22539724230949,1823.272,20.457,6.603,1
"2170","26B.9.4",32,33,2.38930452285706,"No",1823.272,20.457,6.603,"26B.9.4",1552.91477011255,1552.91477011255,1585.9644679783,33.0496978657477,0.00153859346877349,1.24327693360127,0.00378827420170413,2.51450584065599,1823.272,20.457,6.603,1
"2171","26B.9.4",32,33,2.76213734916007,"No",1823.272,20.457,6.603,"26B.9.4",1552.91477011255,1552.91477011255,1585.9644679783,33.0496978657477,0.00177867929542577,1.28917334544275,0.00392812091503953,2.89196055858225,1823.272,20.457,6.603,1
"2172","26B.9.4",32,33,1.91083707565391,"No",1823.272,20.457,6.603,"26B.9.4",1552.91477011255,1552.91477011255,1585.9644679783,33.0496978657477,0.0012304841916826,1.17572543830511,0.00358244428561636,2.0292357769144,1823.272,20.457,6.603,1
"2173","26B.9.4",32,33,1.4444068219083,"No",1823.272,20.457,6.603,"26B.9.4",1552.91477011255,1552.91477011255,1585.9644679783,33.0496978657477,0.000930126269456249,1.09628225066887,0.00334038029320258,1.55480538135534,1823.272,20.457,6.603,1
"2174","26B.9.4",32,33,1.50008054644962,"No",1823.272,20.457,6.603,"26B.9.4",1552.91477011255,1552.91477011255,1585.9644679783,33.0496978657477,0.000965977383511459,1.10669677595109,0.00337211343035274,1.61152787649181,1823.272,20.457,6.603,1
"2175","26B.9.4",32,33,1.57902793077131,"No",1823.272,20.457,6.603,"26B.9.4",1552.91477011255,1552.91477011255,1585.9644679783,33.0496978657477,0.00101681557878213,1.1209789387534,0.00341563128822196,1.69191351286784,1823.272,20.457,6.603,1
"2176","26B.9.4",32,33,51.2947495685337,"No",1823.272,20.457,6.603,"26B.9.4",1552.91477011255,1552.91477011255,1585.9644679783,33.0496978657477,0.0330312716162883,2.67619791777799,0.00815439525706187,51.5642498680575,1823.272,20.457,6.603,1
"2177","26B.9.4",32,33,7.10062382219376,"No",1823.272,20.457,6.603,"26B.9.4",1552.91477011255,1552.91477011255,1585.9644679783,33.0496978657477,0.00457244915101111,1.63239075422292,0.00497390695040937,7.26500994411714,1823.272,20.457,6.603,1
"2178","26B.9.4",32,33,2.45676753241003,"No",1823.272,20.457,6.603,"26B.9.4",1552.91477011255,1552.91477011255,1585.9644679783,33.0496978657477,0.0015820362969643,1.25196162176378,0.00381473651209267,2.58284342157213,1823.272,20.457,6.603,1
"2179","26B.9.4",32,33,32.8216143882855,"No",1823.272,20.457,6.603,"26B.9.4",1552.91477011255,1552.91477011255,1585.9644679783,33.0496978657477,0.0211354898671655,2.39353611472415,0.00729312260945122,33.0626498870257,1823.272,20.457,6.603,1
"2180","26B.9.4",32,33,3.09154025714183,"No",1823.272,20.457,6.603,"26B.9.4",1552.91477011255,1552.91477011255,1585.9644679783,33.0496978657477,0.00199079841124685,1.32600061816708,0.00404033389302551,3.22507207158307,1823.272,20.457,6.603,1
"2181","26B.9.4",32,33,10.5465690864549,"No",1823.272,20.457,6.603,"26B.9.4",1552.91477011255,1552.91477011255,1585.9644679783,33.0496978657477,0.00679146678841266,1.8020954928579,0.00549099857006618,10.7280449301768,1823.272,20.457,6.603,1
"2182","26B.9.4",32,33,1.33457983835003,"No",1823.272,20.457,6.603,"26B.9.4",1552.91477011255,1552.91477011255,1585.9644679783,33.0496978657477,0.000859403145642886,1.07482099197615,0.00327498767596304,1.44281719155465,1823.272,20.457,6.603,1
"2183","26B.9.4",32,33,1.00774439385626,"Yes",1823.272,20.457,6.603,"26B.9.4",1552.91477011255,1552.91477011255,1585.9644679783,33.0496978657477,0.000648937348817427,1.00193050101469,0.00305288979978108,1.10864147935645,1823.272,20.457,6.603,1
"2184","26B.9.4",32,33,4.84332879412096,"Yes",1823.272,20.457,6.603,"26B.9.4",1552.91477011255,1552.91477011255,1585.9644679783,33.0496978657477,0.00311886324177979,1.48349466264005,0.00452021943539685,4.9927206807477,1823.272,20.457,6.603,1
"2185","26B.9.4",32,33,1.24858038140276,"No",1823.272,20.457,6.603,"26B.9.4",1552.91477011255,1552.91477011255,1585.9644679783,33.0496978657477,0.000804023765780956,1.05707092271755,0.00322090308094361,1.35503025508281,1823.272,20.457,6.603,1
"2186","26B.9.4",32,33,15.2282233596341,"No",1823.272,20.457,6.603,"26B.9.4",1552.91477011255,1552.91477011255,1585.9644679783,33.0496978657477,0.00980621966685935,1.9754330231062,0.00601915933319133,15.4271547570019,1823.272,20.457,6.603,1
"2187","26B.9.4",32,33,9.10272800064373,"No",1823.272,20.457,6.603,"26B.9.4",1552.91477011255,1552.91477011255,1585.9644679783,33.0496978657477,0.00586170482491062,1.73697229500682,0.00529256769462388,9.27764576388507,1823.272,20.457,6.603,1
"2188","26B.9.4",32,33,6.43737594213331,"No",1823.272,20.457,6.603,"26B.9.4",1552.91477011255,1552.91477011255,1585.9644679783,33.0496978657477,0.00414535045066686,1.5928585761409,0.00485345210538021,6.597781067822,1823.272,20.457,6.603,1
"2189","26B.9.4",32,33,2.24372817347273,"No",1823.272,20.457,6.603,"26B.9.4",1552.91477011255,1552.91477011255,1585.9644679783,33.0496978657477,0.00144484952854825,1.22389049029794,0.00372920356261805,2.36697722449713,1823.272,20.457,6.603,1
"2190","26B.9.4",32,33,2.84554386210082,"No",1823.272,20.457,6.603,"26B.9.4",1552.91477011255,1552.91477011255,1585.9644679783,33.0496978657477,0.00183238894810343,1.29879713241693,0.00395744466659615,2.97633621265224,1823.272,20.457,6.603,1
"2191","26B.9.4",32,33,2.12248909770526,"No",1823.272,20.457,6.603,"26B.9.4",1552.91477011255,1552.91477011255,1585.9644679783,33.0496978657477,0.00136677758403407,1.20701138634674,0.00367777280546484,2.24403837774474,1823.272,20.457,6.603,1
"2192","26B.9.4",32,33,3.3907262730633,"No",1823.272,20.457,6.603,"26B.9.4",1552.91477011255,1552.91477011255,1585.9644679783,33.0496978657477,0.00218345934903919,1.35697917525683,0.00413472579032324,3.5273777111912,1823.272,20.457,6.603,1
"2193","26B.9.4",32,33,3.19985293709758,"No",1823.272,20.457,6.603,"26B.9.4",1552.91477011255,1552.91477011255,1585.9644679783,33.0496978657477,0.00206054639873485,1.33746524298641,0.00407526669139209,3.33453926997043,1823.272,20.457,6.603,1
"2194","26B.9.4",32,33,3.12880844977094,"No",1823.272,20.457,6.603,"26B.9.4",1552.91477011255,1552.91477011255,1585.9644679783,33.0496978657477,0.00201479727670062,1.32997887849211,0.00405245568226625,3.26274088568417,1823.272,20.457,6.603,1
"2195","26B.9.4",32,33,48.6548047314267,"No",1823.272,20.457,6.603,"26B.9.4",1552.91477011255,1552.91477011255,1585.9644679783,33.0496978657477,0.0313312782310006,2.64107925210309,0.0080473884176531,48.9207684872385,1823.272,20.457,6.603,1
"2196","26B.9.4",32,33,5.73361036997367,"No",1823.272,20.457,6.603,"26B.9.4",1552.91477011255,1552.91477011255,1585.9644679783,33.0496978657477,0.00369216036856814,1.5474158616258,0.00471498781122305,5.88943929257527,1823.272,20.457,6.603,1
"2197","26B.9.4",32,33,1.71057317257732,"No",1823.272,20.457,6.603,"26B.9.4",1552.91477011255,1552.91477011255,1585.9644679783,33.0496978657477,0.00110152418245938,1.14362967026608,0.00348464823812278,1.82573974401569,1823.272,20.457,6.603,1
"2198","26B.9.4",32,33,19.7982089714524,"No",1823.272,20.457,6.603,"26B.9.4",1552.91477011255,1552.91477011255,1585.9644679783,33.0496978657477,0.0127490634724386,2.1093880240106,0.006427321232122,20.0106299962601,1823.272,20.457,6.603,1
"2199","26B.9.4",32,33,1.34706340514589,"Yes",1823.272,20.457,6.603,"26B.9.4",1552.91477011255,1552.91477011255,1585.9644679783,33.0496978657477,0.00086744194277208,1.07732567344926,0.00328261945931847,1.45555298648459,1823.272,20.457,6.603,1
"2200","26B.9.4",32,33,4.02201218317007,"Yes",1823.272,20.457,6.603,"26B.9.4",1552.91477011255,1552.91477011255,1585.9644679783,33.0496978657477,0.00258997612784542,1.41615518064735,0.00431503552544516,4.164622803566,1823.272,20.457,6.603,1
"2201","26B.9.4",32,33,1.42625825080485,"No",1823.272,20.457,6.603,"26B.9.4",1552.91477011255,1552.91477011255,1585.9644679783,33.0496978657477,0.000918439490855943,1.09282228455122,0.00332983775032412,1.53630838239502,1823.272,20.457,6.603,1
"2202","26B.9.4",32,33,1.4700625935209,"No",1823.272,20.457,6.603,"26B.9.4",1552.91477011255,1552.91477011255,1585.9644679783,33.0496978657477,0.000946647312404888,1.10111823986182,0.00335511558877852,1.58094815003469,1823.272,20.457,6.603,1
"2203","26B.9.4",32,33,1.42293892755872,"Yes",1823.272,20.457,6.603,"26B.9.4",1552.91477011255,1552.91477011255,1585.9644679783,33.0496978657477,0.00091630201151064,1.09218589901182,0.00332789867878174,1.53292497342027,1823.272,20.457,6.603,1
"2204","26B.9.4",32,33,26.3656752531732,"Yes",1823.272,20.457,6.603,"26B.9.4",1552.91477011255,1552.91477011255,1585.9644679783,33.0496978657477,0.0169781856419991,2.26599905618732,0.00690451622936113,26.5938674284628,1823.272,20.457,6.603,1
"2205","26B.9.4",32,33,1.7354250386262,"No",1823.272,20.457,6.603,"26B.9.4",1552.91477011255,1552.91477011255,1585.9644679783,33.0496978657477,0.00111752755014392,1.14776100291302,0.00349723643988388,1.85100764632944,1823.272,20.457,6.603,1
"2206","26B.9.4",32,33,6.91088883276518,"No",1823.272,20.457,6.603,"26B.9.4",1552.91477011255,1552.91477011255,1585.9644679783,33.0496978657477,0.00445026923935065,1.62137501650368,0.00494034191442526,7.07416564039042,1823.272,20.457,6.603,1
"2207","26B.9.4",32,33,1.21720291535137,"Yes",1823.272,20.457,6.603,"26B.9.4",1552.91477011255,1552.91477011255,1585.9644679783,33.0496978657477,0.000783818235731733,1.05036621919111,0.00320047379868732,1.32297760742523,1823.272,20.457,6.603,1
"2208","26B.9.4",32,33,1.90717138810589,"Yes",1823.272,20.457,6.603,"26B.9.4",1552.91477011255,1552.91477011255,1585.9644679783,33.0496978657477,0.00122812367092604,1.17516116387325,0.00358072493716301,2.02551326541948,1823.272,20.457,6.603,1
"2209","26B.9.4",32,33,24.7143289700836,"No",1823.272,20.457,6.603,"26B.9.4",1552.91477011255,1552.91477011255,1585.9644679783,33.0496978657477,0.0159148006353834,2.22965262304552,0.00679376837321276,24.9388609621882,1823.272,20.457,6.603,1
"2210","26B.9.4",32,33,1.04260558495065,"Yes",1823.272,20.457,6.603,"26B.9.4",1552.91477011255,1552.91477011255,1585.9644679783,33.0496978657477,0.000671386224805554,1.01048532730405,0.00307895642006189,1.1443641643755,1823.272,20.457,6.603,1
"2211","26B.9.4",32,33,0.85447583064357,"Yes",1823.272,20.457,6.603,"26B.9.4",1552.91477011255,1552.91477011255,1585.9644679783,33.0496978657477,0.000550240004853349,0.961446108039457,0.00292953354878439,0.951296029318465,1823.272,20.457,6.603,1
"2212","26B.9.4",32,33,2.16963647232675,"No",1823.272,20.457,6.603,"26B.9.4",1552.91477011255,1552.91477011255,1585.9644679783,33.0496978657477,0.00139713815212763,1.21365917446588,0.00369802866604547,2.29185520243843,1823.272,20.457,6.603,1
"2213","26B.9.4",32,33,14.5798512826943,"No",1823.272,20.457,6.603,"26B.9.4",1552.91477011255,1552.91477011255,1585.9644679783,33.0496978657477,0.00938870024504795,1.95406170436503,0.0059540407636631,14.7766305310137,1823.272,20.457,6.603,1
"2214","26B.9.4",32,33,10.5216732467313,"No",1823.272,20.457,6.603,"26B.9.4",1552.91477011255,1552.91477011255,1585.9644679783,33.0496978657477,0.00677543510386519,1.80103106020503,0.0054877552357379,10.7030418992336,1823.272,20.457,6.603,1
"2215","26B.9.4",32,33,4.09826210092196,"No",1823.272,20.457,6.603,"26B.9.4",1552.91477011255,1552.91477011255,1585.9644679783,33.0496978657477,0.00263907728859126,1.42281990570032,0.004335342992991,4.2415438769847,1823.272,20.457,6.603,1
"2216","26B.9.4",32,33,1.49016503173317,"No",1823.272,20.457,6.603,"26B.9.4",1552.91477011255,1552.91477011255,1585.9644679783,33.0496978657477,0.00095959228440152,1.10486341207115,0.00336652715677122,1.60142773712129,1823.272,20.457,6.603,1
"2217","26B.9.4",32,33,1.40464828611656,"No",1823.272,20.457,6.603,"26B.9.4",1552.91477011255,1552.91477011255,1585.9644679783,33.0496978657477,0.000904523746666893,1.08865907807709,0.00331715242877101,1.51427917166208,1823.272,20.457,6.603,1
"2218","26B.9.4",32,33,1.4669577307098,"No",1823.272,20.457,6.603,"26B.9.4",1552.91477011255,1552.91477011255,1585.9644679783,33.0496978657477,0.000944647934930441,1.10053637140688,0.00335334263120402,1.57778469151143,1823.272,20.457,6.603,1
"2219","26B.9.4",32,33,1.2600294950651,"Yes",1823.272,20.457,6.603,"26B.9.4",1552.91477011255,1552.91477011255,1585.9644679783,33.0496978657477,0.000811396426459241,1.0594858914122,0.0032282615087859,1.3667225625621,1823.272,20.457,6.603,1
"2220","26B.9.4",32,33,15.2400108997699,"Yes",1823.272,20.457,6.603,"26B.9.4",1552.91477011255,1552.91477011255,1585.9644679783,33.0496978657477,0.00981381025738154,1.97581518751595,0.00602032379103266,15.4389807821175,1823.272,20.457,6.603,1
"2221","26B.9.4",32,33,1.30689761181427,"No",1823.272,20.457,6.603,"26B.9.4",1552.91477011255,1552.91477011255,1585.9644679783,33.0496978657477,0.000841577166349928,1.06920354764405,0.0032578712806792,1.41456927332622,1823.272,20.457,6.603,1
"2222","26B.9.4",32,33,0.73175889223538,"No",1823.272,20.457,6.603,"26B.9.4",1552.91477011255,1552.91477011255,1585.9644679783,33.0496978657477,0.000471216390183695,0.92489408533348,0.00281815925968207,0.824898204305432,1823.272,20.457,6.603,1
"2223","26B.9.4",32,33,14.4452803240242,"No",1823.272,20.457,6.603,"26B.9.4",1552.91477011255,1552.91477011255,1585.9644679783,33.0496978657477,0.00930204322995605,1.94953705170558,0.00594025411285489,14.6416039276999,1823.272,20.457,6.603,1
"2224","26B.9.4",32,33,3.7553835881387,"No",1823.272,20.457,6.603,"26B.9.4",1552.91477011255,1552.91477011255,1585.9644679783,33.0496978657477,0.00241828055242627,1.3920780190239,0.00424167223222923,3.89556957385941,1823.272,20.457,6.603,1
"2225","26B.9.4",32,33,3.128574908725,"No",1823.272,20.457,6.603,"26B.9.4",1552.91477011255,1552.91477011255,1585.9644679783,33.0496978657477,0.00201464688786381,1.32995405967068,0.00405238005913001,3.26250484531643,1823.272,20.457,6.603,1
"2226","26B.9.4",32,33,1.77825293402507,"No",1823.272,20.457,6.603,"26B.9.4",1552.91477011255,1552.91477011255,1585.9644679783,33.0496978657477,0.00114510658810733,1.15477768640619,0.00351861632745381,1.8945421405529,1823.272,20.457,6.603,1
"2227","26B.9.4",32,33,1.45739746256499,"Yes",1823.272,20.457,6.603,"26B.9.4",1552.91477011255,1552.91477011255,1585.9644679783,33.0496978657477,0.000938491596972418,1.09873890408573,0.00334786573470807,1.56804341359218,1823.272,20.457,6.603,1
"2228","26B.9.4",32,33,1.11303373462986,"Yes",1823.272,20.457,6.603,"26B.9.4",1552.91477011255,1552.91477011255,1585.9644679783,33.0496978657477,0.000716738455999868,1.02713394434557,0.00312968488186141,1.21646887439038,1823.272,20.457,6.603,1
"2229","26B.9.4",32,33,8.60100275350063,"Yes",1823.272,20.457,6.603,"26B.9.4",1552.91477011255,1552.91477011255,1585.9644679783,33.0496978657477,0.00553861867955396,1.7125263860135,0.00521808082538845,8.77345874821877,1823.272,20.457,6.603,1
"2230","26B.9.4",32,33,4.61610024816753,"No",1823.272,20.457,6.603,"26B.9.4",1552.91477011255,1552.91477011255,1585.9644679783,33.0496978657477,0.00297253934150743,1.46578005516811,0.00446624289270907,4.76370822636661,1823.272,20.457,6.603,1
"2231","26B.9.4",32,33,4.64455916773347,"No",1823.272,20.457,6.603,"26B.9.4",1552.91477011255,1552.91477011255,1585.9644679783,33.0496978657477,0.00299086547254415,1.46803403682116,0.00447311079182035,4.79239412792314,1823.272,20.457,6.603,1
"2232","26B.9.4",32,33,2.63765583533238,"No",1823.272,20.457,6.603,"26B.9.4",1552.91477011255,1552.91477011255,1585.9644679783,33.0496978657477,0.00169851938180819,1.27439638806501,0.00388309541436396,2.76599096556098,1823.272,20.457,6.603,1
"2233","26B.9.4",32,33,10.8119578238361,"No",1823.272,20.457,6.603,"26B.9.4",1552.91477011255,1552.91477011255,1585.9644679783,33.0496978657477,0.0069623639570718,1.81332682290786,0.00552522051750942,10.9945646925814,1823.272,20.457,6.603,1
"2234","26B.9.4",32,33,2.59692910692228,"No",1823.272,20.457,6.603,"26B.9.4",1552.91477011255,1552.91477011255,1585.9644679783,33.0496978657477,0.00167229339104943,1.26944831513425,0.00386801859879283,2.72476595295147,1823.272,20.457,6.603,1
"2235","26B.9.4",32,33,10.0624882433938,"No",1823.272,20.457,6.603,"26B.9.4",1552.91477011255,1552.91477011255,1585.9644679783,33.0496978657477,0.00647974276312952,1.78105096277762,0.00542687572805449,10.2418448465609,1823.272,20.457,6.603,1
"2236","26B.9.4",32,33,8.69299958973131,"No",1823.272,20.457,6.603,"26B.9.4",1552.91477011255,1552.91477011255,1585.9644679783,33.0496978657477,0.00559786007386693,1.71708745300346,0.0052319784309366,8.86591489611387,1823.272,20.457,6.603,1
"2237","26B.9.4",32,33,4.97022528472584,"No",1823.272,20.457,6.603,"26B.9.4",1552.91477011255,1552.91477011255,1585.9644679783,33.0496978657477,0.00320057828052315,1.49311761338262,0.00454954063894943,5.12058622827106,1823.272,20.457,6.603,1
"2238","26B.9.4",32,33,1.98290132667127,"No",1823.272,20.457,6.603,"26B.9.4",1552.91477011255,1552.91477011255,1585.9644679783,33.0496978657477,0.00127688999089599,1.18665719232671,0.00361575342263982,2.10240088484656,1823.272,20.457,6.603,1
"2239","26B.9.4",32,33,2.78551206218438,"No",1823.272,20.457,6.603,"26B.9.4",1552.91477011255,1552.91477011255,1585.9644679783,33.0496978657477,0.00179373144991241,1.29189215459963,0.00393640514706378,2.91560906297201,1823.272,20.457,6.603,1
"2240","26B.9.4",32,33,1.54993137619842,"No",1823.272,20.457,6.603,"26B.9.4",1552.91477011255,1552.91477011255,1585.9644679783,33.0496978657477,0.000998078842463505,1.11577883091224,0.00339978652037635,1.6622932935049,1823.272,20.457,6.603,1
"2241","26B.9.4",32,33,1.45253379961709,"Yes",1823.272,20.457,6.603,"26B.9.4",1552.91477011255,1552.91477011255,1585.9644679783,33.0496978657477,0.000935359639545322,1.09782106997535,0.00334506908724536,1.5630873222906,1823.272,20.457,6.603,1
"2242","26B.9.4",32,33,1.27272813712849,"Yes",1823.272,20.457,6.603,"26B.9.4",1552.91477011255,1552.91477011255,1585.9644679783,33.0496978657477,0.000819573721380888,1.06214525030259,0.0032363645953994,1.37968900918984,1823.272,20.457,6.603,1
"2243","26B.9.4",32,33,2.10048545199651,"No",1823.272,20.457,6.603,"26B.9.4",1552.91477011255,1552.91477011255,1585.9644679783,33.0496978657477,0.00135260832881657,1.20387090744475,0.00366820374254422,2.2217184773976,1823.272,20.457,6.603,1
"2244","26B.9.4",32,33,1.59630053742049,"No",1823.272,20.457,6.603,"26B.9.4",1552.91477011255,1552.91477011255,1585.9644679783,33.0496978657477,0.00102793827977101,1.12403197321602,0.00342493390727575,1.70949356826611,1823.272,20.457,6.603,1
"2245","26B.9.4",32,33,1.449768701375,"Yes",1823.272,20.457,6.603,"26B.9.4",1552.91477011255,1552.91477011255,1585.9644679783,33.0496978657477,0.000933579053581877,1.09729823317199,0.00334347599955883,1.56026957298179,1823.272,20.457,6.603,1
"2246","26B.9.4",32,33,1.00608968114713,"Yes",1823.272,20.457,6.603,"26B.9.4",1552.91477011255,1552.91477011255,1585.9644679783,33.0496978657477,0.000647871795999604,1.00151895594015,0.00305163581883238,1.10694532295584,1823.272,20.457,6.603,1
"2247","26B.9.4",32,33,47.3606913208315,"Yes",1823.272,20.457,6.603,"26B.9.4",1552.91477011255,1552.91477011255,1585.9644679783,33.0496978657477,0.03049793345542,2.62333955888477,0.00799333543850674,47.6248686420137,1823.272,20.457,6.603,1
"2248","26B.9.4",32,33,2.26451640276593,"No",1823.272,20.457,6.603,"26B.9.4",1552.91477011255,1552.91477011255,1585.9644679783,33.0496978657477,0.00145823611594717,1.22671554214208,0.00373781151691237,2.38804994407899,1823.272,20.457,6.603,1
"2249","26B.9.4",32,33,23.6690123153216,"No",1823.272,20.457,6.603,"26B.9.4",1552.91477011255,1552.91477011255,1585.9644679783,33.0496978657477,0.015241668616241,2.20569284253239,0.00672076274112604,23.8911314933432,1823.272,20.457,6.603,1
"2250","26B.9.4",32,33,3.85990167737536,"No",1823.272,20.457,6.603,"26B.9.4",1552.91477011255,1552.91477011255,1585.9644679783,33.0496978657477,0.0024855850119164,1.40166445621995,0.00427088217872993,4.0010530430026,1823.272,20.457,6.603,1
"2251","26B.9.4",32,33,3.72130390388428,"No",1823.272,20.457,6.603,"26B.9.4",1552.91477011255,1552.91477011255,1585.9644679783,33.0496978657477,0.00239633492803637,1.38890897611014,0.0042320161345491,3.8611707584941,1823.272,20.457,6.603,1
"2252","26B.9.4",32,33,2.18300483503063,"No",1823.272,20.457,6.603,"26B.9.4",1552.91477011255,1552.91477011255,1585.9644679783,33.0496978657477,0.00140574671388592,1.21552438114621,0.00370371196488017,2.30541139645167,1823.272,20.457,6.603,1
"2253","26B.9.4",32,33,13.9554450303628,"No",1823.272,20.457,6.603,"26B.9.4",1552.91477011255,1552.91477011255,1585.9644679783,33.0496978657477,0.00898661362423086,1.93279557477937,0.00588924270628573,14.1500827224636,1823.272,20.457,6.603,1
"2254","26B.9.4",32,33,15.1168988478404,"No",1823.272,20.457,6.603,"26B.9.4",1552.91477011255,1552.91477011255,1585.9644679783,33.0496978657477,0.00973453220922402,1.97181277850016,0.0060081284205489,15.3154656768781,1823.272,20.457,6.603,1
"2255","26B.9.4",32,33,8.11202471626203,"No",1823.272,20.457,6.603,"26B.9.4",1552.91477011255,1552.91477011255,1585.9644679783,33.0496978657477,0.00522374110439691,1.68764973795373,0.00514228149096605,8.28197556587908,1823.272,20.457,6.603,1
"2256","26B.9.4",32,33,5.11578700995999,"No",1823.272,20.457,6.603,"26B.9.4",1552.91477011255,1552.91477011255,1585.9644679783,33.0496978657477,0.00329431280352186,1.50393170062334,0.0045824912444033,5.26723696105995,1823.272,20.457,6.603,1
"2257","26B.9.4",32,33,4.8855186423994,"No",1823.272,20.457,6.603,"26B.9.4",1552.91477011255,1552.91477011255,1585.9644679783,33.0496978657477,0.00314603140908068,1.48671481344461,0.00453003125920603,5.03523480683855,1823.272,20.457,6.603,1
"2258","26B.9.4",32,33,3.53159365810743,"No",1823.272,20.457,6.603,"26B.9.4",1552.91477011255,1552.91477011255,1585.9644679783,33.0496978657477,0.00227417095005894,1.37085866677097,0.0041770167057378,3.66964279821224,1823.272,20.457,6.603,1
"2259","26B.9.4",32,33,3.30895721311017,"No",1823.272,20.457,6.603,"26B.9.4",1552.91477011255,1552.91477011255,1585.9644679783,33.0496978657477,0.00213080413477575,1.34872307518455,0.00410956939108089,3.44477723984372,1823.272,20.457,6.603,1
"2260","26B.9.4",32,33,3.21759014154523,"No",1823.272,20.457,6.603,"26B.9.4",1552.91477011255,1552.91477011255,1585.9644679783,33.0496978657477,0.00207196827763575,1.33931483901467,0.00408090242445207,3.35246273369297,1823.272,20.457,6.603,1
"2261","26B.9.4",32,33,2.98362656792888,"No",1823.272,20.457,6.603,"26B.9.4",1552.91477011255,1552.91477011255,1585.9644679783,33.0496978657477,0.00192130735398481,1.31427460523921,0.00400460464311913,3.11597754145574,1823.272,20.457,6.603,1
"2262","26B.9.4",32,33,2.4564529907319,"No",1823.272,20.457,6.603,"26B.9.4",1552.91477011255,1552.91477011255,1585.9644679783,33.0496978657477,0.00158183374774255,1.25192154745757,0.00381461440537914,2.58252484430401,1823.272,20.457,6.603,1
"2263","26B.9.4",32,33,2.35010831040258,"No",1823.272,20.457,6.603,"26B.9.4",1552.91477011255,1552.91477011255,1585.9644679783,33.0496978657477,0.00151335305429045,1.23814631535479,0.00377264116917803,2.4747929611998,1823.272,20.457,6.603,1
"2264","26B.9.4",32,33,2.19075000972993,"No",1823.272,20.457,6.603,"26B.9.4",1552.91477011255,1552.91477011255,1585.9644679783,33.0496978657477,0.0014107342217958,1.21660110217237,0.00370699274197463,2.31326499984271,1823.272,20.457,6.603,1
"2265","26B.9.4",32,33,2.24671995257258,"No",1823.272,20.457,6.603,"26B.9.4",1552.91477011255,1552.91477011255,1585.9644679783,33.0496978657477,0.00144677608572796,1.22429826925306,0.00373044606817245,2.37001006803014,1823.272,20.457,6.603,1
"2266","26B.9.4",32,33,1.26594882969512,"Yes",1823.272,20.457,6.603,"26B.9.4",1552.91477011255,1552.91477011255,1585.9644679783,33.0496978657477,0.000815208184028903,1.06072801184083,0.00323204625910822,1.37276698204676,1823.272,20.457,6.603,1
"2267","26B.9.4",32,33,43.1269121036942,"Yes",1823.272,20.457,6.603,"26B.9.4",1552.91477011255,1552.91477011255,1585.9644679783,33.0496978657477,0.0277715898732603,2.56263699180264,0.00780837425838709,43.3849765137566,1823.272,20.457,6.603,1
"2268","26B.9.4",32,33,2.11761915711059,"No",1823.272,20.457,6.603,"26B.9.4",1552.91477011255,1552.91477011255,1585.9644679783,33.0496978657477,0.00136364158411418,1.20631843365559,0.00367566137338409,2.23909865495774,1823.272,20.457,6.603,1
"2269","26B.9.4",32,33,1.36621649083133,"No",1823.272,20.457,6.603,"26B.9.4",1552.91477011255,1552.91477011255,1585.9644679783,33.0496978657477,0.000879775578882742,1.08113488456787,0.00329422615435116,1.47508966993408,1823.272,20.457,6.603,1
"2270","26B.9.4",32,33,5.16958876857055,"No",1823.272,20.457,6.603,"26B.9.4",1552.91477011255,1552.91477011255,1585.9644679783,33.0496978657477,0.0033289584644725,1.50787034213628,0.0045944923148245,5.321435351422,1823.272,20.457,6.603,1
"2271","26B.9.4",32,33,5.54163860483409,"No",1823.272,20.457,6.603,"26B.9.4",1552.91477011255,1552.91477011255,1585.9644679783,33.0496978657477,0.00356854008441973,1.53429740327446,0.0046750157696003,5.69614646353699,1823.272,20.457,6.603,1
"2272","26B.9.4",32,33,17.2870177578606,"No",1823.272,20.457,6.603,"26B.9.4",1552.91477011255,1552.91477011255,1585.9644679783,33.0496978657477,0.0111319810272702,2.03906006717848,0.00621303141677574,17.4923565690155,1823.272,20.457,6.603,1
"2273","26B.9.4",32,33,15.4223738312093,"No",1823.272,20.457,6.603,"26B.9.4",1552.91477011255,1552.91477011255,1585.9644679783,33.0496978657477,0.0099312429297659,1.98169953057395,0.00603825342874904,15.6219362826663,1823.272,20.457,6.603,1
"2274","26B.9.4",32,33,7.44886475392179,"No",1823.272,20.457,6.603,"26B.9.4",1552.91477011255,1552.91477011255,1585.9644679783,33.0496978657477,0.00479669901869882,1.65204747022514,0.00503380111244916,7.6152303598045,1823.272,20.457,6.603,1
"2275","26B.9.4",32,33,1.8831363354181,"No",1823.272,20.457,6.603,"26B.9.4",1552.91477011255,1552.91477011255,1585.9644679783,33.0496978657477,0.00121264629048612,1.1714410558477,0.00356938973992746,2.0011035878878,1823.272,20.457,6.603,1
"2276","26B.9.4",32,33,9.10497847613772,"No",1823.272,20.457,6.603,"26B.9.4",1552.91477011255,1552.91477011255,1585.9644679783,33.0496978657477,0.00586315401937854,1.73707964335406,0.00529289478584826,9.27990704964519,1823.272,20.457,6.603,1
"2277","26B.9.4",32,33,5.95007260820051,"No",1823.272,20.457,6.603,"26B.9.4",1552.91477011255,1552.91477011255,1585.9644679783,33.0496978657477,0.00383155130127924,1.56181851273275,0.00475887279786603,6.10735191635151,1823.272,20.457,6.603,1
"2278","26B.9.4",32,33,1.74674567422594,"No",1823.272,20.457,6.603,"26B.9.4",1552.91477011255,1552.91477011255,1585.9644679783,33.0496978657477,0.00112481747732964,1.14962822844308,0.00350292589016893,1.86251631654213,1823.272,20.457,6.603,1
"2279","26B.9.4",32,33,4.23351848527309,"No",1823.272,20.457,6.603,"26B.9.4",1552.91477011255,1552.91477011255,1585.9644679783,33.0496978657477,0.00272617568378608,1.43441680670634,0.00437067883789691,4.3779681003338,1823.272,20.457,6.603,1
"2280","26B.9.4",32,33,5.38496352998864,"No",1823.272,20.457,6.603,"26B.9.4",1552.91477011255,1552.91477011255,1585.9644679783,33.0496978657477,0.00346764911611881,1.5233359508469,0.00464161614130972,5.53836754106771,1823.272,20.457,6.603,1
"2281","26B.9.4",32,33,1.84462177784289,"No",1823.272,20.457,6.603,"26B.9.4",1552.91477011255,1552.91477011255,1585.9644679783,33.0496978657477,0.00118784482789689,1.1654048816118,0.00355099747146592,1.96198117139687,1823.272,20.457,6.603,1
"2282","26B.9.4",32,33,2.49860668044894,"No",1823.272,20.457,6.603,"26B.9.4",1552.91477011255,1552.91477011255,1585.9644679783,33.0496978657477,0.0016089786307254,1.25725819239628,0.00383087520279167,2.62521594846259,1823.272,20.457,6.603,1
"2283","26B.9.4",32,33,2.43539337603523,"No",1823.272,20.457,6.603,"26B.9.4",1552.91477011255,1552.91477011255,1585.9644679783,33.0496978657477,0.00156827240161977,1.24922964028014,0.00380641214388932,2.56119414734328,1823.272,20.457,6.603,1
"2284","26B.9.4",32,33,1.55693016434584,"No",1823.272,20.457,6.603,"26B.9.4",1552.91477011255,1552.91477011255,1585.9644679783,33.0496978657477,0.00100258571449674,1.11703629158376,0.00340361801253454,1.66941871131053,1823.272,20.457,6.603,1
"2285","26B.9.4",32,33,1.61249348328143,"No",1823.272,20.457,6.603,"26B.9.4",1552.91477011255,1552.91477011255,1585.9644679783,33.0496978657477,0.00103836573282419,1.12687175133731,0.00343358673264771,1.72597248739128,1823.272,20.457,6.603,1
"2286","26B.9.4",32,33,1.57923515900227,"No",1823.272,20.457,6.603,"26B.9.4",1552.91477011255,1552.91477011255,1585.9644679783,33.0496978657477,0.00101694902347269,1.12101571566,0.00341574334773399,1.69212444463182,1823.272,20.457,6.603,1
"2287","26B.9.4",32,33,1.56433151181263,"No",1823.272,20.457,6.603,"26B.9.4",1552.91477011255,1552.91477011255,1585.9644679783,33.0496978657477,0.00100735181474206,1.11836147562714,0.00340765585831802,1.67695350836049,1823.272,20.457,6.603,1
"2288","26B.9.4",32,33,1.49457490397931,"No",1823.272,20.457,6.603,"26B.9.4",1552.91477011255,1552.91477011255,1585.9644679783,33.0496978657477,0.000962432023150237,1.10567991707124,0.00336901505366999,1.60591983360826,1823.272,20.457,6.603,1
"2289","26B.9.4",32,33,41.73598893892,"No",1823.272,20.457,6.603,"26B.9.4",1552.91477011255,1552.91477011255,1585.9644679783,33.0496978657477,0.0268759044231996,2.54171982960822,0.00774463950728503,41.9919469347149,1823.272,20.457,6.603,1
"2290","26B.9.4",32,33,4.15603360894369,"No",1823.272,20.457,6.603,"26B.9.4",1552.91477011255,1552.91477011255,1585.9644679783,33.0496978657477,0.00267627927103975,1.42780784139498,0.00435054127070464,4.29981768349294,1823.272,20.457,6.603,1
"2291","26B.9.4",32,33,6.09278972588913,"No",1823.272,20.457,6.603,"26B.9.4",1552.91477011255,1552.91477011255,1585.9644679783,33.0496978657477,0.00392345403827122,1.57110079184126,0.00478715597237801,6.25100378441243,1823.272,20.457,6.603,1
"2292","26B.9.4",32,33,2.32750696244639,"No",1823.272,20.457,6.603,"26B.9.4",1552.91477011255,1552.91477011255,1585.9644679783,33.0496978657477,0.00149879890850526,1.23515865866988,0.00376353775670642,2.45189074821187,1823.272,20.457,6.603,1
"2293","26B.9.4",32,33,6.14931580794737,"No",1823.272,20.457,6.603,"26B.9.4",1552.91477011255,1552.91477011255,1585.9644679783,33.0496978657477,0.00395985402824244,1.57473216873811,0.0047982208051946,6.3078955558522,1823.272,20.457,6.603,1
"2294","26B.9.4",32,33,6.20201907539314,"No",1823.272,20.457,6.603,"26B.9.4",1552.91477011255,1552.91477011255,1585.9644679783,33.0496978657477,0.00399379231542992,1.57809547451669,0.00480846882329023,6.36093751719975,1823.272,20.457,6.603,1
"2295","26B.9.4",32,33,4.94876461476798,"No",1823.272,20.457,6.603,"26B.9.4",1552.91477011255,1552.91477011255,1585.9644679783,33.0496978657477,0.00318675867472708,1.49150323386162,0.00454462161236261,5.09896298597072,1823.272,20.457,6.603,1
"2296","26B.9.4",32,33,2.89512979351314,"No",1823.272,20.457,6.603,"26B.9.4",1552.91477011255,1552.91477011255,1585.9644679783,33.0496978657477,0.00186431982568065,1.30441868043675,0.00397457356584744,3.02648824900958,1823.272,20.457,6.603,1
"2297","26B.9.4",32,33,15.8884568049278,"No",1823.272,20.457,6.603,"26B.9.4",1552.91477011255,1552.91477011255,1585.9644679783,33.0496978657477,0.0102313772208994,1.99650512520871,0.0060833661873629,16.0895102194269,1823.272,20.457,6.603,1
"2298","26B.9.4",32,33,1.99538382846732,"No",1823.272,20.457,6.603,"26B.9.4",1552.91477011255,1552.91477011255,1585.9644679783,33.0496978657477,0.00128492810221819,1.18852032227151,0.00362143039364568,2.11507100881915,1823.272,20.457,6.603,1
"2299","26B.9.4",32,33,12.544773023751,"No",1823.272,20.457,6.603,"26B.9.4",1552.91477011255,1552.91477011255,1585.9644679783,33.0496978657477,0.0080782109006805,1.88198302539482,0.00573441648474655,12.7342937560082,1823.272,20.457,6.603,1
"2300","26B.9.4",32,33,1.5091921064126,"No",1823.272,20.457,6.603,"26B.9.4",1552.91477011255,1552.91477011255,1585.9644679783,33.0496978657477,0.000971844775681551,1.10837349369442,0.00337722240197358,1.62080828642326,1823.272,20.457,6.603,1
"2301","26B.9.4",32,33,10.2925218998641,"No",1823.272,20.457,6.603,"26B.9.4",1552.91477011255,1552.91477011255,1585.9644679783,33.0496978657477,0.00662787301528344,1.79114378281626,0.00545762862689906,10.4728948770466,1823.272,20.457,6.603,1
"2302","26B.9.4",32,33,1.33593931169063,"No",1823.272,20.457,6.603,"26B.9.4",1552.91477011255,1552.91477011255,1585.9644679783,33.0496978657477,0.000860278578967858,1.07509460480299,0.00327582137631181,1.44420421843989,1823.272,20.457,6.603,1
"2303","26B.9.4",32,33,10.7053753530152,"No",1823.272,20.457,6.603,"26B.9.4",1552.91477011255,1552.91477011255,1585.9644679783,33.0496978657477,0.0068937301383509,1.80884133916597,0.00551155321468867,10.8875305215316,1823.272,20.457,6.603,1
"2304","26B.9.4",32,33,6.74742361897768,"No",1823.272,20.457,6.603,"26B.9.4",1552.91477011255,1552.91477011255,1585.9644679783,33.0496978657477,0.00434500575874401,1.61170107007255,0.00491086532662471,6.909726234282,1823.272,20.457,6.603,1
"2305","26B.9.4",32,33,5.82747188554329,"No",1823.272,20.457,6.603,"26B.9.4",1552.91477011255,1552.91477011255,1585.9644679783,33.0496978657477,0.00375260252378237,1.55371030689438,0.00473416703347079,5.98393467564549,1823.272,20.457,6.603,1
"2306","26B.9.4",32,33,6.78367929284151,"No",1823.272,20.457,6.603,"26B.9.4",1552.91477011255,1552.91477011255,1585.9644679783,33.0496978657477,0.00436835261239085,1.61386174419787,0.00491744891699465,6.94619949381843,1823.272,20.457,6.603,1
"2307","26B.9.4",32,33,2.03669876288065,"No",1823.272,20.457,6.603,"26B.9.4",1552.91477011255,1552.91477011255,1585.9644679783,33.0496978657477,0.0013115328684349,1.19462527750035,0.0036400322383119,2.15700072857844,1823.272,20.457,6.603,1
"2308","26B.9.4",32,33,1.52574280719439,"No",1823.272,20.457,6.603,"26B.9.4",1552.91477011255,1552.91477011255,1585.9644679783,33.0496978657477,0.000982502605138984,1.11139984737736,0.00338644372449028,1.63766374912815,1823.272,20.457,6.603,1
"2309","26B.9.4",32,33,1.26135827453082,"No",1823.272,20.457,6.603,"26B.9.4",1552.91477011255,1552.91477011255,1585.9644679783,33.0496978657477,0.000812252094452935,1.05976510445952,0.00322911227304873,1.36807945952966,1823.272,20.457,6.603,1
"2310","26B.9.4",32,33,1.24413202625654,"No",1823.272,20.457,6.603,"26B.9.4",1552.91477011255,1552.91477011255,1585.9644679783,33.0496978657477,0.000801159245955508,1.05612814756172,0.00321803043792714,1.35048695995282,1823.272,20.457,6.603,1
"2311","26B.9.4",32,33,1.17246776916552,"Yes",1823.272,20.457,6.603,"26B.9.4",1552.91477011255,1552.91477011255,1585.9644679783,33.0496978657477,0.000755011022968468,1.04057940997627,0.00317065331713282,1.27725690333379,1823.272,20.457,6.603,1
"2312","26B.9.4",32,33,49.8732301800802,"Yes",1823.272,20.457,6.603,"26B.9.4",1552.91477011255,1552.91477011255,1585.9644679783,33.0496978657477,0.0321158837174724,2.65746084503782,0.00809730325498359,50.1408436061848,1823.272,20.457,6.603,1
"2313","26B.9.4",32,33,3.05846668855818,"No",1823.272,20.457,6.603,"26B.9.4",1552.91477011255,1552.91477011255,1585.9644679783,33.0496978657477,0.00196950067538897,1.32243988356107,0.00402948430780239,3.19163992748582,1823.272,20.457,6.603,1
"2314","26B.9.4",32,33,3.67177734199828,"No",1823.272,20.457,6.603,"26B.9.4",1552.91477011255,1552.91477011255,1585.9644679783,33.0496978657477,0.00236444228148603,1.38426450955105,0.00421786440988428,3.81117648638365,1823.272,20.457,6.603,1
"2315","26B.9.4",32,33,16.5116040862491,"No",1823.272,20.457,6.603,"26B.9.4",1552.91477011255,1552.91477011255,1585.9644679783,33.0496978657477,0.0106326531269017,2.01579942344218,0.00614215605972556,16.7146004882673,1823.272,20.457,6.603,1
"2316","26B.9.4",32,33,15.8312520315154,"No",1823.272,20.457,6.603,"26B.9.4",1552.91477011255,1552.91477011255,1585.9644679783,33.0496978657477,0.0101945401873974,1.994705640378,0.0060778831435001,16.0321242330714,1823.272,20.457,6.603,1
"2317","26B.9.4",32,33,4.28042731745986,"No",1823.272,20.457,6.603,"26B.9.4",1552.91477011255,1552.91477011255,1585.9644679783,33.0496978657477,0.0027563826423968,1.43837385954601,0.00438273600776965,4.42527541834198,1823.272,20.457,6.603,1
"2318","26B.9.4",32,33,2.46299014257829,"No",1823.272,20.457,6.603,"26B.9.4",1552.91477011255,1552.91477011255,1585.9644679783,33.0496978657477,0.00158604334892106,1.25275362593301,0.00381714975477484,2.58914578868192,1823.272,20.457,6.603,1
"2319","26B.9.4",32,33,7.30525241115246,"No",1823.272,20.457,6.603,"26B.9.4",1552.91477011255,1552.91477011255,1585.9644679783,33.0496978657477,0.0047042198012084,1.64402647324651,0.00500936107410783,7.47081028115217,1823.272,20.457,6.603,1
"2320","26B.9.4",32,33,3.24729879946211,"No",1823.272,20.457,6.603,"26B.9.4",1552.91477011255,1552.91477011255,1585.9644679783,33.0496978657477,0.00209109917811313,1.3423957329213,0.00409028993144208,3.38248164587958,1823.272,20.457,6.603,1
"2321","26B.9.4",32,33,6.05810613712634,"No",1823.272,20.457,6.603,"26B.9.4",1552.91477011255,1552.91477011255,1585.9644679783,33.0496978657477,0.00390111952936558,1.56886010541353,0.00478032858391864,6.21609455252385,1823.272,20.457,6.603,1
"2322","26B.9.4",32,33,1.27436267076528,"No",1823.272,20.457,6.603,"26B.9.4",1552.91477011255,1552.91477011255,1585.9644679783,33.0496978657477,0.000820626279878141,1.06248610798394,0.00323740319132746,1.38135786810826,1823.272,20.457,6.603,1
"2323","26B.9.4",32,33,6.63078392640361,"No",1823.272,20.457,6.603,"26B.9.4",1552.91477011255,1552.91477011255,1585.9644679783,33.0496978657477,0.00426989558861818,1.60469026896499,0.00488950336272812,6.79238053525534,1823.272,20.457,6.603,1
"2324","26B.9.4",32,33,3.14216427673922,"No",1823.272,20.457,6.603,"26B.9.4",1552.91477011255,1552.91477011255,1585.9644679783,33.0496978657477,0.00202339776606766,1.33139591988425,0.00405677341808479,3.27623941251672,1823.272,20.457,6.603,1
"2325","26B.9.4",32,33,6.5107846614822,"No",1823.272,20.457,6.603,"26B.9.4",1552.91477011255,1552.91477011255,1585.9644679783,33.0496978657477,0.00419262202072449,1.59738033240122,0.00486722993083841,6.67164514013954,1823.272,20.457,6.603,1
"2326","26B.9.4",32,33,1.93843842854204,"No",1823.272,20.457,6.603,"26B.9.4",1552.91477011255,1552.91477011255,1585.9644679783,33.0496978657477,0.00124825809236237,1.17994836471051,0.00359531157425088,2.05726238980426,1823.272,20.457,6.603,1
"2327","26B.9.4",32,33,2.80318513484786,"No",1823.272,20.457,6.603,"26B.9.4",1552.91477011255,1552.91477011255,1585.9644679783,33.0496978657477,0.00180511203112885,1.29393644497435,0.00394263411526711,2.93348800115263,1823.272,20.457,6.603,1
"2328","26B.9.4",32,33,3.0220258139311,"No",1823.272,20.457,6.603,"26B.9.4",1552.91477011255,1552.91477011255,1585.9644679783,33.0496978657477,0.00194603456164697,1.31848302395095,0.00401742772670154,3.15480058649606,1823.272,20.457,6.603,1
"2329","26B.9.4",32,33,2.23753667292522,"No",1823.272,20.457,6.603,"26B.9.4",1552.91477011255,1552.91477011255,1585.9644679783,33.0496978657477,0.00144086250964246,1.22304529291514,0.00372662823981259,2.36070061030899,1823.272,20.457,6.603,1
"2330","26B.9.4",32,33,1.89361853103755,"No",1823.272,20.457,6.603,"26B.9.4",1552.91477011255,1552.91477011255,1585.9644679783,33.0496978657477,0.00121939630395833,1.17306782676396,0.00357434652318918,2.01174960369644,1823.272,20.457,6.603,1
"2331","26B.9.4",32,33,1.76206470212489,"No",1823.272,20.457,6.603,"26B.9.4",1552.91477011255,1552.91477011255,1585.9644679783,33.0496978657477,0.0011346821706108,1.15214055216675,0.00351058095951951,1.87808834217025,1823.272,20.457,6.603,1
"2332","26B.9.4",32,33,1.47581678862091,"No",1823.272,20.457,6.603,"26B.9.4",1552.91477011255,1552.91477011255,1585.9644679783,33.0496978657477,0.000950352728317439,1.10219417534451,0.0033583939723161,1.58681069472011,1823.272,20.457,6.603,1
"2333","26B.9.4",32,33,1.36245904668817,"No",1823.272,20.457,6.603,"26B.9.4",1552.91477011255,1552.91477011255,1585.9644679783,33.0496978657477,0.000877355971435201,1.08039076744929,0.00329195882387378,1.47125729120368,1823.272,20.457,6.603,1
"2334","26B.9.4",32,33,1.41925140337582,"No",1823.272,20.457,6.603,"26B.9.4",1552.91477011255,1552.91477011255,1585.9644679783,33.0496978657477,0.000913927429045544,1.09147761461563,0.00332574053087998,1.52916612310127,1823.272,20.457,6.603,1
"2335","26B.9.4",32,33,47.1186741146698,"No",1823.272,20.457,6.603,"26B.9.4",1552.91477011255,1552.91477011255,1585.9644679783,33.0496978657477,0.0303420863923232,2.61998174480237,0.00798310415365083,47.3825132949788,1823.272,20.457,6.603,1
"2336","26B.9.4",32,33,2.13863993497541,"No",1823.272,20.457,6.603,"26B.9.4",1552.91477011255,1552.91477011255,1585.9644679783,33.0496978657477,0.00137717792124574,1.20930101682504,0.00368474932681577,2.26041978693769,1823.272,20.457,6.603,1
"2337","26B.9.4",32,33,6.07138760222024,"No",1823.272,20.457,6.603,"26B.9.4",1552.91477011255,1552.91477011255,1585.9644679783,33.0496978657477,0.00390967213337806,1.56971927045659,0.00478294646629035,6.22946253783919,1823.272,20.457,6.603,1
"2338","26B.9.4",32,33,5.21955365489723,"No",1823.272,20.457,6.603,"26B.9.4",1552.91477011255,1552.91477011255,1585.9644679783,33.0496978657477,0.00336113337019708,1.51150066149469,0.00460555392531349,5.37176582063325,1823.272,20.457,6.603,1
"2339","26B.9.4",32,33,2.05273838671539,"No",1823.272,20.457,6.603,"26B.9.4",1552.91477011255,1552.91477011255,1585.9644679783,33.0496978657477,0.00132186158971661,1.19697037277919,0.00364717776132877,2.17327650978998,1823.272,20.457,6.603,1
"2340","26B.9.4",32,33,0.816118739753832,"No",1823.272,20.457,6.603,"26B.9.4",1552.91477011255,1552.91477011255,1585.9644679783,33.0496978657477,0.000525539942990355,0.950469833513182,0.00289608875744714,0.911833598179849,1823.272,20.457,6.603,1
"2341","26B.9.4",32,33,1.65456903219194,"No",1823.272,20.457,6.603,"26B.9.4",1552.91477011255,1552.91477011255,1585.9644679783,33.0496978657477,0.00106546029700781,1.13415189534989,0.00345576938640908,1.76878116630646,1823.272,20.457,6.603,1
"2342","26B.9.4",32,33,8.22760784342213,"No",1823.272,20.457,6.603,"26B.9.4",1552.91477011255,1552.91477011255,1585.9644679783,33.0496978657477,0.00529817089886124,1.69362944606352,0.0051605017067151,8.39816086566474,1823.272,20.457,6.603,1
"2343","26B.9.4",32,33,11.7899480435167,"No",1823.272,20.457,6.603,"26B.9.4",1552.91477011255,1552.91477011255,1585.9644679783,33.0496978657477,0.00759214109520137,1.85301089497728,0.0056461381846648,11.9765512046281,1823.272,20.457,6.603,1
"2344","26B.9.4",32,33,2.2760160356477,"No",1823.272,20.457,6.603,"26B.9.4",1552.91477011255,1552.91477011255,1585.9644679783,33.0496978657477,0.00146564130849418,1.22826995723247,0.00374254783142648,2.39970611072445,1823.272,20.457,6.603,1
"2345","26B.9.4",32,33,8.98537874131894,"No",1823.272,20.457,6.603,"26B.9.4",1552.91477011255,1552.91477011255,1585.9644679783,33.0496978657477,0.00578613772903177,1.73134691296129,0.0052754271130673,9.15973001351859,1823.272,20.457,6.603,1
"2346","26B.9.4",32,33,9.02053907078384,"No",1823.272,20.457,6.603,"26B.9.4",1552.91477011255,1552.91477011255,1585.9644679783,33.0496978657477,0.00580877923527641,1.73303814951206,0.00528058032360399,9.19506065503476,1823.272,20.457,6.603,1
"2347","26B.9.4",32,33,2.99887058654128,"No",1823.272,20.457,6.603,"26B.9.4",1552.91477011255,1552.91477011255,1585.9644679783,33.0496978657477,0.00193112374501012,1.31595012948642,0.00400970997814828,3.13139028984835,1823.272,20.457,6.603,1
"2348","26B.9.4",32,33,2.74480550799608,"No",1823.272,20.457,6.603,"26B.9.4",1552.91477011255,1552.91477011255,1585.9644679783,33.0496978657477,0.00176751845035072,1.28714624522991,0.0039219443253892,2.87442458299648,1823.272,20.457,6.603,1
"2349","26B.9.4",32,33,1.45956705088631,"No",1823.272,20.457,6.603,"26B.9.4",1552.91477011255,1552.91477011255,1585.9644679783,33.0496978657477,0.000939888704117688,1.09914759175362,0.00334911100911717,1.57025415785648,1823.272,20.457,6.603,1
"2350","26B.9.4",32,33,59.0003353955262,"No",1823.272,20.457,6.603,"26B.9.4",1552.91477011255,1552.91477011255,1585.9644679783,33.0496978657477,0.0379932862582342,2.77149194121627,0.00844475686581638,59.2794320584911,1823.272,20.457,6.603,1
"2351","26B.9.4",32,33,2.11058029298602,"No",1823.272,20.457,6.603,"26B.9.4",1552.91477011255,1552.91477011255,1585.9644679783,33.0496978657477,0.00135910890514168,1.20531474561007,0.00367260312833293,2.23195871675822,1823.272,20.457,6.603,1
"2352","26B.9.4",32,33,2.16161472573823,"No",1823.272,20.457,6.603,"26B.9.4",1552.91477011255,1552.91477011255,1585.9644679783,33.0496978657477,0.00139197254565462,1.21253580726263,0.00369460575769729,2.28372032976318,1823.272,20.457,6.603,1
"2353","26B.9.4",32,33,1.22981255089166,"Yes",1823.272,20.457,6.603,"26B.9.4",1552.91477011255,1552.91477011255,1585.9644679783,33.0496978657477,0.000791938214872231,1.05307603658827,0.00320873063275182,1.33586012883667,1823.272,20.457,6.603,1
"2354","26B.9.4",32,33,11.4665212950667,"Yes",1823.272,20.457,6.603,"26B.9.4",1552.91477011255,1552.91477011255,1585.9644679783,33.0496978657477,0.00738387032936499,1.84016989108281,0.00560701154886651,11.6518313326865,1823.272,20.457,6.603,1
"2355","26B.9.4",32,33,10.0050164608577,"No",1823.272,20.457,6.603,"26B.9.4",1552.91477011255,1552.91477011255,1585.9644679783,33.0496978657477,0.00644273378901058,1.77850238482426,0.00541911019179235,10.1841164153977,1823.272,20.457,6.603,1
"2356","26B.9.4",32,33,4.49453464192067,"No",1823.272,20.457,6.603,"26B.9.4",1552.91477011255,1552.91477011255,1585.9644679783,33.0496978657477,0.00289425712757881,1.45603288250374,0.00443654318402305,4.64116105372098,1823.272,20.457,6.603,1
"2357","26B.9.4",32,33,2.13408382206932,"No",1823.272,20.457,6.603,"26B.9.4",1552.91477011255,1552.91477011255,1585.9644679783,33.0496978657477,0.00137424401077378,1.20865643437069,0.00368278527921167,2.25579876285169,1823.272,20.457,6.603,1
"2358","26B.9.4",32,33,1.68318074209229,"No",1823.272,20.457,6.603,"26B.9.4",1552.91477011255,1552.91477011255,1585.9644679783,33.0496978657477,0.0010838848174329,1.13902351045217,0.00347061323439968,1.79788346089807,1823.272,20.457,6.603,1
"2359","26B.9.4",32,33,1.51208638916731,"No",1823.272,20.457,6.603,"26B.9.4",1552.91477011255,1552.91477011255,1585.9644679783,33.0496978657477,0.000973708550056299,1.10890451320715,0.00337884042243733,1.62375604426544,1823.272,20.457,6.603,1
"2360","26B.9.4",32,33,1.48264644946548,"No",1823.272,20.457,6.603,"26B.9.4",1552.91477011255,1552.91477011255,1585.9644679783,33.0496978657477,0.000954750690765865,1.10346712877676,0.00336227267103322,1.59376854538538,1823.272,20.457,6.603,1
"2361","26B.9.4",32,33,26.5161179039805,"No",1823.272,20.457,6.603,"26B.9.4",1552.91477011255,1552.91477011255,1585.9644679783,33.0496978657477,0.0170750632386983,2.26922461244981,0.00691434452364141,26.7446349014266,1823.272,20.457,6.603,1
"2362","26B.9.4",32,33,2.44037167522622,"No",1823.272,20.457,6.603,"26B.9.4",1552.91477011255,1552.91477011255,1585.9644679783,33.0496978657477,0.00157147817909501,1.24986755337991,0.00380835586991971,2.56623668609231,1823.272,20.457,6.603,1
"2363","26B.9.4",32,33,2.45880184796288,"No",1823.272,20.457,6.603,"26B.9.4",1552.91477011255,1552.91477011255,1585.9644679783,33.0496978657477,0.00158334629516381,1.25222071165482,0.00381552596094645,2.58490382817107,1823.272,20.457,6.603,1
"2364","26B.9.4",32,33,3.41176862773801,"No",1823.272,20.457,6.603,"26B.9.4",1552.91477011255,1552.91477011255,1585.9644679783,33.0496978657477,0.00219700958056489,1.35907959737191,0.00414112579236317,3.54863158399967,1823.272,20.457,6.603,1
"2365","26B.9.4",32,33,4.70785165671836,"No",1823.272,20.457,6.603,"26B.9.4",1552.91477011255,1552.91477011255,1585.9644679783,33.0496978657477,0.0030316226925816,1.47300999073417,0.00448827256095486,4.85618770879705,1823.272,20.457,6.603,1
"2366","26B.9.4",32,33,1.27636146933306,"Yes",1823.272,20.457,6.603,"26B.9.4",1552.91477011255,1552.91477011255,1585.9644679783,33.0496978657477,0.000821913406902911,1.06290248234002,0.0032386718871335,1.38339859668911,1823.272,20.457,6.603,1
"2367","26B.9.4",32,33,17.5079750768751,"Yes",1823.272,20.457,6.603,"26B.9.4",1552.91477011255,1552.91477011255,1585.9644679783,33.0496978657477,0.0112742665687996,2.04554472649736,0.00623279022267059,17.7139669105949,1823.272,20.457,6.603,1
"2368","26B.9.4",32,33,7.57522368004624,"No",1823.272,20.457,6.603,"26B.9.4",1552.91477011255,1552.91477011255,1585.9644679783,33.0496978657477,0.00487806789261023,1.65900947077909,0.0050550143806905,7.74229037803507,1823.272,20.457,6.603,1
"2369","26B.9.4",32,33,3.19715563313513,"No",1823.272,20.457,6.603,"26B.9.4",1552.91477011255,1552.91477011255,1585.9644679783,33.0496978657477,0.00205880946892108,1.33718330102723,0.00407440761211419,3.3318135736974,1823.272,20.457,6.603,1
"2370","26B.9.4",32,33,2.9653404635193,"No",1823.272,20.457,6.603,"26B.9.4",1552.91477011255,1552.91477011255,1585.9644679783,33.0496978657477,0.00190953201076475,1.3122562229504,0.00399845461704912,3.09748818054268,1823.272,20.457,6.603,1
"2371","26B.9.4",32,33,1.5752693367973,"No",1823.272,20.457,6.603,"26B.9.4",1552.91477011255,1552.91477011255,1585.9644679783,33.0496978657477,0.00101439523090061,1.12031126994354,0.00341359689631836,1.68808768285607,1823.272,20.457,6.603,1
"2372","26B.9.4",32,33,20.5635429394508,"No",1823.272,20.457,6.603,"26B.9.4",1552.91477011255,1552.91477011255,1585.9644679783,33.0496978657477,0.0132419005442007,2.12948451123095,0.00648855538038307,20.7779877343576,1823.272,20.457,6.603,1
"2373","26B.9.4",32,33,11.7256928565466,"No",1823.272,20.457,6.603,"26B.9.4",1552.91477011255,1552.91477011255,1585.9644679783,33.0496978657477,0.00755076394546542,1.85048099243379,0.00563842955251752,11.9120412496946,1823.272,20.457,6.603,1
"2374","26B.9.4",32,33,3.2104428399136,"No",1823.272,20.457,6.603,"26B.9.4",1552.91477011255,1552.91477011255,1585.9644679783,33.0496978657477,0.00206736577029331,1.33857045650326,0.00407863428532076,3.34524047074833,1823.272,20.457,6.603,1
"2375","26B.9.4",32,33,2.77805109465869,"No",1823.272,20.457,6.603,"26B.9.4",1552.91477011255,1552.91477011255,1585.9644679783,33.0496978657477,0.00178892695730967,1.29102620411597,0.00393376658940334,2.90806089191284,1823.272,20.457,6.603,1
"2376","26B.9.4",32,33,2.39073482448654,"No",1823.272,20.457,6.603,"26B.9.4",1552.91477011255,1552.91477011255,1585.9644679783,33.0496978657477,0.00153951451199943,1.24346295655831,0.00378884101505842,2.51595487529557,1823.272,20.457,6.603,1
"2377","26B.9.4",32,33,1.74800822993865,"No",1823.272,20.457,6.603,"26B.9.4",1552.91477011255,1552.91477011255,1585.9644679783,33.0496978657477,0.00112563050051482,1.14983591128598,0.00350355870135896,1.86379978647348,1823.272,20.457,6.603,1
"2378","26B.9.4",32,33,5.37757212377108,"No",1823.272,20.457,6.603,"26B.9.4",1552.91477011255,1552.91477011255,1585.9644679783,33.0496978657477,0.00346288941754435,1.52281294846259,0.00464002254909678,5.53092346710899,1823.272,20.457,6.603,1
"2379","26B.9.4",32,33,9.9547956814437,"No",1823.272,20.457,6.603,"26B.9.4",1552.91477011255,1552.91477011255,1585.9644679783,33.0496978657477,0.00641039410084443,1.77626634662609,0.00541229696652355,10.133670460947,1823.272,20.457,6.603,1
"2380","26B.9.4",32,33,6.49438374734133,"No",1823.272,20.457,6.603,"26B.9.4",1552.91477011255,1552.91477011255,1585.9644679783,33.0496978657477,0.00418206064642596,1.59637341527818,0.00486416184676366,6.65514282674697,1823.272,20.457,6.603,1
"2381","26B.9.4",32,33,6.0586440077072,"No",1823.272,20.457,6.603,"26B.9.4",1552.91477011255,1552.91477011255,1585.9644679783,33.0496978657477,0.003901465891311,1.56889492717066,0.00478043468607547,6.21663592974893,1823.272,20.457,6.603,1
"2382","26B.9.4",32,33,3.10682640094422,"No",1823.272,20.457,6.603,"26B.9.4",1552.91477011255,1552.91477011255,1585.9644679783,33.0496978657477,0.00200064192880273,1.32763669267132,0.00404531902439004,3.24052297247088,1823.272,20.457,6.603,1
"2383","26B.9.4",32,33,2.88702458170983,"No",1823.272,20.457,6.603,"26B.9.4",1552.91477011255,1552.91477011255,1585.9644679783,33.0496978657477,0.00185910047175389,1.30350475703401,0.00397178883434044,3.01829100267134,1823.272,20.457,6.603,1
"2384","26B.9.4",32,33,3.75485481725422,"No",1823.272,20.457,6.603,"26B.9.4",1552.91477011255,1552.91477011255,1585.9644679783,33.0496978657477,0.00241794005023345,1.39202901409685,0.0042415229138466,3.89503586804749,1823.272,20.457,6.603,1
"2385","26B.9.4",32,33,1.67292499222014,"No",1823.272,20.457,6.603,"26B.9.4",1552.91477011255,1552.91477011255,1585.9644679783,33.0496978657477,0.0010772806237775,1.13728449241432,0.00346531443331117,1.78745258725089,1823.272,20.457,6.603,1
"2386","26B.9.4",32,33,1.58809873071366,"No",1823.272,20.457,6.603,"26B.9.4",1552.91477011255,1552.91477011255,1585.9644679783,33.0496978657477,0.00102265672352293,1.12258536133024,0.00342052606993987,1.70114608386709,1823.272,20.457,6.603,1
"2387","26B.9.4",32,33,40.2952911492681,"No",1823.272,20.457,6.603,"26B.9.4",1552.91477011255,1552.91477011255,1585.9644679783,33.0496978657477,0.0259481665863398,2.519495427515,0.0076769215863435,40.5490110882358,1823.272,20.457,6.603,1
